-4.2429406201577926 -4.2025763951668411 -0.019869226113993263
0.90561475572597827 6.8305895410777895 -1.4135799682378996
6.9114276170733113 9.4881769544075141 2.0458722705079455
0.87466732196879293 6.8003346841786678 1.3617863239492161
12.105797581296253 14.61794966322714 -0.050772429375711706
6.8246144838985892 9.4388925385811078 -2.1011698039263034
9.5275608687717668 8.6338365092569607 6.1528190469308468
9.5218972268454323 6.1667066919194449 8.6279570253901774
20.977361334854091 17.801006555769074 4.6616835915959376
26.736260803184148 17.776274933328473 12.372860238119783
20.904578912889971 17.787418867469626 -4.7492240119056319
32.444767026849526 21.194734197787543 -0.05865397917973468
9.3484551804955895 8.5869996022507316 -6.1859365981254246
26.592335395818917 17.766912980448865 -12.445947871667872
9.358646634595388 6.1550720638137157 -8.5784134450334388
6.9281925139290079 2.043498585604909 9.4677195538654288
0.92533455502430706 -1.395165884035136 6.8021359424284995
26.741513294837059 12.356659104248449 17.773509204314234
20.93797344180485 4.6575879396837001 17.765550646882676
35.766558260126068 14.153630165663699 7.1402537224080307
35.847246490902556 7.1948420914245377 14.206985246017501
35.738813296538886 14.165071507713359 -7.2325522865284988
37.71741921222528 6.3881709867853731 -0.051441357208110362
26.610568052009764 12.450646779594683 -17.818449710684249
35.734275366847186 7.2181988546474711 -14.175126628250721
6.7852974389638314 2.0661487503481064 -9.4355494912986853
20.851095418803663 4.737320083193203 -17.826632605893934
0.8226161875310356 -1.3672027245039888 -6.769090034862006
-4.1846019119632372 0.024668108537713181 -4.1847587892036717
12.106418704136361 0.027355115210344554 14.588134727946098
0.97261886451248514 1.4589572815172909 6.8103962603834916
32.56930920752206 0.063707116382866344 21.267628221442273
21.020620845323357 -4.5901639176514824 17.835172334374221
37.71763227680318 0.025741215532881574 6.371951458157608
35.8473700171606 -7.1065098119896648 14.132184795426493
37.687440022847433 0.014942026528736172 -6.3911790448507864
37.779798527802129 -6.3652171855083175 -0.069063146671325404
32.495004134587518 0.026143751700828506 -21.228051270003231
35.702257519659284 -7.1572338838894538 -14.127878248448068
12.024071103218972 0.085497118196073724 -14.599702124881762
20.938463797734151 -4.5808838083579486 -17.76692836073649
-4.2482108925822368 0.02832380978854886 4.2250122737481535
0.87583678169831858 1.4499686090605095 -6.8208424326122348
7.0171163351023154 -1.985115974935348 9.4732964318667783
26.822186825159388 -12.340148983784644 17.790976353630878
9.6304028031970219 -6.1303577727457368 8.617636555098116
35.813823805043299 -14.113075529043535 7.1183597626043786
26.843500012238973 -17.76677179276853 12.379754579353655
35.839199458197342 -14.168495233285968 -7.2403350450063799
32.580349440563793 -21.204932153388647 -0.065267302204718741
26.772048896526705 -12.283024347950784 -17.720170535308224
26.791605516564506 -17.664638793202858 -12.314976953425763
6.9646156574851554 -1.9769889734721711 -9.5359601197696264
9.6198764194025941 -6.1190606586539165 -8.6509820945238491
9.6217221945856863 -8.5921555063421131 6.1696880391704738
21.033922664435718 -17.768825280921689 4.62723138808194
7.0264658404558151 -9.504233080845486 2.0265506782094129
21.055194015738518 -17.698299790238014 -4.6518207834632097
12.213649767680408 -14.605341271931634 0.0086383183829743821
9.6467618960268489 -8.5988898234767941 -6.1680132818748277
7.065924768802673 -9.4677523011581055 -2.033981632502325
1.0107191427280806 -6.8464699487431622 -1.3950739169274744
1.0406535924811233 -6.8454816659890847 1.4100007676082129
-4.1326593033428347 4.1346688159941491 0.0076333845110058141
6.7122759413017157 0.90493380504848908 -1.4267873763945316
9.393951780314266 6.8409511661782894 1.9912478969511103
6.6792436087532767 0.87207107800313699 1.3823325723699715
14.522826262058889 12.010482263578961 -0.060274063119563903
9.3387847936825068 6.7297961026953761 -2.0365188372690315
15.500138911560565 12.512232775054418 7.2718125277146131
12.422604403698262 15.617105391294187 7.2479946165761318
15.345369235157522 15.41044372782374 12.761522025178694
11.746246653209948 11.864118474666332 1.5623973135897296
23.559321879888909 18.598155672353126 3.9386815968886464
18.486251335357057 23.744787312811049 3.9197893657826559
27.564973644742587 27.790351318604358 13.134788311520635
16.457550442171598 16.628388361966316 -0.051722730035351494
23.582711022843132 18.608110653495853 -4.0535192183826929
18.511872469923279 23.796829303200049 -4.0547312376158029
40.658163944119728 40.933240526961171 -0.11204369722899375
11.67829948076945 11.801291110967256 -1.6265915253069376
15.403438296799848 12.419351519852562 -7.3372213479788995
12.311357337456061 15.480744022113415 -7.2777800153974619
27.688015195732493 27.869006509557391 -13.308510823759592
15.256196869776595 15.359493438616463 -12.709606041184635
15.599273514931829 7.3324126856448695 12.496683000224671
15.446194638630674 12.822549767000121 15.425654680674164
12.475401883397067 7.3158350907965897 15.546748802652772
16.741518413525618 10.848414312369483 10.862786064790713
39.430507402888459 20.857389512037557 20.868785803972731
43.855273382381391 35.167629169613178 28.636461609245718
44.063447054312334 28.778734114965928 35.21848964185584
32.621893794108061 20.72007933030271 11.998962201994416
50.715220630123149 28.458462959651403 9.661895415742169
51.644245523884315 40.983787293797448 10.527878772628961
49.024837220191039 30.027239835558063 21.533548122554027
48.639683084675077 32.592077428186855 -0.11625558167408824
50.361258039504364 28.273067539295266 -9.7128555085507564
51.530540257062839 40.855841153018702 -10.624026758091327
42.232430464635044 24.890125466981036 -0.16950470733513176
32.593214932919643 20.724936327579083 -12.21559521050319
39.84011287849362 21.179039733381995 -21.203908695602504
44.899412860590587 35.907872974486807 -29.325016187550894
48.709919335062295 29.758164681999151 -21.466913209351716
16.569423170063374 10.771740469189488 -10.741781522910623
15.397970450839292 7.2611108067222681 -12.382532128500017
15.250661607061648 12.762073463140805 -15.346223321940551
44.712946760440047 29.15948014566289 -35.723959865636118
12.329034988443915 7.2909531477119183 -15.486973521111121
6.7923181638840564 -1.3986373398208412 0.92351798032108579
9.482451919520372 2.0249276553700546 6.9376271247650934
11.863130778332962 1.5712996558086247 11.860224196207305
23.731044324259408 3.9933202285585363 18.600063880705299
27.671299966929819 13.104473521494151 27.703740195005857
18.602893116619377 3.9884419143465495 23.732701160111489
32.736205409433268 12.011879874923439 20.744550161014082
50.496775484087948 9.5951740552756668 28.287291901654502
48.972441614328467 21.496798636893342 29.869707366071353
51.862654483743917 10.590394865924777 40.992400609503612
49.280644365372709 19.018474584684292 19.048557062835179
44.503540058650685 7.3944592840494243 7.3212095149906098
29.752574581753741 10.947999120594671 5.6020739151008732
29.895257269208233 5.716716919838924 10.86852749390814
46.741481813801641 16.31231767263975 -0.10005709530124958
44.4827981629494 7.4248103070383138 -7.4415700899138058
29.571393793509504 10.924494316404243 -5.872182870923023
13.549821689721984 1.7820246314891088 -0.17648235080778996
48.951826656152789 18.970448524968017 -18.951603258875874
50.600777714036347 9.7265261333402595 -28.443047541046283
48.724540567335303 21.483960265956664 -29.795093288861334
29.61898184324038 5.851519266250075 -10.928453110939939
32.789671265466332 12.168981362032259 -20.894309964487093
23.602997004873782 4.0408719604389827 -18.610691323506813
27.709719341620939 13.212644824175323 -27.799293410403919
51.518201378847721 10.649707507544267 -40.856833860853499
11.728158288263622 1.5784706215698838 -11.767723329356643
6.7168738674796753 -1.3705941778159962 -0.82755587198635794
9.381667143245199 2.0484692898752326 -6.7578165638743251
18.554616843005338 4.0060100213203427 -23.68504497924236
6.8388319323676603 1.4747811439524179 0.97667164795198613
14.658066836229404 0.07552925156342262 12.154614884333842
16.634432595274838 0.054295497429432391 16.605265698798284
23.770789597939149 -3.8610496437866284 18.559065491977709
41.006771443118645 0.058707650079642057 40.994643722020328
18.57324085037142 -3.7937531642291482 23.643163911271518
49.143694442385332 0.084841637993668978 32.892961536417644
50.566645968166583 -9.5019904253599492 28.336063261498438
42.308587068448503 0.035132043506017001 24.829898949294833
51.848549592829876 -10.450287219122297 40.993589482217345
46.886993101323775 0.047420950140766215 16.328928456457469
44.485753271362434 -7.3009572174397892 7.322490891739923
13.634502209033013 0.038467504090184797 1.6442970932047642
29.681727702913712 -5.5915726588041208 10.831252642025289
41.547574933913843 0.071521406328045406 -0.08627678571775324
44.642731044038662 -7.3286646764743857 -7.4323163426638263
13.593653222790914 0.14214242592335471 -1.8112747990377935
13.682744275601873 -1.60254870866375 -0.073322073196701282
46.823922933904356 0.075007941799234132 -16.345770453657561
50.697817060501933 -9.5801325388104264 -28.415193007041946
42.153584185567496 0.15170618372642969 -24.83552999703814
29.796375125174247 -5.5643878535183857 -10.980073402276105
48.75580980710297 0.12871710991653459 -32.757937792269331
23.554064457695162 -3.8399179104346399 -18.637603302543173
41.348710208989573 0.097292582503106129 -41.509625702525312
51.647086148515122 -10.400534883967325 -40.966600748256596
16.455731756102939 0.063952458156841752 -16.56282386511705
6.7269377614046517 1.445771112834296 -0.87841336184889862
14.506521084689172 0.033924884157190902 -11.942698062098779
18.56132124298006 -3.8941744555298738 -23.78266920650427
9.5420251203102922 -1.958473422876325 7.0723904935462203
11.963940472298715 -1.4925890916935836 11.893894193107812
15.730608669172447 -7.2478285356121246 12.484145106920382
27.595550307236067 -12.925578380723676 27.47114471150644
12.560540363298237 -7.2561139316831946 15.613144515735225
32.701087921435636 -11.92245045901111 20.691809778115978
39.699386361889495 -20.980551783631228 20.975125020762729
48.91914862216975 -21.415517465816706 29.823215502294627
43.839994955053484 -28.57716720924908 34.98030570455424
49.093721470616174 -18.884057145158803 18.927316216795884
50.48187081598553 -28.326712625106087 9.53710043055165
29.844439424589655 -10.789527386809109 5.7129900914550564
48.957031347176361 -29.864665087510435 21.44988252478915
46.749375195505706 -16.232614448508805 -0.076063888509677685
50.617873777778634 -28.239317946049329 -9.6281532650932427
29.974824238983079 -10.820066194790803 -5.8217046988629342
42.424674397348596 -24.871631052217644 -0.058747279838992694
49.274508829550655 -18.895982405591258 -18.948431272983516
39.385142265356706 -20.737021951154436 -20.819152655279982
49.095319277595223 -21.463917439192944 -30.055034192695636
48.958464742011557 -29.802784031298817 -21.475540200828586
32.486774581491169 -11.839622515246727 -20.656998501837343
15.543257366021829 -7.2499829006970362 -12.580547629292415
27.606645842884788 -13.017844901562162 -27.821875248749492
43.599886052084159 -28.468892301579089 -34.986161047623803
11.773974257582369 -1.4953312375795809 -11.899170112637499
9.3883806162599512 -1.9656993217745853 -6.8435538776647133
12.399171507817597 -7.2140162577843423 -15.6510699439077
15.441756483721026 -12.781051785245779 15.340067154779248
16.83836680352665 -10.755245740307178 10.781220977257293
15.656256758521398 -12.510798517992576 7.2534050613215095
44.04527514021342 -35.137874190117707 28.674752307726159
15.377197309175758 -15.393260065669322 12.731854318606031
32.676001565773085 -20.688579777242449 11.966855367317949
23.675756141674707 -18.556579645967879 3.9330898303153048
51.819682523549233 -40.994553628768465 10.56957513842173
27.734161681939511 -27.812055129479614 13.116486305670767
48.918233901556171 -32.583635315369968 -0.050204863964756256
23.65900508199465 -18.468480557703696 -3.8950997002180099
51.917541327067319 -40.987222244392804 -10.59753661042982
40.729628605189902 -40.693425863007185 0.048859151533609688
32.489720530939792 -20.503106749374723 -11.874613944905986
15.626342482349445 -12.495852655255513 -7.3535375326205141
43.603600106492294 -34.85438845019543 -28.665140483414881
27.581184754335009 -27.628858620518546 -13.094710977561734
16.763884134788544 -10.795649764694582 -10.881328802523447
15.281848875583771 -12.755063241191664 -15.467416641411553
15.291205969878954 -15.379806624343859 -12.881629331652672
12.460917160756559 -15.635986540895249 7.1971042929818401
11.917592598501319 -11.932496610582525 1.5820333356981677
6.8426372254137666 -1.0188623561450851 -1.388064689342942
18.468847173709936 -23.677945538256722 3.9671826093105769
9.4791112664339447 -7.0006453458276017 2.0192613193115956
16.634334271930456 -16.607613200245336 0.041862212920721044
6.8465906823217164 -1.0373280602288 1.4040098940440071
18.495128709319385 -23.682101540658415 -3.918912454936283
14.545182592790322 -12.177185944331598 0.035697569841955698
11.914682929900295 -11.919552753568921 -1.6071424505122203
12.439262424217558 -15.638401458852524 -7.3604181378895799
9.4630450807759345 -7.0541327668451537 -2.0507909651700036
8.5898896406537766 9.4184166993197866 6.0925693652778872
6.2071871109613665 9.5059618858371611 8.5039773462007009
17.799870127127978 20.853097323201546 4.6126557962873598
17.795375310413284 26.645410755026212 12.359963360124866
17.872996400088059 20.788243262623279 -4.7196716696354004
21.308311335196613 32.475901829655456 0.0092677460016119782
8.583869646632321 9.2618743297044297 -6.11843606403741
17.896876574012797 26.534988726538788 -12.414729360241694
6.1903907330650068 9.2910381678922302 -8.5797750714133709
12.850546249631426 15.389376406679119 15.325603449541335
7.374152144428054 15.589435668529138 12.396576606164817
7.3518619864770436 12.487958985122132 15.58327918916553
10.823787171903284 16.738124112674974 10.705746237380652
35.529666117749343 44.499883902892243 28.916201764070564
21.095296455677179 39.617848016805951 20.907422108111358
28.896291657031504 44.183432547704832 35.153060621785137
20.897617371137791 32.913598295909139 12.056618481971707
40.908803165207814 51.729462688109784 10.513808069838024
28.33040979196608 50.565589000450942 9.5572055308422108
30.058712385015983 49.206208546042326 21.496082253267147
33.178656686075598 49.441687575266769 -0.066568533181116163
40.91293249379072 51.632261665761902 -10.635296429948029
28.169512505351374 50.189405707618654 -9.610506516921216
24.8420856878984 42.20631784171983 -0.10555464202351925
21.072189873735251 33.137699603781897 -12.270079192175826
36.015299084574934 45.104426931461639 -29.356540029588601
21.25812676425544 39.840621584385275 -21.198597743358246
29.828753358048218 48.880898330833112 -21.493933273346141
10.755913926824123 16.597391959772374 -10.741843546875851
12.698060021166805 15.328665642377088 -15.298164973610657
7.324243292366309 15.444343866263194 -12.401090494490742
29.172216001642767 44.735294015560136 -35.771381669648697
7.3031322024919065 12.379442315280478 -15.43035550282961
8.6316618712180304 6.1629581281763208 9.5512714169064878
6.1929810476950964 8.5951716448996738 9.5900509345852338
10.906130880166907 10.818020588001577 16.751758353073022
35.506863615957457 29.010364933446844 44.362376838771517
28.690798478268569 34.997472983120559 43.739342735349062
20.921018846195622 20.805707676571672 39.413408287619987
43.48048600137588 43.502316863418699 43.407429446864818
37.314498024753945 28.392093108677528 28.217492499039437
28.360963533475744 37.371294658406534 28.240182629951629
28.371274256789718 28.428669302026442 37.340573204002503
39.036146146033836 39.122983090347354 21.613039050737058
10.372177205791667 6.9436551580332049 2.9766435793914865
6.8530934861547186 10.447248944729392 2.9420537661660568
-7.2706918756158503 -7.2097672205087946 -4.6839181680874038
31.228942102068654 31.317267487342477 -0.16040577311165655
10.131954811368832 6.6595361156512727 -3.2627313380818981
6.6656766900201836 10.195158738713468 -3.2380373106969547
-18.992797973856749 -18.97671123980669 -0.35377039137039712
38.932343391401368 38.893283101660472 -21.628802012952118
37.005088357716929 28.052057522166852 -28.087370908546131
28.055079777885243 36.996254087523845 -28.107214526060346
-7.4923345726085948 -7.5449807620732834 4.58726559656911
43.308501356357809 43.268465433388826 -43.335678637508117
35.671273468291751 29.117134099600403 -44.720865324325118
29.269568540007729 35.90600688087153 -44.883279789701142
28.139120399284696 28.138424148194606 -37.078342382305131
10.749848610688295 10.763649771795581 -16.664115464129118
8.5430018400011711 6.152438499224206 -9.2707137461576519
6.1888319279141886 8.5626904647611539 -9.290463113345405
21.357049513810516 21.288059706298242 -40.006858645717486
17.861305164657082 4.6846363063489571 20.994564010310192
17.730277167060155 12.374557909988001 26.77572917227555
20.779181050116826 11.982065219364326 32.709258015129599
41.018588577408131 10.600860476641238 51.788140504406769
30.084006737428187 21.628721956026371 49.239853162933223
28.399794367284894 9.6830765533218077 50.675254275972264
39.090997685481767 21.683075648799818 39.067125320444859
10.483194026373123 3.0827909411528704 6.7761043224040822
-7.2590113974019275 -4.4986236658825893 -7.3564947392932112
6.9104101385642993 3.1437796964334797 10.397335443048936
1.1936175359043282 0.40801489626140253 0.19924364928513125
-23.474829826578144 -5.8342375275641434 -5.998053607341733
-28.486017582730494 -18.746577496489934 -8.8576329858576344
-28.444326063130841 -8.60487970766264 -18.912411245108029
-16.904872105461834 -9.2283350884799642 -0.33210028269844954
-23.523527246404019 -5.6399727730763543 5.6374953661030354
-28.692131375225312 -18.865643844793205 8.3734669623028957
-36.162206988115443 -11.230407823625935 -0.36267779491434771
0.82006703286615834 0.26639133590486774 -0.31240483042616624
10.086067242772746 3.1756828285080174 -6.6837142270639536
-7.5028565794553463 -4.5942956182433088 7.5491889829230416
-28.81469830745554 -8.5228258120963378 18.910794933633113
38.983478248148515 21.685236853964714 -39.02812433692376
40.793471471050843 10.662128351003421 -51.514330645289938
29.843863937349102 21.475643140289634 -48.815470795287602
6.6391844090414507 3.1565742524114033 -10.236323495117331
20.908972839229651 12.225329235452433 -32.835646717519595
17.78678017635098 4.6917642305540328 -20.806748515895279
17.830223465300058 12.43511097449333 -26.562634977434207
28.279323571627547 9.5919890259733958 -50.456024906853813
17.790062383710485 -4.5543618866029334 21.029370074163815
21.215863878958803 0.059002464050647442 32.530984716971453
32.567357706065309 0.092866064401330981 48.6900186179953
40.959503000813662 -10.435967384135189 51.77036068095142
24.957501093935125 0.038869461530437292 42.402212530620041
28.474678187216565 -9.539663370726732 50.747240699735713
31.300065966613353 0.076465000257500235 31.222099708049637
10.430143434281494 -3.0291805248732855 6.7513601382128341
-18.796875446561295 0.038836365000418753 -18.961934306706329
6.9311041666682218 -3.0931961076799581 10.409001658699431
-16.701491657041682 0.021820756142107069 -9.295921784787387
-23.43252395603362 5.9631594664558367 -5.8930323472739525
-36.245245977945991 0.074624325659903165 -11.545460772728205
-28.457459134345839 8.6618537105583044 -18.899218036984369
-27.201861998159323 0.13958183611876968 -0.11984464432660218
-23.547961217760765 6.0296884763602776 5.6863889591587915
-36.299479828532903 0.26925229462882783 11.090874854557683
-36.355272116733019 11.506166972668298 -0.16760470592783044
-17.047474112098396 0.21365522739174747 9.1886126200626492
10.177798414536422 -2.8993365489205445 -6.8552001192042304
-19.041174361455194 0.17658804703781864 18.906941390770921
-28.677809005847735 8.8324783933359399 18.63669604492846
31.13926250995738 0.16253438677228638 -31.218534578986752
40.821189565138191 -10.471212699938148 -51.675469903848381
24.726579072625707 0.10162724170400017 -42.223709088047343
6.5633128215251499 -2.9445627569804662 -10.307426211611997
33.097272715834791 0.057651290046837882 -49.302963870749991
17.81506805294697 -4.6275134811899408 -20.859214973063953
21.283586935762358 0.078884990400385643 -32.559866272045689
28.184827474077704 -9.5239332758651365 -50.294310263259277
8.6368877904761447 -6.1333753607682402 9.7360072569337159
17.760471914932765 -12.32146848292254 26.894519284722211
20.528634076352716 -11.754593240547745 32.44907393680549
34.597659180443948 -28.313102628310258 43.219335598167774
30.050452793812934 -21.548375790359632 49.061289966450495
20.610582795025316 -20.612694627278721 39.174306197561648
39.04996753428204 -21.644213034422215 38.994360114881921
37.183610123479305 -28.259969846625367 28.272597203147352
-7.2826670276448509 4.522059201188263 -7.3993884338614366
28.33910965899204 -28.377553826454047 37.255058297150612
1.1406638604499295 -0.28588227811192984 0.33951289140570196
10.299585369527501 -6.8930321353681059 3.1049755995692809
-28.330470727253797 18.59162809852068 -8.5934062111357292
-7.4788594394708756 7.2424027113858394 -4.6344840635331455
-16.839918224510278 9.3597492958519624 -0.095257418634630664
10.265728666874617 -6.7424471481280266 -3.2316520647873936
-28.544356777129522 18.796135428756749 8.3621602619793816
-19.051549323184545 18.83645212495497 -0.011800745666287598
0.93043779107259916 -0.17578835815526639 -0.36342623642980687
37.222624216249436 -28.249753977940092 -28.43829465522338
-7.533993937817236 4.7372975073226078 7.2359688718263229
-7.5488306086217092 7.4415094943186908 4.5265670539502949
38.836053231946423 -21.568095547688369 -39.058705448923831
35.0132341779318 -28.65854600118001 -44.072336968244208
29.674439799606073 -21.371599061417051 -48.77344897803053
28.1740009414717 -28.22160271657992 -37.297225396030811
20.805296360857877 -12.00441880017957 -32.798333772262048
8.5801714506918678 -6.0979539270766665 -9.458671564855619
17.795041803489084 -12.36920584807433 -26.653316921648418
20.899901491217506 -20.88348766873121 -39.501839675952219
6.1510399691711157 -8.611996162498647 9.7214912313349355
10.843484575993106 -10.846257212323101 16.825422018283607
12.79632856612951 -15.420238914770396 15.329448438083833
28.461955510196177 -34.723263430516347 43.328111120288469
7.3266268422725034 -12.507544405395082 15.62297528130247
43.410141869589133 -43.45113113451427 43.419516832277722
35.185031782817894 -44.152892059656153 28.757040835273472
28.175590241453261 -37.254718685995982 28.209769256486215
28.74051411551909 -43.996890710983379 35.079491362367058
38.952121125343425 -39.036776570783971 21.62169583343162
40.970832953479047 -51.749202868710775 10.575395650830083
6.5850448683317575 -10.293148428892309 3.0425990557415679
29.819073026949113 -48.964544704651814 21.486864398621965
31.096252936028826 -31.214555627924607 -0.0074752167939965888
40.785884008718064 -51.62021100889185 -10.53600916162056
6.5845238322210022 -10.346380599827967 -3.1256304652420557
24.600845316474935 -42.069470950725915 -0.0086932226234193912
38.94135377297652 -38.996234757790866 -21.704360635670422
35.046687975266195 -44.023663191221431 -28.816933642706516
28.067001441005925 -37.171360327839103 -28.349885791828381
29.781735572933531 -48.986570770543558 -21.546899077909437
43.235692907125056 -43.320123250848418 -43.561033461288275
12.697652801306539 -15.351494973064968 -15.462273331455988
28.796164886157658 -35.261500370974559 -44.21697943084321
28.813968479016111 -44.284588352751925 -35.547764943809725
10.717254260801218 -10.732948444195696 -16.740659718120845
6.1205045190298168 -8.5615013159052022 -9.4687129929886602
7.2318850573074096 -12.416424573142081 -15.569417480914163
7.3556068179446861 -15.669216393319925 12.442318179433274
10.763676123701741 -16.804086573702556 10.758084415086289
8.6024112683270761 -9.6032450979337298 6.1057201723926582
20.95289452381051 -39.683811102510319 20.906227401176334
6.1912206575119981 -9.6540420264807185 8.5707034270643554
20.804543766337765 -32.828592489404713 12.067900657457177
17.863096694390432 -21.042331686816464 4.6603641507751234
28.137196144938684 -50.309256585412157 9.565392633800947
17.764181700745226 -26.784652494070805 12.395451548786943
33.240484433179873 -49.610203394314588 0.038261274215069641
17.819490918048132 -21.04433216867902 -4.6499407801357293
28.128509045787979 -50.184046454627371 -9.6061739840870093
21.17829465571053 -32.534332619552117 0.021656244114170151
20.61346009083104 -32.720791430970642 -12.072007641681198
8.5423604324555953 -9.5946179131328719 -6.2178118359477175
20.893177516273088 -39.734777661960067 -21.087368173791745
17.759826794559849 -26.803570226675333 -12.468594537318928
10.718023429362509 -16.737288139756178 -10.883139308639693
7.1942553201231565 -15.522399424622707 -12.466551019222301
6.0701525275326258 -9.517939891403941 -8.6462246896699924
2.088478071519098 6.9982670881540887 9.4125825014306148
-1.3759674888266553 1.0300232409309762 6.83652044596825
12.388734490084993 26.717263598675903 17.662446372364418
4.6564455343856981 20.99603946268326 17.629418475901726
14.097122680686992 35.67784589595621 7.1689442793550509
7.2070936264502619 35.908426894761007 14.184041070682184
14.170248724786168 35.654648589129074 -7.1643612073011811
6.365334174747967 37.597056180334754 0.022190861750475889
12.482881233298997 26.589697384228998 -17.823300226701623
7.2110640396207479 35.634867292753185 -14.10629951101585
2.0979232204126101 6.7653594949036036 -9.4264285949376436
4.7417871997891403 20.86222851013861 -17.847745559271917
-1.3485825928370532 0.85756355842833976 -6.7645882320828594
2.0455075657915271 9.4676056013770342 6.9981485159015664
-1.3839394188274878 6.8017594489824393 1.0134791310353102
1.6261188924736065 11.852793292418275 11.866435499206373
13.130223143695106 27.679198692532154 27.577169141496018
3.9567698726059435 23.608709845593172 18.448186065990338
3.9373743412457491 18.525979221551797 23.717644848701038
12.059069067189933 32.593683182997623 20.564837305528126
21.548773605915081 49.09884283235079 29.903260660694006
9.5892596127666643 50.581391813309679 28.159966621337304
10.600817463812866 51.888008988614864 40.942533211441472
18.934327416391366 49.224776273770487 18.897745174159336
10.912890026866352 29.946628678175649 5.6453786282093485
7.3365419754957175 44.568384126015403 7.3237930146357657
5.6557219057333921 29.949642400338075 10.804263010633958
16.307446407642402 46.749658037196056 -0.032939938656821585
10.916838597813825 29.628674338216282 -5.8812117653889882
7.3925806572606341 44.48831879169272 -7.4061267103467721
1.6781929034433367 13.712456897458607 -0.10217304844194897
18.896240124341048 48.806037832326354 -18.881186778420233
21.566242104478299 48.928230783840789 -29.945859368241184
9.6179022362377342 50.215199629798384 -28.201094203456712
5.7607939669628809 29.554839906486112 -10.896300193999471
12.190085436383173 32.705298384362038 -20.867188779727737
13.280381321707839 27.728437687123431 -27.758693464428788
4.0837575051489159 23.638446978051419 -18.556490915342458
10.610783388688526 51.569318497212038 -40.877768068111266
1.6429661065089618 11.736585619268746 -11.746595042321774
2.0790970956462518 9.4109876721199708 -6.7625665069180512
-1.3502656510253652 6.732520183525784 -0.84342090867922725
4.0531445721250456 18.561658070444132 -23.710750098857957
12.352872179460599 17.693337411381503 26.768897610425938
4.6294340064388164 17.736942937336398 20.999150786959202
11.903616499065178 20.558586219630612 32.461962981978843
21.524769739735142 29.954076772022393 49.068067082798692
10.568332868337713 40.852810440009179 51.606435570271906
9.6468279409983335 28.295891508246793 50.668919415747546
21.736382813114663 39.147777674053977 39.072508852903731
-4.519103469227792 -7.2300650420722592 -7.3357329301271452
3.0537169046765542 10.468598097737425 6.7331619296523693
3.1172243168148057 6.8832455960867156 10.394298271123017
0.32045834992295341 1.1705410364267603 0.21053569174222631
-18.808179926168521 -28.460899425620621 -8.7861681508891341
-5.9302605532543309 -23.423493810462762 -5.9652038543793342
-8.7032379471009271 -28.315076734173861 -18.924940325997401
-9.1934693007187764 -16.814432264615238 -0.26680843012694616
-18.775019016806329 -28.685270729480496 8.2969660047605593
-5.787283679773946 -23.708818219986497 5.5996199560408275
-11.465901228664924 -36.296995798074043 -0.2808861653720478
0.23199900917953389 0.81618968563440308 -0.32139843962125692
-4.6800580771296776 -7.4759546785926485 7.4983898266864148
3.1361109941849246 10.085409921544587 -6.6353527987898264
-8.6135813118344426 -28.899818914534055 18.813108982527535
21.609394458145829 38.944829302606628 -38.885831796125927
21.500566070454493 29.867720880334332 -48.927602554186691
10.601265930670509 40.866352222746706 -51.515171514743116
3.0958429254550932 6.6144766151613297 -10.086450308029335
12.218559367644417 20.901841122198267 -32.808372321339284
12.48051052795681 17.819887778700746 -26.565901775590092
4.7328618231890989 17.852445191589059 -20.821276096054309
9.6524118020344023 28.273447104831693 -50.328238687307113
14.17179856382934 7.2702665169019829 35.902807211848319
7.206833880766478 14.206202284941607 35.868175058960453
18.946241191974639 19.005231330636928 49.325816499434566
10.942505121131267 5.8610815103053495 29.956308738468152
5.8046620809519576 10.953530576649451 29.957374598732407
7.4121963237056869 7.4490114071017377 44.748591154005737
0.29839880208448788 0.40769133018641368 1.1830472344418552
-18.823762646797739 -8.5785332297019057 -28.509174242669133
-8.6796917909309759 -18.690542861966218 -28.544029138204625
-5.8365019187864382 -5.7746246821534335 -23.491554463480668
-22.395474732347562 -22.225159103100481 -22.418872713589014
-26.34432963956154 -12.736846395061409 -13.043164556884472
-12.816192530702475 -26.297175151212908 -12.915119497625176
-12.893075943456724 -12.696943214961506 -26.458747423898611
-25.538559878328943 -25.667097637085625 -0.32099895151348951
-26.277056218037668 -12.677709614982659 12.563803323402027
-12.748707805929723 -26.148772388123923 12.511853073224943
-14.369818952944891 -14.154330534445082 -0.23377773521033651
-22.231348093651309 -22.085301525106036 22.110544096764137
-18.766341370463337 -8.5123607593511856 28.485283498318928
-8.6642722807792136 -18.994204881596616 28.886989599364583
-12.767429444014736 -12.698900160126424 26.092814836399178
0.18897105030988598 0.25114727569316997 -0.87085133119563274
10.831393911838617 5.7258701658743929 -29.688994591551811
5.6920099873304446 10.807698041086724 -29.613609483229432
-5.8706502105784839 -5.7963668771687287 23.594526974396224
18.956811742479633 18.89177776051601 -48.93186455016464
14.182985548449897 7.1423528961542351 -35.657196014418403
7.1642014265324789 14.037676377799093 -35.538001134645235
7.3585675861668358 7.3082502168002996 -44.313276992110588
14.107581616301117 -7.1282097958086448 35.725896673307084
6.3404928644526004 0.05652161160175552 37.830244013726357
16.380815839400388 0.062117752903409221 47.058100302040174
10.960856605202228 -5.6585379555193018 29.937395526231558
1.749465588002213 0.04910308087815228 13.781378406392573
7.369710846300606 -7.3964434135142323 44.7825959240296
-9.2876613132272308 0.090650673745396218 -16.764560874982607
-18.666313317245308 8.5554630431709935 -28.3698912880138
-11.558242747029862 0.065826472992972923 -36.296999920534091
-5.8992642957506956 5.9051425697084383 -23.450048397060353
-25.691954766946132 0.077954278922101203 -25.769472735108526
-26.419230920581878 12.877501075293313 -13.049373069624444
-14.28027839426699 0.066943480936482572 -14.423312185239586
-12.960323738155919 12.721208470551526 -26.515008772665471
-28.190540712967334 0.096172121108962089 -0.17182936722575085
-26.408350579986148 12.865764982679215 12.619895213619962
-14.347121018374743 0.041502607599752217 14.055858834852504
-14.405617597963948 14.23615940100631 -0.18353249596706334
-25.650913518233402 0.20522897460361161 25.404496771631802
-18.953335642158343 8.7523234473345095 28.446971852701971
-11.412706778006141 0.12552214904621986 36.170678045345511
-12.968157845264288 12.841222683531662 26.064343424439624
-9.3166267482525136 0.01612082882593275 16.81227344543969
10.769911717825023 -5.622364469619189 -29.632551451113493
1.6781292591370578 0.029592655640857002 -13.477633029308022
-5.9411983274503868 5.9305895833235693 23.532674727674021
16.237917025895467 0.068878515151861913 -46.605877900458843
14.11273911339144 -7.0961429933180051 -35.619729190611906
6.3705074622160236 0.055787274339644012 -37.574968998922166
7.3221004316034559 -7.312321589937433 -44.366162599641491
12.333262972416465 -17.708489869962506 26.882213663182078
7.1536946801933343 -14.1617182208057 35.925954219393603
18.952683093661076 -18.919393280609636 49.302700659515914
21.567446795093598 -29.943561844756893 48.93434396123061
5.6662599578942165 -10.945612774013151 29.929833997637733
9.5095081235717682 -28.204551742428535 50.491016674187385
0.35402457145460808 -0.38467516361065757 1.0113891956660646
-4.6218201819753704 7.2381108306955202 -7.5022460146833199
-8.5716293362154055 18.523933726034773 -28.414254766295862
3.0608340007487382 -6.8867990598100057 10.258741264895145
-22.333571062171767 22.117687502254316 -22.417045435394794
-18.895370459232105 28.218790269563698 -8.6107708048016072
-12.93911092704872 26.222519152257252 -12.960303080478964
-8.7117620883452567 28.414756611021264 -19.077393837803861
-25.795209321573427 25.607713778426671 -0.18296151387351051
-19.002600511069932 28.534893905939771 8.4833712064163223
-13.152155940319757 26.246547897519239 12.537985827005215
-11.619240911231364 36.22798711979862 -0.17347831714001422
-22.465899773662251 22.3865758972691 22.082950267012333
-4.8932844639365367 7.4471926234802197 7.4121489738714601
-8.8251238306633546 18.827080833006768 28.504728025013375
-9.0504168993784599 28.587585277466804 18.755304292557021
0.14227840439597722 -0.16789090120904868 -1.0460304959552928
21.519695945003523 -29.875286600259031 -49.067508461649062
5.6453396095780777 -10.825441169948556 -29.630593553628447
2.8585191522324496 -6.6780320878611432 -10.177676980680696
18.883306577048302 -18.87494528267181 -48.880616953475503
12.355253424466026 -17.752415276339185 -26.631346948705112
7.1673620430621394 -14.140662905082936 -35.650028414725988
9.5610167953108718 -28.214060852423437 -50.384188989878744
2.0458325197345744 -9.4711813209984097 7.1347419326374997
4.625076637959153 -17.701456159409673 21.132386742866078
11.909100067604355 -20.509905113081881 32.578182363253852
13.076889155401973 -27.550394601141562 27.443911642105572
10.532096154694646 -40.878911454199695 51.69423153128789
3.9292123354736059 -18.46622590579344 23.679719728449548
21.686003402882459 -39.023597545384966 38.910872443066587
21.442737453595306 -48.907634097961271 29.760496833342504
3.0852553984885605 -10.308026352482228 6.5202602003453425
10.643570931444399 -51.788306619748305 40.910382857556513
0.15956072571129962 -1.0026046082043947 0.11480134700307607
10.750145448846244 -29.721400435071761 5.6801809039583224
-5.9130218187102193 23.448046673552518 -5.8809062319984449
5.6903182354397748 -29.714316911372379 10.731136417056506
-9.4287796104067247 16.734335471079344 -0.0043937240623442356
10.681350304672128 -29.62108052730661 -5.7902864785129964
-6.0573464938070289 23.413543121332157 5.7119689135379188
1.5257318156010398 -13.459044765038531 -0.07730293333048463
0.020041744353741953 -0.93743861359186142 -0.34870858113240266
21.308055684297745 -48.853861803550615 -29.903112024932856
2.7523949847088018 -10.174095804704841 -6.7037936033152121
5.5138338906548645 -29.55253582533085 -10.883179094220383
21.508096967383871 -38.985738302907684 -39.090000188120676
13.045882546576232 -27.765600730551277 -27.77601912902869
10.391935752480235 -40.816585211474155 -51.486913465481528
10.375377568123385 -51.469336373290538 -40.862683531209314
11.979824015724612 -20.712288474456575 -32.681268555482518
1.9904821290215133 -9.4368858354776002 -6.8951879670950946
4.6039376853865859 -17.800447550313081 -20.868002478959834
3.8148128247512942 -18.512627698043566 -23.587291990991289
-1.3997981769959262 -6.8884329204730221 1.1317769789410372
1.6333754386648411 -11.926802677275994 11.893400713613714
2.0768417128347743 -7.1256940833277396 9.458712475404754
3.9057399975494049 -23.66461332765131 18.38619153308791
-1.4128323000673397 -1.1443437434280035 6.873364753367996
11.994901924783273 -32.559270372249941 20.521167635897783
12.339606233091727 -26.78780495816935 17.682374081580825
9.6269115931766329 -50.634217653057981 28.219941147228187
4.6045722841280563 -21.079818836560232 17.662335143904603
18.88487489991282 -49.121983578890799 18.899118139830513
14.083303088968808 -35.771117637629438 7.1800979980372723
7.3305526548073141 -44.500306904132749 7.3393002984256652
7.1772942627925413 -35.83847791618912 14.204157082011921
16.18273420625837 -46.664832492293527 0.0078044124467431964
14.02053450410199 -35.664044649239159 -7.199416700979139
7.2410489416155359 -44.400307567238613 -7.436784944372743
6.3159858499323489 -37.748194550762214 -0.0063432590571885702
18.813104489692499 -48.946379576619115 -19.021040178268095
12.311280233635451 -26.680301615805746 -17.872863799998196
9.5690488288765643 -50.329841492052417 -28.279786570137951
7.0969665887206128 -35.755802442869019 -14.212209500589625
11.911620163014804 -32.791407662965788 -20.894630100240761
1.9339695749403534 -6.8782109616345544 -9.4498908840509195
3.8583708996995627 -23.703831037827459 -18.572283553417957
4.5990094249740929 -20.868624497460178 -17.932211512547219
1.4906879288300341 -11.800943342750292 -11.790031242240333
-1.4580325952664175 -6.7605730843424237 -0.87660837767005995
-1.4646199027781057 -0.86876418149839363 -6.7424208820790481
-0.0061827009946348538 -4.1380259233130747 -4.1333736788158522
-0.032271967527601468 12.175234869359279 14.522092897936984
1.3684576512326085 0.99592788246293862 6.806369528826739
0.01477573270250223 32.587389950197085 21.169975422287429
-4.6636494963236208 20.985574720234393 17.700382330635261
0.043931662512229221 37.723019130335331 6.4132856423312932
-7.152652316812218 35.763627210446586 14.164782858517354
0.0079288533261260823 37.579430749915957 -6.3460369103825744
-6.3159513903500217 37.584015940149534 0.016596872557285387
0.023987377440739189 32.435513775898599 -21.228963519354973
-7.1351037896683822 35.628354391350371 -14.098779375452564
0.043557619046531534 12.065338546730327 -14.568041183551673
-4.6542815005536289 20.883008344138496 -17.794461877656826
0.026014700160268613 -4.2308147912470044 4.226965966384542
1.4239202251689551 0.90063657764973537 -6.7851200045277409
0.0054578096216704643 14.563317170678628 12.193957563286746
1.3814390534833783 6.8124607145367175 1.0102134655018609
-0.0099258642688514927 16.549436779815224 16.566374377783173
-0.0072630849016235965 41.000457951563014 40.926648916030281
-3.9939456783891436 23.731056928170371 18.549399128463818
-3.9722529700871316 18.517776526413734 23.661666566715013
-0.02369123246260629 48.943984667667237 32.561516595022624
-0.057584277057657098 42.362191241353649 24.705008506568056
-9.5736042835647108 50.494270756464559 28.190496813620072
-10.587157940826685 51.649713891231109 40.760436159978113
-0.012998590630114729 46.74264169068757 16.23869352538172
-0.048841613147597676 13.719931930871322 1.6197171821420893
-7.3629459866935738 44.40940397067429 7.3519080566351844
-5.7863648875163838 29.71613459101199 10.807674496065772
0.0016388918287524338 41.480755231837975 -0.012330096535361395
-0.027182025362405444 13.610139952124072 -1.7545134118568821
-7.3221020466712741 44.462989584362589 -7.366111606513515
-1.7074862585288983 13.619561839290968 -0.049370928957905347
0.034553476709969423 46.694974189888647 -16.279522222802768
0.088197117729984689 41.915770450270053 -24.67567855733153
-9.6190660417838494 50.550888896602522 -28.343798222371341
-5.6773709046747651 29.599225424350088 -10.838804614638594
0.071749288776054646 49.083348975463331 -32.919287845572434
0.10763951118773074 40.901518987691439 -40.948944998244627
-3.9628980647090284 23.632564297810177 -18.558181118675101
-10.518237623337194 51.629982635348796 -40.921675450580906
0.05121237800402087 16.509318272300497 -16.570170035618204
0.049430860358909923 14.495934650548623 -11.987908039100077
1.4173577614676118 6.7621293284686459 -0.90056277495907955
-3.9284736684269492 18.465240129353983 -23.648343253517815
0.017531992503947352 21.255762646171487 32.649867854013408
-4.6680107346939907 17.730842492844491 21.005306239193835
-0.024742520041951946 32.941041711922928 49.284809054690506
-0.077526527626914324 24.960946763739727 42.392985380627294
-10.596684519785668 40.90647426229215 51.65692191109332
-9.6240203218637053 28.374778752456166 50.622490909197332
-0.072035968632492675 31.397029698142514 31.256801212572594
-0.21726469668810983 -18.917058771712419 -19.002337289068045
-3.223545826294536 10.324020722757457 6.6120805900177446
-3.2404278211403277 6.734270814811091 10.1907791953039
-0.12997986560584823 -16.720428394273362 -9.3674133593586451
-0.12317228422063622 -36.280369834618305 -11.633137959323545
5.685820023034279 -23.769933148254594 -5.9162441299498703
8.3295049135705277 -28.354877032957226 -18.853717468076386
-0.018825698057677923 -27.203453364337605 -0.077510930358550903
0.10784364388786842 -36.244392044415697 11.260926383513302
5.7622205826415849 -23.524330747433403 5.8303853311303744
11.151515384822195 -36.281185786688873 -0.074404261883778564
0.18411806027729724 -16.772033423700961 9.1389985573572403
0.19990646646175594 -19.094537631029365 18.928248904919919
-3.0598096416315355 10.194202741008365 -6.7652426498864706
8.4796530485301602 -28.444988941924439 18.706300875132751
0.070618738236970818 31.036101514925207 -31.134656364586554
-0.032780320925988711 24.679461094060834 -42.003666861456196
-10.560865091694234 40.829841058455536 -51.596776298186256
-3.078028432795918 6.5727344554508411 -10.24127926174989
0.03342365341598879 33.436379912312873 -49.63493303579439
0.024516934700942322 21.186114263962505 -32.39075847655895
-4.6748463267702292 17.830354993284278 -20.871704029780268
-9.5982012573632911 28.22390326260912 -50.262356356172468
-0.0099319717222615088 6.4066344831096584 37.814343182421226
-7.2576839988461295 14.178566900902137 35.930411646697564
0.028495656489886934 16.399758025693977 47.060959028983127
-0.053635333115709241 1.745476313015949 13.730572716682651
-5.8346012117617203 11.043175953775066 29.85351912098492
-7.5010632488894808 7.3879859292713164 44.851800099356673
-0.20603402291059408 -9.2399714763445147 -16.938533485056798
-0.30409153816890055 -11.299198085882056 -36.400675044051567
8.4161620815954095 -19.02098911206577 -28.950773916727158
5.6649543728064868 -5.6717994946487389 -23.695466786993116
-0.27539459892872264 -25.581036658810621 -25.727584452765523
-0.20519194757922399 -14.187699223428851 -14.400514598148563
12.510531689017634 -26.247657406807971 -12.858537656503767
12.587664429513985 -12.615150000088008 -26.371702074487185
-0.11125191161456911 -28.132495308941248 -0.13409984970827565
-0.031386535334328093 -14.253934815461012 14.123738497925569
12.572350866523134 -26.308059290915665 12.685632181936171
14.022379455835585 -14.177833247368831 -0.10964553436651467
0.14495599025035946 -25.635926378763322 25.472236571517215
-0.0088834819102999452 -11.34927021674028 36.154281384094404
8.5039380249651391 -18.917114557499001 28.394362361388225
12.642278280917418 -12.955804781290007 26.210011656243463
0.025067824164633393 -9.2884547791220164 16.836018599115857
-0.021188762791638643 1.6715145815451899 -13.484624121931983
-5.7019803607201922 10.767303513942744 -29.484642084542692
5.7181910993451712 -5.8630428766442861 23.481224471264266
-0.010933558953397446 16.169656199051463 -46.549558893743161
-0.0031812034970221128 6.3461034756134964 -37.676992496794711
-7.1750852112279553 14.041703902153449 -35.678513264132675
-7.3665797965025437 7.3135946336943682 -44.320990462565092
-0.036643208457668684 -6.351534869088165 37.925668707806558
-6.4121076269773596 0.013439641302822268 37.715200834648549
-0.057645168978241103 0.040889796125636153 41.878685363138175
-0.012015890290227635 -1.6820310607527913 13.808969157542705
-1.7870480149234944 0.092268898840666524 13.763463510273422
-7.4569803724082728 -7.3757943807777657 44.787652656509671
-0.069753905889573559 0.06805456231492274 -27.411622309909159
-0.0030671564562183588 11.478004509046077 -36.433631984197532
11.266420136780162 0.21279854249093111 -36.448511211830308
5.824036180239724 5.964399066851839 -23.520666559283178
-0.18247470540323307 0.037425077588615283 -28.314150848468937
-0.16735720584780392 14.197961755625983 -14.468837891310981
13.988944814913873 0.08954125655638237 -14.405013119244241
12.749192742743586 12.838566430697982 -26.602434092930999
-0.1736554863958481 0.00240989606899317 -0.16983246061828339
-0.17359563169806227 14.167406640224398 14.00618041414366
13.960002290611829 -0.050637943799764863 14.076662496800148
13.992361946100592 14.086351364553545 -0.28098452282993713
-0.17054324263051684 -0.088086304672958263 27.926376022264318
-0.28349576787135344 11.27112572810239 36.219720950413624
11.031532375609288 -0.20435230635162455 36.145969203693589
12.521500404874143 12.600439676534331 26.060291110550391
-0.027842059068555129 0.0028897907456523543 27.278436851971751
-0.10953382004254253 -1.650326782359862 -13.395435736934518
-1.7101488804840963 -0.067923046475118154 -13.377566249834278
5.6399295126344269 5.6962013400033777 23.536568813856796
-0.034019603142003592 0.033387856041938793 -41.438213189789607
-0.034857969934938331 -6.3113936167324969 -37.572102342165074
-6.3594780177508445 0.012248330241513661 -37.586029129969376
-7.4063259928685641 -7.3521555957142368 -44.331811022488104
-0.031769441864637725 -21.184511953120577 32.647967539659064
-7.2165607621354146 -14.132334993572336 35.86032037460317
-0.025245900097055417 -16.275054282628449 46.793204935300224
-0.03880675007278285 -24.828897478526095 42.276936656668283
-5.814322273870367 -10.983844381546213 29.974276424828915
-9.7099470842831881 -28.316523227836214 50.640690463168546
0.0024101518514777209 9.2330454417155945 -16.745447413539882
-0.00099550139184654087 18.801138920738303 -19.153363083714041
8.4572434897214865 18.52940284792901 -28.509702427583139
-3.2295258329729317 -6.9153633037785518 10.310842685313641
-0.11453762446663353 25.538504892857514 -25.899942776451002
-0.14268999071538854 36.001732913657342 -11.533318684917178
12.614444374502165 26.097738555196091 -13.099588510752776
8.4376062903042612 28.309427024897271 -19.066178262413437
-0.23604679257038036 27.984020782337662 -0.22625100842341878
-0.36689511014698256 36.247024684152152 11.040795509992408
12.466966605566535 26.11137824551664 12.488962747967685
11.083718515630762 36.199866931017162 -0.20095546381747273
-0.44027696101251051 25.419919269483405 25.449181570863516
-0.30397199853164913 18.925122232833218 18.954610356716071
8.448415030873992 18.931416116621591 28.824409767401765
8.4176299588260743 28.876083521951838 18.959277379063114
-0.29533614342460651 9.3565805498960177 17.072135862763442
-0.10531613061016627 -24.774383418023156 -42.006647355914971
-5.8223471306319405 -10.770314105537066 -29.47292892038957
-3.1983241158824423 -6.5751358888375373 -9.9543806543451279
-0.043378312369307587 -16.242436124055541 -46.62340347564983
-0.02910182981982944 -21.225892677544458 -32.372041309049465
-7.210857041908973 -14.144041028639709 -35.679932951479259
-9.6486185477333386 -28.256726214236259 -50.296876871784598
-0.022048346031838976 -14.553644550857786 12.287162801409595
-4.7191643134151686 -17.683934399922041 21.055712014156608
-0.10245737616644579 -32.496547263480743 48.900053254250778
-0.1488520370362259 -40.515504278990733 40.553252501774992
-10.69173884266662 -41.052948688316 51.819877151007191
-4.0540334816405847 -18.484606409116395 23.63999394505878
-0.10800156860803767 -31.312578677258266 31.22841009007599
-0.086836501625141727 -42.304709860278408 24.641209560409969
-3.2021119292768159 -10.359960017156267 6.5708984420803125
-10.730167498875907 -51.609801229639253 40.876889672828376
-0.048553206369175289 16.807618606553387 -9.5045408932517166
-0.13268370141382371 -13.523516139484812 1.5220422387292956
5.6704290266492388 23.430810509112355 -6.0111257890331826
-5.7901412851896668 -29.533427215181323 10.626881078132278
-0.18891359276181516 27.012492120497019 -0.13480173220606892
-0.16752270940308259 -13.342268837229723 -1.7736985434298753
5.5679871970257127 23.641947196922736 5.6219289600256177
-1.8218287772365169 -13.391290340225469 -0.15053819842502841
-0.33656489358497965 16.897932038318288 9.1491154071988134
-0.15764442409279375 -41.835003304264561 -24.664472568565952
-3.1802677744940198 -9.9303577825574418 -6.5351247121215401
-5.8336110837145965 -29.281689442442243 -10.81015713984133
-0.20084123520049624 -31.085811792951581 -31.068092997623474
-0.097851509273134116 -41.643165402545129 -41.626952439815987
-10.690423918920736 -40.793263512933265 -51.518737079381232
-10.590978635516551 -51.294326659116699 -40.725928662364446
-0.12286186874093692 -33.330753562204301 -49.511276233640658
-0.056917678008186194 -14.531426650588141 -11.953313340909276
-4.6859892973438502 -17.854302730672337 -20.768503563307153
-4.0007025452755238 -18.549849761546227 -23.600870084845688
-0.027270603188018414 4.0716846042707813 -4.0910077590412444
1.3242488979851192 -6.8815758314538309 1.070381824662749
-0.07376789740622236 -16.65912382961751 16.599545871363063
-0.082550369580115218 -12.274865549228826 14.545224116238545
-4.0315320554577374 -23.739575243984469 18.457166702826797
1.3498954815652011 -1.0671460055023512 6.821293605176737
-0.092780246465751656 -49.40745601583874 32.8547328452565
-0.037180272021867411 -32.656949289461927 21.21558986345326
-9.6924071820370834 -50.592849880543135 28.255959134170741
-4.6867964557445925 -21.04033292913785 17.75409165912863
-0.040379374819069433 -46.756842826840312 16.237400151764046
-0.031055389736948033 -37.631749676947642 6.3200623312093747
-7.4804355584596465 -44.43828312568985 7.2372719210110494
-7.1969581775171179 -35.787010155908099 14.148536261769271
-0.078577169789058654 -41.492494682475218 -0.07685951087311084
-0.055062961240974533 -37.594981961477671 -6.3721601740833806
-7.4563018775052265 -44.268271279460912 -7.4068617711398117
-6.4013553530882685 -37.652094406523823 -0.041620011886818548
-0.087863330740929863 -46.573027703427918 -16.297677037185242
-0.034965216848596527 -32.400124367009916 -21.244656427452636
-9.7234057785861339 -50.135814904475801 -28.227164300853595
-7.2279169281604254 -35.587754598969738 -14.116658725863516
-0.07952143146704016 -49.755934212039833 -33.648402727489831
-0.050481403286005692 -11.938812170534373 -14.547759925582008
-3.9814988236035531 -23.633776539591494 -18.562413627075998
-4.7109661628616095 -20.798588494431243 -17.915515526857767
-0.071610460058718531 -16.476363712091104 -16.452585589715145
-0.028415838260469811 4.2481787455733002 4.2542470451787073
1.3867244988358129 -6.7235025467114706 -0.81125042463951247
1.3880000749911767 -0.81393641778290426 -6.7160428024821339
-2.0579954771622107 6.9577940255509274 9.4287515520437228
-12.325510039378818 26.712342982398685 17.711652166381562
-6.1500676002467758 9.5358835667937161 8.6019019598596955
-14.12366475602896 35.762488351229223 7.2040692268915052
-17.719689784298648 26.714090445832394 12.329761244317801
-14.100970602400482 35.639456161392829 -7.1696543040888354
-21.160446967106708 32.438073988247403 -0.00027637090715126444
-12.383929398312352 26.646894599949675 -17.79588105653049
-17.775590074801901 26.676085729451074 -12.399052999454405
-2.0262183752333529 6.8737285704025535 -9.435998207352398
-6.1491594041820941 9.4458592481046182 -8.5844583652798292
-2.0726922957025273 9.44643381219411 6.9823459687666629
-1.6301283318575743 11.85300216778384 11.82349394106823
-13.128395115541457 27.714745021196315 27.621646623130115
-7.3166859028564533 15.599235991385056 12.464717164822574
-7.3680668300840289 12.463248274872601 15.596491336450114
-11.93866359349833 32.621008222121887 20.627139904674237
-21.421650268583466 48.773230082923561 29.691231781323893
-20.791625836366077 39.341302485351726 20.748394651911514
-28.675379749471183 43.865049123860913 34.989294978781196
-18.867985170821477 49.039650020529237 18.875866064120565
-10.876950077280647 29.623093648265293 5.703076949389426
-28.102501092751357 50.24816061574878 9.5534558411613464
-29.776252668822575 48.798705602137503 21.362166802647593
-16.279249431150255 46.710982662519264 0.0087979487723705858
-10.839344025578892 29.681456554908966 -5.7164394853528799
-28.10831453628796 50.118427052364659 -9.6029795902382791
-24.798909068920747 42.1093561436195 0.0051263234346074459
-18.920974878587611 49.067392438237093 -18.949612947380011
-21.52578371660297 49.006686895733857 -29.926411930947793
-20.941147786801842 39.502638465964374 -20.948174959534633
-29.816766846205162 48.703752496951729 -21.439965948688563
-12.095106163832195 32.753472903994663 -20.781544106030761
-13.14914198336354 27.642601922473805 -27.72052134078535
-7.2591160869991116 15.493184426497697 -12.402553652124928
-28.95671022049692 44.361517343477495 -35.508143050988657
-1.570179875116529 11.782030967360459 -11.811485134938369
-2.0344363668042744 9.3937896098139504 -6.8544523707537159
-7.2488510768963037 12.366671960423036 -15.529650900404494
-12.389151975861424 17.713197272026118 26.806870958002307
-6.2085811664001875 8.6021556356274154 9.5305184774952831
-11.974554980275135 20.587228894433718 32.523762221825166
-21.576811295370657 30.006193562735497 48.985899183231425
-28.864105945585123 35.179593379156287 44.039200562964353
-21.012162522841532 20.928703044091165 39.536627607072624
-21.646409677450993 38.963395470129633 38.88853176663023
4.6161731996606328 -7.5891938564010735 -7.6611204166009843
-28.1912180511438 37.0644351632507 28.048100100785735
-28.388449571906509 28.272091853370764 37.200712090112127
-0.34515146915578832 0.85401737197685135 0.086945306592069921
18.789761173735638 -29.088292308914575 -8.7903999624277489
-6.6380231663033351 9.9493689227720754 3.0283137460550789
7.5258989401133194 -7.6732841161542051 -4.9675068799558364
9.203321198975015 -17.100775353536449 0.013438374461030885
18.800104873151053 -28.935172800686942 8.7141390412164874
-6.7261554442706384 10.114313461610504 -3.0740213180250073
19.003966395529236 -19.183427370788952 0.047505836259330636
-0.32072233621191154 0.89025441940215211 -0.2639960032486427
4.6161278942231787 -7.6315831691147524 7.4141024502886292
-28.176957582860293 37.085597822871627 -28.173175602380422
7.4306010965296299 -7.6717588256664513 4.7274415970441366
-21.524116121765189 38.787252286890592 -38.911840980951951
-21.382293637878178 29.660964171608903 -48.647216367199441
-28.888690716422158 35.30376406230431 -44.375867087325574
-28.164460244943044 28.067371222277107 -37.121374889951156
-12.107032913293693 20.849026948441473 -32.919781309252642
-12.432457366900106 17.788577233003853 -26.59900549257366
-6.1144006523013656 8.534681786742027 -9.4094028611777496
-21.107283793422837 21.068455288356031 -39.821856167549001
-14.260473004822655 7.2265893778104928 35.948058845447385
-17.754196152919814 12.327660909998729 26.725342585121901
-19.144571124556649 19.017730218252506 49.519904142552747
-11.040354457654932 5.7917416086583291 29.838324155462509
-30.056403013736556 21.542447353252104 49.053814153327309
-28.443205475949924 9.6702646578154727 50.830369650172671
-0.33120336940241646 0.26471465321763388 0.65768078614091396
18.738247214423474 -8.4205784903333623 -28.802616635933756
7.377848316093174 -4.6478113615935772 -7.7366100664125543
-6.7598489831645336 3.2174338705753693 10.111314951243056
21.931927505328996 -22.242114349833528 -22.437515213432778
25.972254754503997 -12.657851310310464 -12.869764032147266
28.815931240637322 -18.982300058769393 -8.7349626683179942
28.738154183338217 -8.4914352565326379 -19.199835143050738
25.237515998730583 -25.474573370742945 0.015433847002748642
25.95366984868496 -12.797074965207633 12.674362553836426
28.612063528651472 -18.998142047511895 8.5348634671206192
36.134660858196149 -11.227489282726685 -0.071541358439566424
21.991695540939478 -22.520586742359445 22.21848418974297
18.890491822278893 -8.7916952838144837 28.874512599707149
7.5067933067253536 -4.9439194092343808 7.495722727153006
28.786688776256284 -8.7636988598899723 19.013644091421352
-0.2586758093733818 0.10741983165646055 -0.88203558681615513
-10.795463705146764 5.6568151043860819 -29.470964146796891
-29.816289479104807 21.328537170856006 -48.707785583298389
-6.6278842199451544 2.9123854882797762 -9.9747641863966816
-18.914215511933477 18.858881066987937 -48.899281646022096
-14.147156711432103 7.1395096220966661 -35.689163534701713
-17.79888402017696 12.376464517009714 -26.611469445945044
-28.29873067265488 9.5575658662622818 -50.359526621064084
-14.211659950869198 -7.1545563668935248 35.903789077733279
-21.223389967118464 0.068545801330089792 32.589964769634818
-16.334521458952839 0.042363278353220603 46.884408681513136
-11.024519677779075 -5.7238386614833212 29.958062517285644
-24.86626160396029 0.092809390289099125 42.267878051030827
-28.355466096563159 -9.5583766227228644 50.684939510307352
9.0984700037690995 0.20156564789503509 -16.799415069101038
18.729102758792909 8.7068729656413897 -28.557569858459257
18.960585369587982 0.31558697428651844 -19.284590584196742
-6.9654194966126788 -3.0893540545938332 10.368300390846588
25.328711161154391 0.34168877008829579 -25.786257996327048
26.113525913521972 12.6883846796866 -13.080769501949909
36.061312360254412 0.18184577390607326 -11.457538221197522
28.2683106899715 8.6428210044303349 -19.08314579790304
27.972474695551991 0.017095744824986697 -0.21086560860894685
26.072890240699383 12.652261312494813 12.558611997075783
36.195030412502874 -0.079268951794207454 11.018145612520087
36.141346537653817 11.257661616162308 -0.33731003960956124
25.332539212949943 -0.17619958989910051 25.461882046530487
18.777841067537846 8.4661041659747074 28.709830136010897
18.87240448072609 -0.10417132015875503 18.949401386099378
28.969261885965722 8.6300161832192668 18.935704317889382
9.166861610398346 -0.059328975304013487 16.973404267755313
-10.839672115559454 -5.7352445071716449 -29.397895307543873
-24.764839448547672 -0.070272520448667428 -41.993283658569162
-6.5697695159345617 -3.0934013248692716 -9.8994062634294249
-16.243479810428735 0.0012778202287799158 -46.575835257223048
-14.084508848643852 -7.1295146936554872 -35.521438037273704
-21.229184052168826 0.011967425343777521 -32.402735761550005
-28.190849903717119 -9.5746651290328835 -50.161152685068608
-12.327193929197536 -17.687901457159224 26.791914423228523
-17.677607439597931 -12.279377833466325 26.80665235835264
-18.983737795831036 -18.945018367148599 49.268067765419815
-21.62649969461965 -29.948637416982258 48.94992779257835
-29.911382192538756 -21.502105794214501 48.852962544549484
-20.54828517754629 -20.611353558418465 38.984467466421712
-0.48872889786048046 -0.43565902279868407 1.104833481349266
4.4764519100839593 7.1909772851581861 -7.6390174866112854
7.1710356042085053 4.4543781789502015 -7.57046102958759
-28.471091779381961 -28.443200967817731 37.319130034613046
22.072012948001966 22.077604074335934 -22.711429584969174
18.667469337869463 28.773539016226575 -8.9683751639720626
28.69522485608357 18.769315570037289 -8.9509428626541201
7.3116320861017368 7.272568988383834 -4.9867511255112111
25.359594147325225 25.49030313815167 -0.34808639634240679
19.085356072239946 29.081653373901208 8.5011904720143256
29.024282825026415 19.029204057986131 8.4778988560412074
19.031981095046056 19.023413325833918 -0.29212645533642029
22.162826906990855 22.036550238344631 22.178335798754841
4.6629258193162721 7.5408408680178862 7.6382709437282976
7.6002600756018666 4.7196282251489912 7.6155224500825378
7.6337824685905247 7.5163482663112289 4.7478132787445473
-0.24034897135531705 -0.14787877540660871 -0.58126853024761316
-21.493107285431773 -29.809965216477909 -48.632114178642098
-29.737318984585745 -21.422246735924123 -48.631347097067312
-28.106928719960244 -28.080166040493751 -37.029488912839987
-18.880866312167189 -18.882056821157441 -48.767338788359027
-12.414451726061303 -17.823448264693493 -26.597705672523645
-17.796912814584957 -12.389564689367168 -26.588059532893187
-20.865179199926633 -20.932889227632938 -39.254771135164063
-2.0762750614268342 -9.4601547917088151 7.0195645228414545
-6.157868291170999 -8.6326651558625098 9.6291451913965407
-11.902665445530058 -20.535371737628438 32.446558151091075
-13.073843747629226 -27.498834034107706 27.461757024756359
-28.353514837189458 -34.568953817448723 43.207645491045284
-7.3180834685190987 -12.51797119360965 15.61099885267538
-21.75543574041323 -38.991812687020108 38.919394785521675
-21.567768007508597 -48.879627531414116 29.74520224126735
-28.322330806576495 -37.187279530235784 28.085476074422917
-28.711475459252089 -43.833287669031371 35.028960687028238
-0.39974700912901873 -0.96317451055539927 0.018576541661068452
-10.894725589898741 -29.543660420962613 5.5223908561879176
-6.6639471027364703 -10.052878494538923 2.8843830977207738
-29.821725782229741 -48.690168675421077 21.274178695286146
9.2143842791236601 17.028821640896357 -0.28490290260525014
-10.863573779865431 -29.293117181652573 -5.8197253542484608
-6.4880131842839672 -9.8872515530984124 -3.2259681075523057
-24.738324871612082 -41.988479887635215 -0.10056567222053955
-0.24074333901237852 -0.54599178757358302 -0.10268884669306258
-21.500201073831768 -48.710671853589815 -29.81008169264841
-28.020300008927542 -36.849824195223071 -27.994359559130011
-29.821357500385719 -48.646306757135392 -21.47921026946236
-21.668742480527275 -38.902544137489862 -38.953122715381411
-13.24031343690614 -27.813411082973779 -27.775065706265462
-28.87512054646448 -35.438424592388188 -44.245727291253722
-28.956757336527073 -44.375722899528029 -35.445513733197032
-12.079279422730512 -20.86711081440346 -32.713013238919665
-2.01866473443655 -9.3959521172049936 -6.7565872801389553
-6.1475158019516174 -8.5972812820558531 -9.3374753571449745
-7.247346103531088 -12.369162044377145 -15.409834472788612
-1.6394321668407581 -11.915134780207492 11.864981647266845
-2.0644652241847328 -7.0220994495849318 9.4403912232601819
-7.3403717630530192 -15.624697352137916 12.459847808798674
-11.989703797224218 -32.66343754559955 20.63557973601964
-12.374808423162655 -26.779488015843036 17.733780506653432
-20.888557206000133 -39.382577108930612 20.706975372597618
-6.1746701795478929 -9.6076531610314753 8.5914885363402007
-18.925871092292606 -48.852884180161354 18.794622508671043
-14.126013249747098 -35.611259319554428 7.0714275750994506
-28.229345713842054 -50.20286344941011 9.4828463175584581
-17.837179388991128 -26.712712378206582 12.304647022498015
-16.296558352926379 -46.549311707719191 -0.07823607187987279
-14.202593868211986 -35.667107352642759 -7.2277937211819356
-28.231048430470679 -50.231387906077259 -9.6912442460808048
-21.287832332887557 -32.465525347759467 -0.092086176630230554
-18.95581000287671 -48.806997979121554 -18.93832269042765
-12.504664240632927 -26.546491281170123 -17.847627415223823
-21.276347227362674 -39.809929022367832 -21.263971672552739
-17.873608992578966 -26.536509666935864 -12.4550060730043
-12.162357496501503 -32.743531165898204 -20.942337795864251
-2.0331553831402074 -6.7564919862399444 -9.4074882612669448
-7.2712134940266147 -15.433543631878273 -12.344201433530779
-6.18366512679082 -9.2874485857223057 -8.5540150512151225
-1.5593415621988842 -11.708411373914071 -11.690879985037775
-8.6032254855351873 9.5461873591494779 6.1550826452360941
-17.798734343562046 20.947089412904084 4.6056050078965223
-9.4525080938463741 6.9564478470809963 2.0065864100378041
-17.838990580532148 20.911891857570453 -4.6852182177233885
-14.542598640679282 12.106106064648658 -0.038597053232097014
-8.6116173902804203 9.4518992478148345 -6.1549305142883757
-9.424726156212845 6.865124903486727 -2.0408055682037043
-12.799306389210955 15.359369499910324 15.405119722420725
-10.818467746993077 16.8020947801426 10.832900161647869
-35.115743725132845 43.939464902362246 28.679043356634502
-12.452699726662521 15.566076968076157 7.281251606113285
-15.378036473888811 15.313194964358841 12.763957362556965
-20.643811274238299 32.617688500999279 11.956969925536962
-40.859679338100833 51.553718197182896 10.524589014452378
-18.448498768549804 23.633303838587985 3.9016887905278654
-27.615667544040495 27.605410857172117 13.08853041361095
-33.130842248918412 49.327323421412224 -0.023555955734821846
-40.830122911134538 51.479567782352184 -10.584126568064722
-18.519128640596893 23.629118949267184 -3.9990574232183604
-40.763193589986251 40.720122754454607 -0.095835250017417425
-20.846220015644473 32.739747872383369 -12.078653300109551
-35.585003799759377 44.43978173378482 -28.987069398207442
-12.429364565353298 15.519724798575675 -7.2744962046127055
-27.64493154684568 27.654794367198953 -13.1583310399011
-10.803168878211817 16.684354487077425 -10.752854850952707
-12.747219936916482 15.323730901302504 -15.362784341087634
-15.327405730524639 15.354129381418405 -12.730094307490287
-8.5972206737259551 6.1576549845458368 9.4987780010231706
-10.821683063336069 10.79381255152499 16.774274636763703
-35.582272941471217 29.053586388608615 44.483135717752425
-15.365143572822458 12.755547647348942 15.363631011209414
-12.414593899960547 7.3150405197907231 15.573132614701558
-43.249137481399501 43.212064010213197 43.219650943441316
-37.157097510884405 28.130131229090178 28.01688278296767
-44.120835271192064 35.166730899198043 28.762336591260123
-44.579154324831343 29.052331922587499 35.532758147265795
-39.042559713833647 38.955649293973508 21.566101111085736
-10.053185074337625 6.4472181720366271 2.9605138695415989
-51.698978520422457 40.840590254562613 10.47337321489826
-48.766494030401603 29.7446865268751 21.345878210724699
-31.077500346021338 30.923771345939841 -0.054125200320517403
-10.181120708778955 6.4546186427766123 -3.0608624656035306
-51.678435024500047 40.777656695226788 -10.573237758551663
-42.022394564954553 24.627315240826505 -0.032705564666787035
-38.820975641617267 38.747990238234927 -21.522185517146234
-37.152808397391375 28.09182732421424 -28.188344579259137
-44.053538284773303 35.256677962565576 -28.70666140089121
-48.652952327633237 29.684639407287822 -21.371491798209849
-43.363922384816064 43.290509924912229 -43.363437793444099
-35.342010937988256 28.860400854622181 -44.317649433767677
-15.294927851492698 12.73123162127956 -15.349502653032054
-43.9520025367176 28.739520881526996 -35.197879926598254
-10.730733068852766 10.707140897909555 -16.683477459230307
-8.5644700009374368 6.0975715144382816 -9.4028489522079877
-12.395020426350102 7.2559591769288581 -15.562122095518946
-17.665334039574113 4.7326506093170417 20.945539455357292
-9.4126222209075596 2.0825176658614715 6.9514344025977213
-20.684843904849934 12.030059097507621 32.629500283075018
-40.9248242506007 10.634614128737427 51.780845333116012
-27.626840504913194 13.203841219184245 27.603134879482123
-18.454663168865068 4.0524379470684124 23.664651744995492
-39.035548550148043 21.693832346941548 38.920133801822075
-10.184698896290655 3.186853049340622 6.4546931977868782
-48.783376116477612 21.446475294094345 29.68758819556118
-51.806294557645955 10.609058784862578 40.901286910907338
-0.76185316868084607 0.18807124948723863 0.019921499322231667
23.559850873163736 -5.7035884733019246 -5.8986164487004666
-29.474229328437076 10.78775457579904 5.6181407265459828
-29.620054615223378 5.7348733793320728 10.715081087245728
17.046087150449839 -9.3244002677491604 -0.022558351958298004
23.61434244192445 -5.8408041807276154 5.6801338644119825
-29.444735138833753 10.680503860157259 -5.6962953411128785
-13.458485283112328 1.71912475822608 -0.077748628100098763
-0.80745317154009344 0.049012845163004554 -0.16676556016386304
-10.006200066223203 2.920287751779008 -6.5314157607403072
-48.826249670082859 21.397066778822939 -29.765813860847118
-29.399052829836783 5.6614164825405036 -10.760765409718998
-38.808409596007721 21.463631223017767 -38.865696075089353
-40.832867968217371 10.494628482112539 -51.576112833646711
-27.505518555034847 13.037444959752397 -27.617045341158985
-51.565249678360267 10.417290808078853 -40.919063731781513
-20.726172201429868 12.04075729593217 -32.741004988241158
-17.823822205761083 4.6406937774185257 -20.811722302488182
-9.3791248633658437 1.9874921340268719 -6.8300380265499054
-18.496833124013708 3.8975425798401639 -23.711856708024936
-17.652202763015637 -4.5900803254610549 21.046288798729922
-14.52083671473207 0.053651443373781575 12.217846767186556
-32.239373024871583 0.085295525841955835 48.577430650177483
-40.84399092196454 -10.493936003836266 51.636720665328752
-40.28102181198458 0.046398811106428406 40.256126138336633
-18.411038532656644 -3.8374237454410278 23.592750878814904
-31.353180024100723 0.10869625097436196 31.218024755614966
-10.475212004286195 -3.1024996271834095 6.6249422655505334
-42.186089479682664 0.029922447885491546 24.614254249707564
-51.927650317847608 -10.531837636850709 40.867055466698567
16.79855665974198 0.17450698762905625 -9.4522223337161311
23.486471308823599 5.7926278797253739 -6.0102140684359391
-13.521017254520098 0.067125657571281944 1.5871045896389167
-29.718679165662042 -5.7126660626618317 10.729142359037311
27.305586548319326 0.0064400777502578773 -0.15593922337138094
23.779041284549471 5.7599612256247257 5.6956947455279288
-13.439797884258146 0.042501305334109896 -1.7215623006699463
-13.471004136439383 -1.7279594989619762 -0.11384405554547905
17.141239240200335 -0.043487954373597516 9.2370509446100293
-9.8990646128881714 -3.1171605754545832 -6.5343409076031662
-41.910698011100486 -0.050084940054934447 -24.773959226924497
-29.547455602914656 -5.7852130929086716 -10.907509687049684
-30.950204555795121 -0.0596149935782532 -30.989727906524717
-40.83934776845566 -10.551106961422287 -51.509472860617045
-40.829149839460015 -0.078350616186889557 -40.883370614745623
-51.467632126559124 -10.514815369962959 -40.752888901872566
-33.194540850728458 0.010906815682673623 -49.415671343627388
-17.799978911877616 -4.6161108159205488 -20.804864136671128
-14.514490025654117 0.01299402122476866 -11.974038760744223
-18.503551609052252 -3.9694473175113694 -23.602692304952974
-8.5733593990885506 -6.1792391248397687 9.6760843969809418
-9.4621304734284024 -2.0185239298329742 7.1156650317738661
-20.297659258947178 -11.799322964776255 32.343652778746808
-34.29313163464694 -28.294810570558209 42.89827890334945
-27.381018140083714 -12.982302515405864 27.32307604838994
-12.441056767992224 -7.3520635744977438 15.631759413973109
-39.101926005646106 -21.793500724836996 38.968650289250469
-37.190443561553323 -28.320957595204778 28.09808883740109
-49.025679806191953 -21.537589614343329 29.750827042990121
-42.903475199261692 -28.16314167961982 34.161166958577574
-1.1081021852151516 -0.3602537896032646 0.0070783761970980297
-10.124145462403167 -6.6529688387437114 2.8471763058856885
-29.647037979505065 -10.895081702383846 5.5440079991844851
-48.881350858710711 -29.840614806333814 21.341390207978101
16.800477573070303 9.1288512559903321 -0.2111869291061472
-9.9534377558072418 -6.6048583596207937 -3.1927633646532074
-29.617259246528789 -10.901309087253354 -5.7952094947607717
-41.949464808545763 -24.627105512340091 -0.11647777691340638
-0.55470189277389648 -0.16130781565065649 -0.26119556133878863
-37.005700732649544 -28.089190507549414 -28.098128291586207
-48.672567341164346 -21.46723145784398 -29.732269043820089
-48.737985494482338 -29.800441672220014 -21.439626604597514
-38.820494399486613 -21.60554702904399 -38.822874735392823
-35.377904020170256 -28.979699553956575 -44.20506918956422
-27.71209354169839 -13.194706684636504 -27.707397132288314
-44.706639282989933 -29.182193163976191 -35.696282325910175
-20.735545347632971 -12.018369883222718 -32.547352181651348
-8.5902337233062269 -6.1983321784639633 -9.3633151797566541
-9.4290469772941368 -2.0469991920550172 -6.7912887476996673
-12.431598674019018 -7.3179730839123334 -15.478356464830194
-10.778606926492399 -10.884914784242431 16.794933933902051
-12.778733045614244 -15.408763286584279 15.318677148013091
-15.355340535603171 -12.925028848686935 15.326542286141235
-43.307388126580854 -43.32897214166168 43.132008841920246
-34.998655122118393 -43.695655125162148 28.495285595574998
-43.242292767011541 -34.710606682845096 28.181670810254179
-15.375394385013234 -15.427935710210493 12.701798144527739
-38.992898288087048 -38.912447146974237 21.545917328990036
-40.887860501179034 -51.516099136958381 10.449598880449315
-51.48812193816746 -40.765175530553485 10.454113104442607
-27.591067168291492 -27.603046493144717 12.961593639353302
-31.021377104038379 -30.982876467478967 -0.1691219769112077
-40.797686361904759 -51.48637963561724 -10.676872222435279
-51.320509605976682 -40.586520740644609 -10.619481925146207
-41.620948314145686 -41.686661029564817 -0.10934162442041431
-38.710404960544039 -38.739620288209238 -21.56439035114191
-35.726241165567224 -44.668238742896577 -29.045091983167396
-44.765081613618392 -35.783664177405903 -29.162269189673726
-27.737350788052485 -27.783433554595373 -13.304900995504445
-43.259860315244765 -43.244670827412634 -43.195114689162715
-12.720862865525438 -15.296827697775383 -15.230213372092512
-15.275734365825405 -12.715290970334701 -15.232410188051087
-15.324327328879876 -15.311485719436607 -12.635337651179491
-10.752068973988088 -10.769714224291386 -16.59880372443294
-10.845930226671564 -16.758840666410066 10.774445841719421
-8.6655365847579677 -9.548193026776179 6.0734728094835617
-12.48162856300641 -15.607842333682635 7.1892580018421492
-20.76070022778562 -32.708477598822583 11.899316406058414
-17.840862471479575 -20.863362284656983 4.5514994558060602
-18.503680459678296 -23.644840644027411 3.8373486740625573
-9.4482703821973448 -6.893662107176814 1.9587510470820026
-33.337004515150532 -49.501727735088586 -0.13416551538968621
-17.872632798869311 -20.786414842198951 -4.7319656573157545
-18.517069711093065 -23.665117953121214 -4.0349524254308085
-14.522702856130076 -11.963150905814329 -0.095290504147509433
-20.966679118965018 -32.901384863449195 -12.226484587767544
-8.5944025798417041 -9.2656230037423235 -6.1310278156745666
-12.386429084195788 -15.417465238097421 -7.2647109423538723
-9.3856279782363323 -6.717435265651921 -2.057484475076711
-10.766696193474205 -16.611280608456173 -10.724513052457391
-6.7859899382930511 0.96621186481877197 -1.4263863239652033
-6.770373880351662 0.91650170673986298 1.3680598884435078
4.1841188075886704 -4.1790867825554789 -0.017963896629416758
-15.554382141103398 12.39441619881887 7.3075533250565137
-11.847420563987781 11.845970602557633 1.5761286563950097
-23.622260854717048 18.478018762823066 3.9151158227471718
-0.968077690471571 6.803644449048579 -1.4115997971828556
-6.9549289590570629 9.4515237494632682 2.0227215444324842
-16.509756763782264 16.526814729331388 -0.062609081592188545
-23.720114978794061 18.578752168121849 -4.0315866101206899
-0.91064863285534703 6.7542293451779019 1.3598560429466047
-12.069886490829493 14.498518597781123 -0.072201080136384779
-11.781169361413589 11.778017329153533 -1.5663766885260619
-15.475155091949485 12.428126217401152 -7.2477214929597151
-6.8632199803714737 9.4247516708023564 -2.0074452215595908
-15.545014554907333 7.3218936256008087 12.372411500536863
-16.733969380099936 10.725185647477167 10.760382939000699
-39.651408896961165 20.926135423078303 20.937273465906586
-9.4958994885506556 8.5359782141188258 6.1753041306788585
-9.4827395404999155 6.1561968268787179 8.5424545796733398
-32.527808968833554 20.567563942000003 11.977147794524308
-50.525907525016422 28.270177918884496 9.5324564626234167
-20.928039893967696 17.665526937105923 4.572629591843957
-26.665848326250288 17.672257131729523 12.327446547266566
-48.69911665696732 32.453786340192011 -0.066767605047958006
-50.445140558733094 28.212122371503916 -9.5811761754790279
-20.865032555045477 17.718238542097669 -4.6686765694478369
-32.50505207240316 21.214714483773101 -0.035368174642201454
-32.546203898267436 20.667346258953248 -11.933586287409648
-39.212554292862585 20.755871815540523 -20.720777822407729
-9.471691440619022 8.578525987545353 -6.1302654620820078
-26.645693182819571 17.701721120304224 -12.325008400884883
-16.655106491921956 10.783237729857477 -10.743395218894019
-15.526192540692593 7.2699913773296787 -12.471468202706234
-9.4865451957332247 6.1123704007314021 -8.5866594305280675
-6.8243302245677402 -1.3382471077309264 1.0230847255358257
-11.836297417898633 1.6720282243550388 11.852582151412506
-23.626301195514333 4.0252942705905133 18.424728332872309
-6.96094858453906 2.0886777870393964 9.409214050835585
-1.0264455446459102 -1.3533921305113144 6.8194566223502688
-32.632888125823989 12.092745186989321 20.598131675497974
-50.598722072946344 9.6090766697397161 28.235715542878058
-26.696569986451927 12.394987424228843 17.707617816532693
-20.974779150819128 4.7061955588122366 17.666692499662858
-48.980629335520675 18.893909595342024 18.825254778062945
-44.487158108619809 7.3610173001029464 7.2898796572959688
-35.699711570898167 14.128499970609576 7.1198331733778026
-35.669658026082779 7.1663271225420857 14.080159464094681
-46.659544498924333 16.272810758979656 -0.039935267651259848
-44.242637697122099 7.3464396577284825 -7.357999140521013
-35.650839165693398 14.114498866640995 -7.1975360581177732
-37.617711322543926 6.3384166052272031 -0.036572311129843181
-48.966904556558582 18.895792353534706 -18.834140955403786
-50.414929616713273 9.5642064465180479 -28.291661463516835
-26.672496680976213 12.331639647826025 -17.685645094562673
-35.671299854150107 7.2141765541504181 -14.098143082230704
-32.647936934042221 11.977818262022174 -20.687817294863233
-23.571393675981451 3.8653700118012502 -18.52488718330892
-6.8806961839044529 2.0123351691004387 -9.4402989869778722
-20.869972991407128 4.6020483036374236 -17.764643991687912
-11.755042343646009 1.5365022533343913 -11.817718522344023
-6.7092129087413435 -1.431040839748287 -0.87001792431462399
-0.87283848117487195 -1.4215523581032579 -6.7635672155454936
-6.8600445034903128 1.4327015489042001 1.0769896612708005
4.1171768440695731 0.026349393435040655 -4.1220457321418769
-16.605413051730249 0.063311568256290474 16.60355813987772
-23.609452054832605 -3.8411935219410589 18.376944322068407
-12.221844134128071 0.05028434752110602 14.535462079204642
-1.0785918492457689 1.4306209987768459 6.8508630859560506
-48.507345265109031 0.052577225717244075 32.190830899372649
-50.655035513872996 -9.5912598087478482 28.194646422472136
-32.532708958347037 -0.045182300181670694 21.122554825197469
-21.022425824283523 -4.5886472350966612 17.583121418916281
-46.80818125714022 -0.012062522848201144 16.255234355636922
-44.406418378861218 -7.3931029059084157 7.2902809572872762
-37.656641214495544 -0.024128835559552111 6.3268318715678813
-35.836581491637901 -7.2263105431130832 14.125314494215468
-41.525133938934225 0.024853014118163159 -0.063665240174644061
-44.445581675137859 -7.3819550192188492 -7.3516858138668715
-37.617617333367264 0.010962305480409129 -6.3466192062776843
-37.587964658846218 -6.3768631507265621 0.0095442897007649401
-46.719563934400078 0.0029916073409920292 -16.274705321296796
-50.423868050690302 -9.6322251451902048 -28.356437185630831
-32.398659560128181 -0.025876001530382765 -21.181163470181378
-35.548316736322228 -7.1788042449173401 -14.084813732598263
-48.782199385427646 -0.070118309687968325 -32.78620749701679
-23.608639824604115 -3.9976310320378854 -18.510722066976193
-11.985764587786433 -0.046160324386644511 -14.537213844347923
-20.815533825664435 -4.6972179086383967 -17.795082908160808
-16.425647483013265 -0.022942068019218977 -16.47526821271283
-6.7345691720927903 1.3936409494468889 -0.85462475138693028
4.2423954941553816 -0.014134524594408013 4.2272732086869071
-0.84344255360239773 1.3761128293491163 -6.7255903306516549
-11.954678880757687 -1.5814450255009356 11.934851177961093
-15.652566737422147 -7.3559981530841414 12.431612833106721
-7.1170738325060725 -2.0176110055844756 9.4515760514762039
-32.370170582247248 -11.813825774098319 20.268546581705575
-38.868811306614191 -20.486531798163089 20.367190423547768
-26.752444747772035 -12.251626831411699 17.515204170088708
-9.6918116875542442 -6.1660257760187651 8.5345116435623112
-49.176504268844866 -18.944989493296585 18.813037701210398
-50.632259607623929 -28.291944264391244 9.5964699223175529
-35.776510792481879 -14.16847268884654 7.1929290857338701
-26.692628277522008 -17.646125984830586 12.181471831699172
-46.485981082112708 -16.239240302467554 -0.038801018822099152
-50.418592364308836 -28.322258716250623 -9.6708040116816587
-35.668934111633199 -14.198760896848494 -7.1630882993526415
-32.456722090654949 -21.164065249354852 -0.025890866696159098
-49.090094857736176 -19.015136647003537 -18.969528043620155
-39.825052708233152 -21.280594773282534 -21.196976553953348
-26.56739736309299 -12.463330792877441 -17.798805522699855
-26.516495741710294 -17.800530527742204 -12.419712254017819
-32.819463635683285 -12.186355065477533 -20.846373608898546
-15.435813859548334 -7.2723149059868097 -12.318408065045174
-6.7799118566357484 -2.0511534513434078 -9.4053110929958876
-9.318225187704801 -6.1768826147021088 -8.545753986278255
-11.740310319424687 -1.5845348551387213 -11.716099704886229
-16.780752765797558 -10.918686175126863 10.737461008331977
-15.601628452471044 -12.557640613845328 7.2201838894032457
-9.6113215985608562 -8.6633843870222123 6.048098127413513
-32.431024123694741 -20.597282725072226 11.760529140579065
-23.617672189200373 -18.511995233685763 3.8356466520016017
-20.890762901329893 -17.699988753713225 4.5571839993301202
-6.9258009166289298 -9.4586910221085727 1.9618136743925902
-49.075681021625243 -32.854914143558076 -0.12989876968948152
-23.533025298090411 -18.518667532711991 -4.0458708552203602
-20.805949670218222 -17.722730349931531 -4.7069048922509902
-12.013171189728718 -14.53818533403112 -0.048283861789177124
-32.730091474638421 -20.806537114296617 -12.248035131608052
-15.424264983955281 -12.376347054604086 -7.282981484476597
-9.254162102199194 -8.5668888322883561 -6.1516012026502658
-6.7474803682882367 -9.4241107108027471 -2.1153560771968949
-16.593524059197115 -10.802501661571487 -10.68030990012659
-11.796238076669511 -11.840987107057098 1.5067519880624107
-6.7582913874736041 -0.90115888936844069 -1.4664920282579341
-0.89657489535219792 -6.7776076304784478 -1.465102929385752
-16.493491245998207 -16.539493135003511 -0.058253340347449237
-6.7015451182369556 -0.83158979268368638 1.3460943099720657
-0.84051670561135272 -6.7542302540135672 1.3414020247759799
4.2410325102066171 4.230941658888649 -0.035846490289434887
-11.713289801104089 -11.75503947213236 -1.6446570570326449
