0 5000694269286326272
8.03691858821387852992e-06 4454199773264175.5
1.62760838221359266386e-05 850267151468107.25
2.47225851779441107192e-05 319606433678472.1875
3.33816402069581300168e-05 158553975741895.875
4.22585977586117003788e-05 91574262793300.578125
5.13589412845299808164e-05 58229523570458.9609375
6.06882922257539157967e-05 39568089210411.75
7.02524134852019062044e-05 28226312873613.8671875
8.00572129875159798967e-05 20897181570476.9453125
9.01087473284896585402e-05 15931017400600.7675781
0.000100413225516333108481 12436402364784.5625
0.000110977012807085651338 9900327053604.5
0.000121806634636545795133 8012111602864.0546875
0.000132908780651146748303 6575507797469.89453125
0.000144290308840267557941 5462078233804.390625
0.000155958249772533127714 4585185868631.84667969
0.000167919810938719159775 3884844527488.57128906
0.000180182381203944797649 3318564638860.57421875
0.000192753535371903970443 2855640950713.64208984
0.000205641038863953212095 2473486448260.45605469
0.000218852852515948661247 2155220335572.64282227
0.000232397137495793035256 1888045210679.53100586
0.000246282260344731136238 1662133637936.52392578
0.000260516798145509344102 1469850079340.52514648
0.000275109543820588331453 1305198423018.4375
0.000290069511563685296721 1163423782673.04833984
0.000305405942407998664927 1040721569106.40063477
0.000321128309934555510909 934022270624.051757812
0.00033724632612420807256 840830408259.373901367
0.000353769947356893704662 759102738490.334106445
0.000370709380561864618436 687155201441.959472656
0.000388075089522686288591 623591230923.150756836
0.000405877801340899144709 567245977216.900146484
0.000424128513062336175675 517142630056.307861328
0.000442838498470190882438 472457906129.054626465
0.000462019315049028676812 432494616835.638427734
0.000481682811124048177332 396659710452.888916016
0.000501841133179997678226 364446584171.917785645
0.00052250673336427073349 335420753181.820739746
0.000543692377178815766138 309208176018.291137695
0.000565411151365608345525 285485692844.289855957
0.000587676471990560976739 263973155111.340423584
0.00061050209273086082206 244426916803.178619385
0.000633902113370855987105 226634427709.849273682
0.000657890988511739211245 210409722259.339263916
0.000682483536500406062948 195589640328.962219238
0.000707694948583007855426 182030649083.576721191
0.000733540798288848517987 169606161601.68069458
0.00076003705105042601315 158204264240.685333252
0.000787200074065558209543 147725784118.115020752
0.000815046646407687185726 138082644173.520599365
0.000843593969390605776838 129196452828.949508667
0.000872859677194008686321 120997296054.944671631
0.00090286184775643365738 113422697467.040344238
0.000933619013942319311318 106416720781.49697876
0.000965150174990079623774 99929193905.0566711426
0.000997474808248264037044 93915035866.2799224854
0.00103061288120705760521 88333671027.5817718506
0.00106458486383254513803 83148520015.0627593994
0.00109941174121136941641 78326553253.8215789795
0.00113511502651358398876 73837901590.0687713623
0.00117171677428171442867 69655514249.7879333496
0.00120923959405423394643 65754857735.7143936157
0.00124770666433187001586 62113651198.8224029541
0.0012871417468953690131 58711632867.2593612671
0.00132756920148356248775 55530353171.2863006592
0.00136901400084080268268 52552991744.6414489746
0.00141150174614306476994 49764195089.7614364624
0.00145505868281223769978 47149932317.2222137451
0.00149971171672838034759 44697366619.536315918
0.00154548843084995296375 42394740706.6095199585
0.00159241710225229240495 40231274533.8544845581
0.0016405267195948561483 38197073833.820602417
0.00168984700102802073117 36283048193.0640869141
0.00174040841255050410426 34480837575.9674606323
0.00179224218682874354529 32782746335.9558677673
0.00184538034248986023735 31181683868.8820075989
0.00189985570390012177382 29671111172.8330574036
0.00195570192144113065569 28244992670.159942627
0.00201295349229624592063 26897752716.7418518066
0.00207164578176010109531 25624236295.3536758423
0.00213181504508436073589 24419673449.4275932312
0.00219349844987322493278 23279647064.7762527466
0.00225673409904250232144 22200063651.8482627869
0.00232156105435645356352 21177126820.3714256287
0.00238801936055691626029 20207313173.1352043152
0.00245615007009965030313 19287350375.4523544312
0.00252599526851314971215 18414197184.1881980896
0.00259759810039560633255 17585025243.1433067322
0.00267100279606609239749 16797202472.8813667297
0.00274625469888638631955 16048277901.4464473724
0.00282340029327036827478 15335967798.0490608215
0.00290248723339825431822 14658142984.9968566895
0.00298356437265340614443 14012817219.0114269257
0.00306668179379993152342 13398136542.305305481
0.00315189083991966817813 12812369514.1420173645
0.00323924414612771502733 12253898242.5496463776
0.00332879567208605462239 11721210144.0114383698
0.00342060073533537265661 11212890365.8098678589
0.00351471604546568306207 10727614813.4757232666
0.00361119973914681476751 10264143730.7055950165
0.00371011141604046150791 9821315776.06014251709
0.00381151217561592889002 9398042560.90856361389
0.00391546465489233351531 8993303608.05195426941
0.00402203306713059920152 8606141694.36533355713
0.00413128324149909451068 8235658545.6524772644
0.00424328266373747136492 7881010857.43023204803
0.00435810051784377670836 7541406604.03739929199
0.0044758077288106134714 7216101618.51051616669
0.00459647700643675723164 6904396423.99143123627
0.00472018289024125382858 6605633293.84319972992
0.0048470017955077960084 6319193525.85133171082
0.00497701206048776611385 6044494905.35852718353
0.00511029399479114802146 5780989341.6547203064
0.00524692992899517506034 5528160672.70183372498
0.00538700426550135520049 5285522621.83930778503
0.00553060353067232664953 5052616898.10679244995
0.00567781642828067787537 4829011415.94966697693
0.00582873389430284011975 4614298634.25164604187
0.00598344915309181272361 4408094008.20320606232
0.00614205777496347211236 4210034546.51189661026
0.00630465773523203668049 4019777457.99884986877
0.0064713494747311132993 3836998879.76443243027
0.00664223596185776598427 3661392690.71886396408
0.00681742275617788860004 3492669403.55949306488
0.006997018073632181763 3330555122.60672998428
0.00718113285338304457861 3174790559.76722431183
0.00736988082634361125339 3025130115.3554186821
0.00756337858543134743811 2881341018.82953834534
0.00776174565758951193889 2743202515.62453889847
0.00796510457762102802581 2610505098.78776407242
0.00817358096388040578084 2483049790.72491312027
0.0083873035958703413828 2360647470.78967380524
0.00860640449379110848704 2243118233.37510204315
0.00883101900009172595396 2130290784.51853823662
0.00906128586307333033778 2022001878.22142267227
0.00929734732259646090569 1918095784.39172053337
0.00953934919794506563928 1818423780.45663905144
0.00978744097790165169803 1722843677.06281495094
0.0100417759130890967001 1631219375.17025065422
0.010302511110636229652 1543420441.44470095634
0.01056980763122566426 1459321709.36229610443
0.0108438305885837811549 1378802909.17521905899
0.0111247492514743549774 1301748317.36086893082
0.0114127371482588488294 1228046423.1443502903
0.0117079721740878713726 1157589621.0279276371
0.0120106367007901584237 1090273924.30841779709
0.0123209176895267991797 1025998690.55365502834
0.0126390068062804446919 964666369.632221698761
0.0129651005402506916409 906182272.978298664093
0.0132994003252289230699 850454353.211153507233
0.0136421126640274698039 797393002.397947311401
0.0139934492560399737632 746910871.03114771843
0.0143536271280118536003 698922697.404209375381
0.0147228687681014488303 653345152.03749191761
0.0151014022633148958102 610096701.921581029892
0.0154894614403994299728 569097485.394952893257
0.0158872860102822234529 530269199.244777798653
0.0162951217161440564674 493535004.390031099319
0.0167132204852191296185 458819442.04181522131
0.0171418405844149454587 426048359.87330698967
0.0175812467798482675863 395148855.210330963135
0.0180317105003957624254 366049227.906270205975
0.0184935100053603591885 338678941.302604496479
0.0189669305563569326467 312968598.299635469913
0.0194522645935232864345 288849925.600040793419
0.0199498119161655787512 266255764.166109114885
0.0204598798679496360342 245120072.559500664473
0.0209827835267524000218 225377936.345376163721
0.0215188458992911051115 206965581.926944464445
0.0220683981206501143857 189820400.940190434456
0.0226317796588289370241 173880978.388144224882
0.0232093385244374096621 159087123.772774785757
0.0238014314856679759513 145379910.610058784485
0.0244084242886777116888 132701717.390321075916
0.0250306918835159590564 120996270.360195204616
0.0256686186557376003203 110208692.301320672035
0.0263225986638447664867 100285550.09394775331
0.0269930358827035511704 91174902.502568513155
0.0276803444530864008188 82826350.7504784613848
0.0283849489374940616715 75191084.6672313213348
0.0291072845824153492167 68221927.0449611842632
0.029847797587186333107 61873377.2376982569695
0.0306069453796155611924 56101647.6014246493578
0.0313851968985452561833 50864696.6539604887366
0.0321830328835228662854 46122258.5913452580571
0.0330009461717623645005 41835864.2834778428078
0.0338394420025784903316 37968858.2923808544874
0.0346990383294816934212 34486410.1939936205745
0.0355802661401272007913 31355517.2912408038974
0.0364836697843152826803 28545003.0204597301781
0.037409807310245776768 26025508.3573888130486
0.0383592508092339620762 23769475.3739045038819
0.039332586769101500479 21751126.3174523375928
0.0403304164364602715787 19946435.1767092458904
0.0413533561881127068038 18333092.6986408866942
0.0424020379117986123685 16890466.9574514254928
0.0434771093965232446887 15599556.8025653269142
0.0445792347327079452324 14442940.3973755910993
0.0457090947224102553403 13404719.6644133646041
0.0468673872998672594314 12470458.9222320280969
0.0480548279626219210225 11627120.3808104861528
0.0492721502134981434451 10862996.3033115994185
0.0505201060136983848281 10167637.3894428424537
0.0517994662473033606886 9531779.68848240934312
0.0531110211974603202423 8947269.401806011796
0.0544555810345549312634 8406986.19197902828455
0.0558339763166675606687 7904766.53081228025258
0.0572470585026237099857 7435326.50471976026893
0.058695700477954672325 6994185.2447964111343
0.060180797094094358457 6577589.72932954318821
0.0617032657211447482792 6182440.72270949091762
0.0632640468145511114528 5806221.03232193738222
0.0648641044960379525852 5446926.28078135289252
0.0665044271491639638061 5102998.34578165225685
0.0681860280298634269247 4773262.28683542180806
0.0699099458923524152976 4456866.73435730766505
0.0716772456307851746349 4153228.07886733487248
0.0734890189370581703443 3861978.84572659898549
0.0753463849751667968935 3582920.20479321992025
0.0772504910725326926491 3315978.8899647933431
0.0792025134287281801226 3061168.59134471789002
0.0812036578420347876506 2818555.76333977095783
0.0832551604542862422331 2588229.91967726871371
0.0853582885144546360534 2370278.29054416669533
0.0875143411614526384179 2164764.72386201377958
0.0897246502266336870557 1971712.71115931379609
0.0919905810564878440028 1791092.3236200872343
0.0943135333560402577824 1622810.85658480483107
0.0966949420534729819909 1466706.95194801711477
0.0991362781865054026875 1322547.89649223838933
0.101639049811080156571 1190029.79733259859495
0.104204802932915049918 1068780.28796415776014
0.106835122462498197105 958363.353369391988963
0.109531633194114672025 858285.917742908466607
0.112296000809510701512 768005.770671023055911
0.115129932906813725602 686940.430231733364053
0.118035180055345953476 614476.632405328913592
0.121013536876981755985 549980.058200953993946
0.124066843154716457964 492805.051593918062281
0.127196984969132592669 442304.097559101646766
0.130405895863465182138 397836.773730315966532
0.133695558037984552069 358778.065209082385991
0.137068003574436270142 324525.837830501317512
0.140525315691293589682 294507.321075478044804
0.144069630030598028192 268184.572674351453315
0.147703135977182264948 245058.784957664785907
0.151428078011091510335 224673.450347986654378
0.155246757094038567715 206616.410632405255456
0.159161532090747182 190520.770273132191505
0.163174821226064359347 176064.812139919609763
0.167289103578740522282 162970.974487386003602
0.171506920612798763326 151003.992775235179579
0.175830877747442354542 139968.375567625771509
0.180263645966466962145 129705.303610070346622
0.184807963468175046051 120089.115460564455134
0.189466637356807410253 111023.519700846329215
0.194242545376541286828 102437.639763286933885
0.199138637689123293439 94282.0393314068351174
0.204157938696235219389 86524.8228347689582733
0.20930354890772015497 79147.9069369572680444
0.214578646856821153577 72143.5535427080030786
0.21998649106361770067 65511.2190262061267276
0.225530422047868994717 59254.7746106670383597
0.23121386439251218059 53380.127544389491959
0.237040328859087351399 47893.2545867955850554
0.243013414556395190846 42798.6462845799833303
0.249136811163729848806 38098.1427816776340478
0.25541430121005886944 33790.1350733509170823
0.261849762410556075043 29869.1008812825093628
0.268447170061934803353 26325.4441055688803317
0.27521059949805765088 23145.6045753080106806
0.282144228607342228976 20312.4010218271505437
0.289252340413514275053 17805.5597527305289987
0.296539325721307034378 15602.3688235887348128
0.304009685828738607238 13678.3858699716765841
0.311668035307640922671 12008.1348365948997525
0.319519104854161906104 10565.7579062267486734
0.327567744210999822752 9325.60742381751879293
0.335818925163172965487 8262.77274957273039035
0.344277744609178038004 7353.53463292509786697
0.352949427709433771749 6575.73464193706149672
0.361839331113954554286 5909.05690118895927299
0.370952946271244532461 5335.21922941463890311
0.380295902820462661253 4838.07638604205294541
0.389873972068949581349 4403.64479833214863902
0.3996930705572632192 4020.05537406555049529
0.409759263713929899886 3677.44750652163884297
0.420078769602166945951 3367.81694101336734093
0.430657962760886248166 3084.82898412797658239
0.44150337814235968148 2823.61164318890132563
0.452621715148972869613 2580.53921232578068157
0.464019841771564078847 2353.01670931578883028
0.475704798831899811073 2139.27419354793755701
0.487683804331914771968 1938.17660905539514715
0.499964257912398402084 1749.05426682820211681
0.512553745423880102727 1571.55649729910214774
0.525460043612542837543 1405.52944546602316223
0.538691124924054354217 1250.91801306817274053
0.552255162428287760257 1107.69050037300212352
0.566160534867967024653 975.783987365515372403
0.580415831834362960784 855.067931494783579183
0.595029859073236688793 745.323179739688725931
0.610011643924298185837 646.233564714092153736
0.625370440897553558912 557.387321776983753807
0.641115737389979511995 478.285732568370008266
0.657257259546049965593 408.35670800717258544
0.673804978265748144572 346.97129111249091693
0.690769115363764174553 293.461386930913533888
0.708160149883690248629 247.137447189626243471
0.725988824571106361461 207.305033407050927963
0.744266152509562295414 173.279634011776096258
0.763003423923554580099 144.399320607261870464
0.782212213152690405416 120.034989587077546958
0.801904385801361918595 99.5982479285515438505
0.822092106068339045777 82.5469420495362840029
0.842787844260802776475 68.3885070533440284635
0.864004384497474853255 56.6813964966366512499
0.885754832605589625949 47.0347846252408956502
0.908052624216595161144 39.1069220415195673013
0.930911533065572727175 32.6024379673260824575
0.954345679499515320288 27.2688783859377643637
0.978369539199716919953 22.8928081854963494379
1.00299795212364228902 19.2956640355704891476
1.02824613167184142348 16.3295712061671878246
1.054129674085525048 13.8732775756875010842
1.0806645680806308274 11.828287256640155789
1.10786720472434341289 10.1152971386554941802
1.13575438756013658015 8.67096919205264171637
1.16434334298760955306 7.44506264613144974618
1.19365173090354681484 6.39794266063474381667
1.22369765561073906568 5.49844428553577468932
1.25449967700131947979 4.72207906280615485883
1.28607682202154682827 4.04955545978099440418
1.31844859642507583608 3.46557641055428877763
1.35163499682199428342 2.9578836623142610307
1.38565652303109221322 2.51651018190428565902
1.42053419074295095292 2.13320693190280730178
1.45628954450169478818 1.8010134019708781139
1.49294467101344796589 1.51394146388718708884
1.53052221278966094076 1.26674866094175020415
1.56904538213380018163 1.05477937722332026915
1.60853797547998733641 0.873855600471326710021
1.64902438809246265627 0.720203843790808595493
1.69052962913498272535 0.590406406645034187441
1.73307933711940886923 0.481368553726523484837
1.77669979574305481052 0.3902956683662002213
1.82141795012460172565 0.314675436037271605283
1.86726142344856183009 0.252262515550887245208
1.91425853402859069696 0.201063773510034765613
1.96243831280022229535 0.159322889814850238155
2.01183052125377681563 0.12550428051950399122
2.0624656698185410697 0.0982760437530204727929
2.11437503670961435276 0.0764922544891136202416
2.16759068724899695013 0.0591750568742286653379
2.22214549367288993764 0.0454967351037053047147
2.2780731554374722414 0.0347623236702016211175
2.33540822003561610032 0.0263929982341677103752
2.39418610433749989852 0.0199104635620088211978
2.45444311646821855533 0.0149226246639746259331
2.51621647823593219684 0.0111105503840749891137
2.57954434812445132508 0.00821682805907203960005
2.64446584486438762696 0.00603531210894156077557
2.71102107159746008591 0.00440217250385300552795
2.7792511406489368575 0.00318821423937658710718
2.84919819892341807943 0.00229234040180935003117
2.92090545393970479893 0.00163604775010596698893
2.99441720052086068904 0.00115885504381481188943
3.06977884815588897283 0.000814528218787286917117
3.14703694904994746295 0.00056800358049354014809
3.22623922688048914154 0.000392903244193003656475
3.30743460627699770171 0.000269542994165328025306
3.39067324304256434431 0.000183355625793396711989
3.47600655513604150926 0.000123651140955433129194
3.56348725443379166222 8.26514783238778394901e-05
3.65316937929071805513 5.47471583273540039066e-05
3.74510832792074399578 3.59284630745188945824e-05
3.8393608926172020368 2.33553889252898068082e-05
3.9359852948344724588 1.50352861035959308258e-05
4.03504122115237340296 9.58327345428335269743e-06
4.13658986014558038846 6.04635420472890460549e-06
4.24069394018092005183 3.77527731306148342985e-06
4.34741776816575598019 2.33224030524160203908e-06
4.45682726927146344309 1.42514591290332741228e-06
4.5689900276566044468 8.61181456791608273146e-07
4.68397532821482442955 5.1447273462295799616e-07
4.80185419937330770779 3.03768887907975709404e-07
4.92269945696833222115 1.7721917166169880832e-07
5.04658574922485403391 1.02125586526461050822e-07
5.17358960286799618444 5.81138872411657389261e-08
5.3037894703949897135 3.26439975957261069123e-08
5.43726577853663339823 1.80950639685510677035e-08
5.57410097793824999002 9.89457496178523552335e-09
5.71437959409096318808 5.33526233327968497565e-09
5.85818827954448906326 2.83580481501662355258e-09
6.0056158674339954473 1.48521257150554663016e-09
6.15675342635385280943 7.6616621028551619881e-10
6.31169431661226454366 3.89139506439643935515e-10
6.47053424790161990643 1.94514818105136786627e-10
6.63337133842000792328 9.56505832109609068626e-11
6.80030617548051186105 4.62510740323775566793e-11
6.97144187764581069189 2.19819160430780240373e-11
7.14688415842628810282 1.02643648865691391754e-11
7.32674139158106996206 4.70673248415605966986e-12
7.51112467806246364432 2.11852994877625275745e-12
7.70014791464491921147 9.35569846207885937925e-13
7.89392786428101178586 4.05164657912988434366e-13
8.0925842282280378015 1.7198928381298292502e-13
8.29623971998953457785 7.15260278535242262115e-14
8.50502014111750348491 2.91274013291164857473e-14
8.7190544589223115679 1.16091318279441975502e-14
8.93847488613801388624 4.52600115227137546091e-15
9.16341696259241444977 1.7251467005630927016e-15
9.39401963893249281057 6.42527771764817546101e-16
9.63042536245651881188 2.33697982386209722812e-16
9.87278016510634870428 8.29630788112226038875e-17
10.1212337536738559152 2.87278897900989086381e-17
10.3759396022773771051 9.69736857927653476237e-18
10.6370550471654539137 3.18916653758231240632e-18
10.9047413839061331231 1.02108963026380974586e-18
11.1791639670220011027 3.18097729947986256962e-19
11.4604923121326613966 9.63518733305679656851e-20
11.7489002006674461143 2.83559958516364235648e-20
12.0445657872131679511 8.10302118619177897505e-21
12.3476717095634445087 2.24647310213184277998e-21
12.6584052015371959499 6.03822642206862637371e-22
12.976958208636164116 1.5723624004770570653e-22
13.3035275066131379873 3.96303133240035428131e-23
13.6383148230237107867 9.66177187857014944999e-24
13.9815269618368365201 2.27631869959786405576e-24
14.3333759311814077364 5.17811854599755185409e-25
14.6940790743072060565 1.1364975566364339578e-25
15.0638592038417638008 2.40395360204483355972e-26
15.442944739425575662 4.896888050595294994e-27
15.8315698488107763353 9.59724675893646694338e-28
16.2299745925108460654 1.80749388592294416636e-28
16.6384050720900802389 3.26919188652669888825e-29
17.0571135821847335023 5.67104762218922606964e-30
17.4863587663500013036 9.42565676592682447346e-31
17.9264057768285702821 1.49983176703920569846e-31
18.3775264383396930157 2.28109400967437201406e-32
18.839999415990241971 3.31395154442423506034e-33
19.314110387410924119 4.59285593969466971364e-34
19.8001522192242482845 6.06280049652717652804e-35
20.2984251479535195983 7.61933622881371933479e-36
20.8092369654841213844 9.09780559034157830163e-37
21.3329032091917909497 1.03117102014620645656e-37
21.8697473568558429236 1.10838974398331982745e-38
22.4201010264767290892 1.12710756560514092378e-39
22.984304181122535482 1.0841561627954913219e-40
23.5627053389299874198 9.84394294853960218975e-42
24.1556617883900734967 8.42150584262431198084e-43
24.7635398090516076763 6.7876825201267332954e-44
25.3867148977783969599 5.13693607419132738555e-45
26.0255720007000661553 3.64937709073635531011e-46
26.680505751000268333 2.43030929057809152671e-47
27.3519207126883578951 1.51165560010974560163e-48
28.0402316305055094858 8.79216655555814337603e-50
28.745863686120038949 0
29.4692527607694323422 0
30.2108457045116196582 0
30.9711006122523748729 0
31.7504871067183671585 0
32.5494866285511790238 0
33.3685927337018739536 0
34.2083113983090356669 0
35.0691613312487859844 0
35.9516742945508127605 0
36.8563954318765212292 0
37.7838836052642506047 0
38.7347117403478904407 0
39.7094671802628909063 0
40.7087520484587344072 0
41.7331836206409008128 0
42.783394706072655822 0
43.86003403847279003 0
44.9637666767495360887 0
46.0952744158188636447 0
47.2552562077615192493 0
48.4444285935777614327 0
49.6635261458069123819 0
50.9133019222861946673 0
52.1945279313274497213 0
53.5079956085998276194 0
54.8545163060141121036 0
56.2349217929081888201 0
57.6500647698461108348 0
59.1008193953459226577 0
60.5880818258622255712 0
62.1127707693583488435 0
63.6758280528079865235 0
65.2782192039777555692 0
66.9209340478513183825 0
68.6049873180611200496 0
70.3314192837067793107 0
72.1012963919481393305 0
73.9157119267679831864 0
75.775786684312208763 0
77.682669665225930089 0
