0.00000000000000000 -0.00000000702240127 0.00000001114985001
0.00000803691858821 0.00000313047123395 -0.00000497063306502
0.00001627608382214 0.00000957919823995 -0.00001521006788327
0.00002472258517794 0.00001858718496139 -0.00002951315352330
0.00003338164020696 0.00002993132099339 -0.00004752563036460
0.00004225859775861 0.00004352006966918 -0.00006910215454782
0.00005135894128453 0.00005932229157577 -0.00009419328234166
0.00006068829222575 0.00007734155480871 -0.00012280467938650
0.00007025241348520 0.00009760428075377 -0.00015497829829989
0.00008005721298752 0.00012015346347920 -0.00019078240618659
0.00009010874732849 0.00014504503680728 -0.00023030581619360
0.00010041322551633 0.00017234564777082 -0.00027365435215459
0.00011097701280709 0.00020213124127111 -0.00032094860127857
0.00012180663463655 0.00023448614386504 -0.00037232245936694
0.00013290878065115 0.00026950247118407 -0.00042792218990051
0.00014429030884027 0.00030727975482394 -0.00048790583160699
0.00015595824977253 0.00034792472423153 -0.00055244285213665
0.00016791981093872 0.00039155120172403 -0.00062171398137179
0.00018018238120394 0.00043828008318533 -0.00069591118077643
0.00019275353537190 0.00048823938547488 -0.00077523771867374
0.00020564103886395 0.00054156434743172 -0.00085990833062277
0.00021885285251595 0.00059839757527671 -0.00095014945029180
0.00023239713749579 0.00065888922552040 -0.00104619949988391
0.00024628226034473 0.00072319722088511 -0.00114830923298313
0.00026051679814551 0.00079148749546093 -0.00125674212381895
0.00027510954382059 0.00086393426678920 -0.00137177479928662
0.00029006951156369 0.00094072033304728 -0.00149369751082402
0.00030540594240800 0.00102203739412494 -0.00162281464422386
0.00032112830993456 0.00110808639581376 -0.00175944526614524
0.00033724632612421 0.00119907789670115 -0.00190392370667606
0.00035376994735689 0.00129523245760687 -0.00205660017768856
0.00037070938056186 0.00139678105346536 -0.00221784142683505
0.00038807508952269 0.00150396550820453 -0.00238803142805735
0.00040587780134090 0.00161703895253874 -0.00256757210847994
0.00042412851306234 0.00173626630566927 -0.00275688411326376
0.00044283849847019 0.00186192478104525 -0.00295640760866341
0.00046201931504903 0.00199430441715854 -0.00316660312483350
0.00048168281112405 0.00213370863407432 -0.00338795243949864
0.00050184113318000 0.00228045481650790 -0.00362095950377352
0.00052250673336427 0.00243487492437447 -0.00386615141160497
0.00054369237717882 0.00259731613181013 -0.00412407941442073
0.00056541115136561 0.00276814149568434 -0.00439531998260514
0.00058767647199056 0.00294773065469421 -0.00468047591553252
0.00061050209273086 0.00313648056018947 -0.00498017750198299
0.00063390211337086 0.00333480623994128 -0.00529508373286629
0.00065789098851174 0.00354314159608298 -0.00562588356820410
0.00068248353650041 0.00376194023852620 -0.00597329726044002
0.00070769494858301 0.00399167635521128 -0.00633807773623507
0.00073354079828885 0.00423284562069940 -0.00672101203914191
0.00076003705105043 0.00448596614441405 -0.00712292283523437
0.00078720007406556 0.00475157946000959 -0.00754466998403810
0.00081504664640769 0.00503025155780792 -0.00798715217784440
0.00084359396939061 0.00532257396134049 -0.00845130865105434
0.00087285967719401 0.00562916485016349 -0.00893812096299459
0.00090286184775643 0.00595067023043070 -0.00944861485656245
0.00093361901394232 0.00628776515496959 -0.00998386219547114
0.00096515017499008 0.00664115499484103 -0.01054498298324002
0.00099747480824826 0.00701157676414729 -0.01113314746673129
0.00103061288120706 0.00739980049988963 -0.01174957832709304
0.00106458486383255 0.00780663069932773 -0.01239555296200252
0.00109941174121137 0.00823290781606342 -0.01307240586114980
0.00113511502651358 0.00867950981775958 -0.01378153107958421
0.00117171677428171 0.00914735380712164 -0.01452438481150663
0.00120923959405423 0.00963739770822285 -0.01530248806781224
0.00124770666433187 0.01015064202076104 -0.01611742946149218
0.00128714174689537 0.01068813164429464 -0.01697086810414491
0.00132756920148356 0.01125095777452430 -0.01786453661687808
0.00136901400084080 0.01184025987421458 -0.01880024425971999
0.00141150174614306 0.01245722772101768 -0.01977988018313149
0.00145505868281224 0.01310310353456054 -0.02080541680536737
0.00149971171672838 0.01377918418507423 -0.02187891331930494
0.00154548843084995 0.01448682348605121 -0.02300251933268595
0.00159241710225229 0.01522743457335066 -0.02417847864561380
0.00164052671959486 0.01600249237313153 -0.02540913316908373
0.00168984700102802 0.01681353616101593 -0.02669692698836028
0.00174040841255050 0.01766217221487396 -0.02804441057499708
0.00179224218682874 0.01855007656359960 -0.02945424515126135
0.00184538034248986 0.01947899783420654 -0.03092920721065900
0.00189985570390012 0.02045076019953961 -0.03247219319820478
0.00195570192144113 0.02146726642884779 -0.03408622435400189
0.00201295349229625 0.02253050104338339 -0.03577445172356700
0.00207164578176010 0.02364253357911524 -0.03754016133821385
0.00213181504508436 0.02480552195854647 -0.03938677956865469
0.00219349844987322 0.02602171597351285 -0.04131787865479594
0.00225673409904250 0.02729346088070488 -0.04333718241449457
0.00232156105435645 0.02862320111150395 -0.04544857213379744
0.00238801936055692 0.03001348409754858 -0.04765609264091007
0.00245615007009965 0.03146696421324937 -0.04996395856582658
0.00252599526851315 0.03298640683624745 -0.05237656078719828
0.00259759810039561 0.03457469252656276 -0.05489847306762216
0.00267100279606609 0.03623482132489789 -0.05753445887808564
0.00274625469888639 0.03796991717025718 -0.06028947841181765
0.00282340029327037 0.03978323243669158 -0.06316869578724073
0.00290248723339825 0.04167815258858797 -0.06617748643909727
0.00298356437265341 0.04365820095352278 -0.06932144469618864
0.00306668179379993 0.04572704361122940 -0.07260639154341890
0.00315189083991967 0.04788849439671906 -0.07603838256502489
0.00323924414612772 0.05014652001504782 -0.07962371606500561
0.00332879567208605 0.05250524526461329 -0.08336894135979593
0.00342060073533537 0.05496895836521099 -0.08728086723719132
0.00351471604546568 0.05754211638638432 -0.09136657057442450
0.00361119973914681 0.06022935077083820 -0.09563340510708199
0.00371011141604046 0.06303547294665902 -0.10008901033891487
0.00381151217561593 0.06596548002145101 -0.10474132058159530
0.00391546465489233 0.06902456055038662 -0.10959857411170043
0.00402203306713060 0.07221810036910652 -0.11466932243052054
0.00413128324149909 0.07555168848129884 -0.11996243961052967
0.00424328266373747 0.07903112298969990 -0.12548713171062972
0.00435810051784378 0.08266241705741713 -0.13125294623935393
0.00447580772881061 0.08645180488558471 -0.13726978164380232
0.00459647700643676 0.09040574769185221 -0.14354789679967872
0.00472018289024125 0.09453093967238799 -0.15009792047491455
0.00484700179550780 0.09883431392872655 -0.15693086073721174
0.00497701206048777 0.10332304833824521 -0.16405811427179967
0.00511029399479115 0.10800457134530043 -0.17149147557290853
0.00524692992899518 0.11288656764882421 -0.17924314597051136
0.00538700426550136 0.11797698375926612 -0.18732574244925210
0.00553060353067233 0.12328403339611577 -0.19575230621385753
0.00567781642828068 0.12881620269281968 -0.20453631094830649
0.00582873389430284 0.13458225517541750 -0.21369167071525241
0.00598344915309181 0.14059123647825014 -0.22323274743747185
0.00614205777496347 0.14685247875733565 -0.23317435789873106
0.00630465773523204 0.15337560475728235 -0.24353178019395733
0.00647134947473111 0.16017053148478555 -0.25432075955411326
0.00664223596185777 0.16724747344109803 -0.26555751347012785
0.00681742275617789 0.17461694536113184 -0.27725873603271883
0.00699701807363218 0.18228976440120040 -0.28944160139596986
0.00718113285338304 0.19027705171331513 -0.30212376626601850
0.00736988082634361 0.19859023334502110 -0.31532337131790339
0.00756337858543135 0.20724104039766650 -0.32905904143395193
0.00776174565758951 0.21624150836696146 -0.34334988464272037
0.00796510457762103 0.22560397558836645 -0.35821548963541838
0.00817358096388041 0.23534108071044102 -0.37367592173766673
0.00838730359587034 0.24546575911194002 -0.38975171720278295
0.00860640449379111 0.25599123816359542 -0.40646387566919723
0.00883101900009173 0.26693103124442558 -0.42383385063873558
0.00906128586307333 0.27829893041734294 -0.44188353782444634
0.00929734732259646 0.29010899765611448 -0.46063526119644660
0.00953934919794507 0.30237555450497455 -0.48011175653718086
0.00978744097790165 0.31511317006845263 -0.50033615234329976
0.01004177591308910 0.32833664721552031 -0.52133194788998183
0.01030251111063623 0.34206100685629143 -0.54312298823244842
0.01056980763122566 0.35630147017123748 -0.56573343595389169
0.01084383058858378 0.37107343867133469 -0.58918773946659142
0.01112474925147435 0.38639247193794690 -0.61351059762595561
0.01141273714825885 0.40227426289059148 -0.63872692041616752
0.01170797217408787 0.41873461046117139 -0.66486178551443831
0.01201063670079016 0.43578938952187052 -0.69194039049102085
0.01232091768952680 0.45345451788187835 -0.71998800035125943
0.01263900680628044 0.47174592023151601 -0.74902989022663125
0.01296510054025069 0.49067948888607865 -0.77909128298001418
0.01329940032522892 0.51027104112198085 -0.81019728139557856
0.01364211266402747 0.53053627297790218 -0.84237279475088789
0.01399344925603997 0.55149070938968425 -0.87564245956251252
0.01435362712801185 0.57314965044266697 -0.91003055416138423
0.01472286876810145 0.59552811360483460 -0.94556090688063565
0.01510140226331490 0.61864077184159116 -0.98225679769811514
0.01548946144039943 0.64250188739983805 -1.02014085299611268
0.01588728601028222 0.66712524111973337 -1.05923493321306750
0.01629512171614406 0.69252405722406329 -1.09956001330742881
0.01671322048521913 0.71871092338915898 -1.14113605572198407
0.01714184058441495 0.74569770595978202 -1.18398187562984236
0.01758124677984827 0.77349546032358174 -1.22811499848651007
0.01803171050039576 0.80211433627132489 -1.27355150961172492
0.01849351000536036 0.83156347821595866 -1.32030589559914002
0.01896693055635693 0.86185092036028055 -1.36839087769606849
0.01945226459352329 0.89298347665016764 -1.41781723689407135
0.01994981191616558 0.92496662539262342 -1.46859363053834469
0.02045987986794964 0.95780438869646778 -1.52072640070625398
0.02098278352675240 0.99149920655322676 -1.57421937406506940
0.02151884589929111 1.02605180544435903 -1.62907365302786533
0.02206839812065011 1.06146106171062482 -1.68528739858193832
0.02263177965882894 1.09772385948848816 -1.74285560447978605
0.02320933852443741 1.13483494319839173 -1.80176986276857787
0.02380143148566798 1.17278676502151202 -1.86201812135151057
0.02440842428867771 1.21156932730388700 -1.92358443348413632
0.02503069188351596 1.25117002023323587 -1.98644869975423788
0.02566861865573760 1.29157345566530335 -2.05058640393801550
0.02632259866384477 1.33276129737319882 -2.11596834316719340
0.02699303588270355 1.37471208865168371 -2.18256035388747271
0.02768034445308640 1.41740107863352316 -2.25032303576417636
0.02838494893749406 1.46080004783406148 -2.31921147435535513
0.02910728458241535 1.50487713432644221 -2.38917496478039393
0.02984779758718633 1.54959666205386926 -2.46015673877757735
0.03060694537961556 1.59491897172415986 -2.53209369585882360
0.03138519689854526 1.64080025596808188 -2.60491614123365434
0.03218303288352287 1.68719240011758354 -2.67854753265799017
0.03300094617176236 1.73404282892682216 -2.75290423672255580
0.03383944200257849 1.78129436124058360 -2.82789529776723469
0.03469903832948169 1.82888507371125097 -2.90342222117312687
0.03558026614012720 1.87674817402422800 -2.97937877176581045
0.03648366978431528 1.92481188607270792 -3.05565079121051042
0.03740980731024578 1.97299934795200804 -3.13211603578535058
0.03835925080923396 2.02122852381087670 -3.20864403618479654
0.03933258676910150 2.06941213248514888 -3.28509598400511127
0.04033041643646027 2.11745759361135777 -3.36132464602511583
0.04135335618811271 2.16526699319985116 -3.43717430943243984
0.04240203791179861 2.21273707182336965 -3.51248076301514933
0.04347710939652324 2.25975923594726247 -3.58707131516113353
0.04457923473270795 2.30621959544666177 -3.66076485351042091
0.04570909472241026 2.35199903019679990 -3.73337195085367801
0.04686738729986726 2.39697328624629069 -3.80469501809493238
0.04805482796262192 2.44101310554291961 -3.87452851059426528
0.04927215021349814 2.48398439125473880 -3.94265919114583063
0.05052010601369838 2.52574840958612912 -4.00886645103035111
0.05179946624730336 2.56616203238718299 -4.07292269598289636
0.05311102119746032 2.60507802139206257 -4.13459379841506891
0.05445558103455493 2.64234535570652351 -4.19363961847761590
0.05583397631666756 2.67780960626174336 -4.24981459988341381
0.05724705850262371 2.71131335681012020 -4.30286843982908618
0.05869570047795467 2.74269667377379633 -4.35254683670103848
0.06018079709409436 2.77179762706750221 -4.39859231895240921
0.06170326572114475 2.79845286050969788 -4.44074515296184735
0.06326404681455111 2.82249821422933866 -4.47874433371577041
0.06486410449603795 2.84376939875227386 -4.51232865782757120
0.06650442714916396 2.86210271900046109 -4.54123787610008556
0.06818602802986343 2.87733584940389076 -4.56521392755569533
0.06990994589235242 2.88930865721005281 -4.58400225031568631
0.07167724563078517 2.89786407190441375 -4.59735316602762101
0.07348901893705817 2.90284899914439709 -4.60502333531931107
0.07534638497516680 2.90411527391134738 -4.60677727587605546
0.07725049107253269 2.90152064920432595 -4.60238893731517873
0.07920251342872818 2.89492981440087638 -4.59164332353837334
0.08120365784203479 2.88421543565286109 -4.57433815044579006
0.08325516045428624 2.86925921107597270 -4.55028552752401083
0.08535828851445464 2.84995293133430838 -4.51931364838695870
0.08751434116145264 2.82619953758424725 -4.48126847751184254
0.08972465022663369 2.79791416846433538 -4.43601541997084059
0.09199058105648784 2.76502519098010024 -4.38344096596677346
0.09431353335604026 2.72747521325076470 -4.32345430692359489
0.09669494205347298 2.68522207751342190 -4.25598892054295419
0.09913627818650540 2.63823983875967016 -4.18100413330001164
0.10163904981108016 2.58651973023026116 -4.09848666224025138
0.10420480293291505 2.53007111587290989 -4.00845213613586271
0.10683512246249820 2.46892242986565780 -3.91094659605020301
0.10953163319411467 2.40312208582984344 -3.80604794759295384
0.11229600080951070 2.33273933688357182 -3.69386733483472485
0.11512993290681373 2.25786505782376512 -3.57455039021986609
0.11803518005534595 2.17861240986353533 -3.44827829757458826
0.12101353687698176 2.09511736789198810 -3.31526863637020819
0.12406684315471646 2.00753908742526255 -3.17577597090782282
0.12719698496913259 1.91606009935495014 -3.03009216541581372
0.13040589586346518 1.82088633918443299 -2.87854643556716860
0.13369555803798455 1.72224699628341726 -2.72150511324383437
0.13706800357443627 1.62039418459985929 -2.55937112668226829
0.14052531569129359 1.51560243432023500 -2.39258319504934347
0.14406963003059803 1.40816798611188898 -2.22161470807817629
0.14770313597718226 1.29840790021922703 -2.04697231013738845
0.15142807801109151 1.18665897270102327 -1.86919417629092521
0.15524675709403857 1.07327645378990377 -1.68884797216641314
0.15916153209074718 0.95863258939951701 -1.50652853090248406
0.16317482122606436 0.84311497106084399 -1.32285522353880802
0.16728910357874052 0.72712470772562354 -1.13846904403505333
0.17150692061279876 0.61107443342430556 -0.95402943100217052
0.17583087774744235 0.49538613791150971 -0.77021080546976739
0.18026364596646696 0.38048885006822275 -0.58769887193685066
0.18480796346817505 0.26681617536626001 -0.40718668464756252
0.18946663735680741 0.15480369186318604 -0.22937048607865690
0.19424254537654129 0.04488624258986516 -0.05494537786829639
0.19913863768912329 -0.06250487991378709 0.11539918265625093
0.20415793869623522 -0.16694482551921361 0.28098401038252629
0.20930354890772015 -0.26801812266934333 0.44114489342345486
0.21457864685682115 -0.36532165279609657 0.59523735771102004
0.21998649106361770 -0.45846761208553960 0.74264141396851624
0.22553042204786899 -0.54708643716254135 0.88276624961118066
0.23121386439251218 -0.63082966095734427 1.01505481164452416
0.23704032885908735 -0.70937263102810089 1.13898817237242045
0.24301341455639519 -0.78241704697508641 1.25408960866001906
0.24913681116372985 -0.84969323571873012 1.35992826527748845
0.25541430121005887 -0.91096209291358354 1.45612228829756818
0.26184976241055608 -0.96601666050903023 1.54234138143385779
0.26844717006193480 -1.01468334796105375 1.61830879802792116
0.27521059949805765 -1.05682291092684100 1.68380295052126860
0.28214422860734223 -1.09233137242113676 1.73865893147818973
0.28925234041351428 -1.12114106965126115 1.78277023566917103
0.29653932572130703 -1.14322185531041320 1.81609072551082429
0.30400968582873861 -1.15858221393004346 1.83863645558787558
0.31166803530764092 -1.16726992092077153 1.85048676281929092
0.31951910485416191 -1.16937198925600727 1.85178421789394365
0.32756774421099982 -1.16501391775431995 1.84273346212792055
0.33581892516317297 -1.15435840377277144 1.82359918951548594
0.34427774460917804 -1.13760367782621086 1.79470352393974064
0.35294942770943377 -1.11498157624123850 1.75642297532238478
0.36183933111395455 -1.08675536804943729 1.70918499939443569
0.37095294627124453 -1.05321734322745475 1.65346417198444140
0.38029590282046266 -1.01468616771009068 1.58977798662210512
0.38987397206894958 -0.97150398892309897 1.51868224968172472
0.39969307055726322 -0.92403335134373965 1.44076616842780347
0.40975926371392990 -0.87265395696787651 1.35664718755299596
0.42007876960216695 -0.81775931875861385 1.26696565054723043
0.43065796276088625 -0.75975339870144920 1.17237943185275406
0.44150337814235968 -0.69904724845297195 1.07355856760005408
0.45262171514897287 -0.63605571970151586 0.97117999148846823
0.46401984177156408 -0.57119429043592596 0.86592244897471549
0.47570479883189981 -0.50487600529767740 0.75846158594370494
0.48768380433191477 -0.43750859224254507 0.64946531106670424
0.49996425791239840 -0.36949174805709845 0.53958941938522353
0.51255374542388010 -0.30121460103256797 0.42947349009505575
0.52546004361254284 -0.23305338886036048 0.31973711968962015
0.53869112492405435 -0.16536932019614892 0.21097643980874781
0.55225516242828776 -0.09850664895798573 0.10376096687272070
0.56616053486796702 -0.03279096455272745 -0.00136921078061681
0.58041583183436296 0.03147232139939718 -0.10390593899797940
0.59502985907323669 0.09399925855788065 -0.20337514263651282
0.61001164392429819 0.15452843209707345 -0.29933864134078525
0.62537044089755356 0.21282182238599062 -0.39139562678466122
0.64111573738997951 0.26866543322561121 -0.47918377286206848
0.65725725954604997 0.32186970752742800 -0.56238000833388402
0.67380497826574814 0.37226970912079282 -0.64070091633021231
0.69076911536376417 0.41972507071699522 -0.71390275999472197
0.70816014988369025 0.46411971221261972 -0.78178114112495456
0.72598882457110636 0.50536132464250105 -0.84417028474169309
0.74426615250956230 0.54338065275251068 -0.90094200455104312
0.76300342392355458 0.57813061531327758 -0.95200441401257752
0.78221221315269041 0.60958532581818792 -0.99730048450088349
0.80190438580136192 0.63773908138654589 -1.03680655862893345
0.82209210606833905 0.66260536959040928 -1.07053089444759530
0.84278784426080278 0.68421591471601217 -1.09851226912984790
0.86400438449747485 0.70261974116466375 -1.12081859985236632
0.88575483260558963 0.71788221976785571 -1.13754552167401113
0.90805262421659516 0.73008404614783262 -1.14881483819507357
0.93091153306557273 0.73932011988314106 -1.15477279450915771
0.95434567949951532 0.74569832097732280 -1.15558816846446177
0.97836953919971692 0.74933817871429176 -1.15145017431327168
1.00299795212364229 0.75036946302570540 -1.14256622970173827
1.02824613167184142 0.74893071845072101 -1.12915962061733555
1.05412967408552505 0.74516775677284486 -1.11146709209576700
1.08066456808063083 0.73923214788639058 -1.08973643132416487
1.10786720472434341 0.73127971434887995 -1.06422405381530383
1.13575438756013658 0.72146905676125495 -1.03519263907908243
1.16434334298760955 0.70996013603713337 -1.00290886074318664
1.19365173090354681 0.69691291283683965 -0.96764121311333040
1.22369765561073907 0.68248607789113047 -0.92965799176702002
1.25449967700131948 0.66683587676476619 -0.88922543558043288
1.28607682202154683 0.65011503455340947 -0.84660604054622290
1.31844859642507584 0.63247180436097450 -0.80205708663029207
1.35163499682199428 0.61404912559491609 -0.75582935539091967
1.38565652303109221 0.59498390488178621 -0.70816606092172407
1.42053419074295095 0.57540642140170217 -0.65930199830493785
1.45628954450169479 0.55543984138605018 -0.60946288460906817
1.49294467101344797 0.53519985361637423 -0.55886491331192134
1.53052221278966094 0.51479440965751611 -0.50771449515682887
1.56904538213380018 0.49432356216833545 -0.45620817427062604
1.60853797547998734 0.47387940283297281 -0.40453272233325266
1.64902438809246266 0.45354607918597262 -0.35286537473310359
1.69052962913498273 0.43339989047466609 -0.30137420803238762
1.73307933711940887 0.41350945217486595 -0.25021863952608153
1.77669979574305481 0.39393591504269027 -0.19955002205406386
1.82141795012460173 0.37473323798454283 -0.14951233035593400
1.86726142344856183 0.35594849973525317 -0.10024290911074021
1.91425853402859070 0.33762224311729450 -0.05187326726608050
1.96243831280022230 0.31978884630217308 -0.00452990431478405
2.01183052125377682 0.30247690962998253 0.04166485833351012
2.06246566981854107 0.28570965474136223 0.08659205281001295
2.11437503670961435 0.26950532824002493 0.13013526827452382
2.16759068724899695 0.25387760425971045 0.17217990167433520
2.22214549367288994 0.23883598203086875 0.21261247024202493
2.27807315543747224 0.22438617325658289 0.25132000587968767
2.33540822003561610 0.21053047666254748 0.28818954632994387
2.39418610433749990 0.19726813590819864 0.32310773942234255
2.45444311646821856 0.18459567981162778 0.35596057589762531
2.51621647823593220 0.17250724223970335 0.38663326502577022
2.57954434812445133 0.16099486064157043 0.41501026711986544
2.64446584486438763 0.15004875389739164 0.44097549509547046
2.71102107159746009 0.13965757675960433 0.46441269764792359
2.77925114064893686 0.12980865335968528 0.48520603346597996
2.84919819892341808 0.12048818918759346 0.50324084557957394
2.92090545393970480 0.11168146094536456 0.51840464289426835
2.99441720052086069 0.10337298795811209 0.53058829302588439
3.06977884815588897 0.09554668310697224 0.53968742999899144
3.14703694904994746 0.08818598614109842 0.54560407729120453
3.22623922688048914 0.08127398170040522 0.54824848618644129
3.30743460627699770 0.07479350082133453 0.54754118854535438
3.39067324304256434 0.06872721118985878 0.54341526342519719
3.47600655513604151 0.06305769618650588 0.53581881798245068
3.56348725443379166 0.05776752437138166 0.52471768380837813
3.65316937929071806 0.05283931397192551 0.51009833118938019
3.74510832792074400 0.04825579094750591 0.49197100107907810
3.83936089261720204 0.04399984433894449 0.47037305113100952
3.93598529483447246 0.04005458006510098 0.44537250238378984
4.03504122115237340 0.03640337160571781 0.41707175788554479
4.13658986014558039 0.03302991075492469 0.38561144419430987
4.24069394018092005 0.02991825599753831 0.35117429764092040
4.34741776816575598 0.02705287814480740 0.31398898483193860
4.45682726927146344 0.02441870411611584 0.27433370638324694
4.56899002765660445 0.02200115523931793 0.23253939438963100
4.68397532821482443 0.01978618130238750 0.18899227047673151
4.80185419937330771 0.01776028904551419 0.14413549110286938
4.92269945696833222 0.01591056315509891 0.09846958323308914
5.04658574922485403 0.01422468163418254 0.05255133655503543
5.17358960286799618 0.01269092351610835 0.00699082634211335
5.30378947039498971 0.01129816975606929 -0.03755375257948623
5.43726577853663340 0.01003589865870509 -0.08038374970843885
5.57410097793824999 0.00889417474518115 -0.12077043427214722
5.71437959409096319 0.00786363370522323 -0.15796827302293626
5.85818827954448906 0.00693546378371451 -0.19123118294144745
6.00561586743399545 0.00610138416981921 -0.21983169241546241
6.15675342635385281 0.00535362279934453 -0.24308289695020158
6.31169431661226454 0.00468489316778028 -0.26036284784743841
6.47053424790161991 0.00408837160027925 -0.27114091956742653
6.63337133842000792 0.00355767582493626 -0.27500553951366208
6.80030617548051186 0.00308684419733892 -0.27169235769904215
6.97144187764581069 0.00267031679131761 -0.26111187694216276
7.14688415842628810 0.00230291771836513 -0.24337521543143709
7.32674139158106996 0.00197983839010437 -0.21881646358401988
7.51112467806246364 0.00169662215641845 -0.18800995892503503
7.70014791464491921 0.00144914924516964 -0.15178046157792013
7.89392786428101179 0.00123362224956375 -0.11120421066941617
8.09258422822803780 0.00104655195131737 -0.06759872010790603
8.29623971998953458 0.00088474283755238 -0.02249927293469528
8.50502014111750348 0.00074527879167314 0.02237963988169609
8.71905445892231157 0.00062550848510125 0.06519923932741797
8.93847488613801389 0.00052303050073339 0.10406819380249563
9.16341696259241445 0.00043567850295925 0.13713073858229194
9.39401963893249281 0.00036150610318095 0.16266911451238941
9.63042536245651881 0.00029877182833562 0.17921680888408148
9.87278016510634870 0.00024592422473710 0.18567711931081715
10.12123375367385592 0.00020158704176614 0.18143922039319504
10.37593960227737711 0.00016454487821184 0.16648240243517881
10.63705504716545391 0.00013372917439076 0.14145684975683359
10.90474138390613312 0.00010820471587046 0.10772846233249696
11.17916396702200110 0.00008715681246313 0.06737510211431050
11.46049231213266140 0.00006987905408645 0.02312243510284620
11.74890020066744611 0.00005576184342947 -0.02178902417381154
12.04456578721316795 0.00004428168114281 -0.06380947648575522
12.34767170956344451 0.00003499118932772 -0.09935417457314856
12.65840520153719595 0.00002750997171037 -0.12513382479830809
12.97695820863616412 0.00002151622005502 -0.13851706039992409
13.30352750661313799 0.00001673909419963 -0.13788983877789254
13.63831482302371079 0.00001295186334040 -0.12296692725473779
13.98152696183683652 0.00000996573121881 -0.09500253022554025
14.33337593118140774 0.00000762435657591 -0.05684757516611548
14.69407907430720606 0.00000579900050195 -0.01280718529702204
15.06385920384176380 0.00000438425431664 0.03172986110569979
15.44294473942557566 0.00000329432166831 0.07088880550681798
15.83156984881077634 0.00000245978423773 0.09909382087976423
16.22997459251084607 0.00000182481870026 0.11195407953168682
16.63840507209008024 0.00000134481770332 0.10712114896398960
17.05711358218473350 0.00000098436258243 0.08495184112810177
17.48635876635000130 0.00000071551673882 0.04880311571751256
17.92640577682857028 0.00000051639340591 0.00480829183662023
18.37752643833969302 0.00000036996309881 -0.03894529532697123
18.83999941599024197 0.00000026307034517 -0.07380333916676700
19.31411038741092412 0.00000018562554054 -0.09231628721802489
19.80015221922424828 0.00000012994813135 -0.09006382304133319
20.29842514795351960 0.00000009023629843 -0.06708785092992987
20.80923696548412138 0.00000006214139047 -0.02845945978720707
21.33290320919179095 0.00000004243035074 0.01638364785202880
21.86974735685584292 0.00000002871928351 0.05563963330223425
22.42010102647672909 0.00000001926522319 0.07820373826657190
22.98430418112253548 0.00000001280496987 0.07708091725428311
23.56270533892998742 0.00000000843110813 0.05210510138559780
24.15566178839007350 0.00000000549777494 0.01086099930863465
24.76353980905160768 0.00000000354959154 -0.03295762909227436
25.38671489777839696 0.00000000226855029 -0.06374526548958293
26.02557200070006616 0.00000000143477601 -0.06968215031433640
26.68050575100026833 0.00000000089777980 -0.04792519777390520
27.35192071268835790 0.00000000055563007 -0.00691312709239201
28.04023163050550949 0.00000000034002517 0.03594153501751422
28.74586368612003895 0.00000000020569348 0.06116624255519144
29.46925276076943234 0.00000000012296617 0.05637697430939494
30.21084570451161966 0.00000000007262340 0.02341288148474676
30.97110061225237487 0.00000000004236013 -0.02091835553665584
31.75048710671836716 0.00000000002439445 -0.05238619577326727
32.54948662855117902 0.00000000001386554 -0.05257913582471774
33.36859273370187395 0.00000000000777586 -0.02084551839311539
34.20831139830903567 0.00000000000430110 0.02318835743611851
35.06916133124878598 0.00000000000234572 0.05040804214096142
35.95167429455081276 0.00000000000126091 0.04156233030261890
36.85639543187652123 0.00000000000066779 0.00257211038738017
37.78388360526425060 0.00000000000034833 -0.03715258231088827
38.73471174034789044 0.00000000000017888 -0.04577318632816042
39.70946718026289091 0.00000000000009040 -0.01563888330292286
40.70875204845873441 0.00000000000004494 0.02726098907578337
41.73318362064090081 0.00000000000002197 0.04362569691428126
42.78339470607265582 0.00000000000001056 0.01740884053351924
43.86003403847279003 0.00000000000000498 -0.02544542478514721
44.96376667674953609 0.00000000000000231 -0.03998834380924354
46.09527441581886364 0.00000000000000105 -0.00996450876143820
47.25525620776151925 0.00000000000000047 0.03044155945888522
48.44442859357776143 0.00000000000000021 0.03274316791591918
49.66352614580691238 0.00000000000000009 -0.00617430774515196
50.91330192228619467 0.00000000000000004 -0.03550004772145661
52.19452793132744972 0.00000000000000002 -0.01508006100943741
53.50799560859982762 0.00000000000000001 0.02605840520792065
54.85451630601411210 0.00000000000000000 0.02670027649097342
56.23492179290818882 0.00000000000000000 -0.01414220956688794
57.65006476984611083 0.00000000000000000 -0.03034780412158831
59.10081939534592266 0.00000000000000000 0.00529753475183584
60.58808182586222557 0.00000000000000000 0.03003366202180437
62.11277076935834884 0.00000000000000000 -0.00119183783655025
63.67582805280798652 0.00000000000000000 -0.02865643557773455
65.27821920397775557 0.00000000000000000 0.00175137441719541
66.92093404785131838 0.00000000000000000 0.02701729195937565
68.60498731806112005 0.00000000000000000 -0.00648570071197729
70.33141928370677931 0.00000000000000000 -0.02384976156760914
72.10129639194813933 0.00000000000000000 0.01427008624899867
73.91571192676798319 0.00000000000000000 0.01636623789750509
75.77578668431220876 0.00000000000000000 -0.02173468772843978
77.68266966522593009 0.00000000000000000 -0.00237719860503113
