0.00000000000000000 0.00095341445797496 -0.01504705288943614
0.00000803691858821 0.01766357177043231 -0.27877077638339026
0.00001627608382214 0.02767369716364840 -0.43675300106576881
0.00002472258517794 0.03611018913504878 -0.56989976255273189
0.00003338164020696 0.04372034261470165 -0.69000504914580785
0.00004225859775861 0.05080798343544148 -0.80186391360796394
0.00005135894128453 0.05753395910944197 -0.90801489025687654
0.00006068829222575 0.06399618072964329 -1.01000323558433358
0.00007025241348520 0.07025976694215263 -1.10885666772675484
0.00008005721298752 0.07637079271248223 -1.20530235282515941
0.00009010874732849 0.08236339646000031 -1.29987907154334792
0.00010041322551633 0.08826379711154883 -1.39300061718137669
0.00011097701280709 0.09409272264546793 -1.48499412354545801
0.00012180663463655 0.09986695769107988 -1.57612448953745177
0.00013290878065115 0.10560037259166676 -1.66661062007541427
0.00014429030884027 0.11130463208688376 -1.75663661069030574
0.00015595824977253 0.11698969785009548 -1.84635967869103035
0.00016791981093872 0.12266419398165779 -1.93591593146689411
0.00018018238120394 0.12833567854693698 -2.02542465196523747
0.00019275353537190 0.13401084917547493 -2.11499154350599428
0.00020564103886395 0.13969570131443285 -2.20471122737450242
0.00021885285251595 0.14539565178981709 -2.29466919289323235
0.00023239713749579 0.15111563661179467 -2.38494334100739147
0.00024628226034473 0.15686018919540543 -2.47560521878146078
0.00026051679814551 0.16263350366203860 -2.56672101843665068
0.00027510954382059 0.16843948649858143 -2.65835239264618117
0.00029006951156369 0.17428179909380254 -2.75055712585277234
0.00030540594240800 0.18016389303832445 -2.84338969137921094
0.00032112830993456 0.18608903963016932 -2.93690171708975267
0.00033724632612421 0.19206035469263275 -3.03114237706939971
0.00035376994735689 0.19808081957424020 -3.12615872304775344
0.00037070938056186 0.20415329904877080 -3.22199596689881895
0.00038807508952269 0.21028055658265274 -3.31869772159187137
0.00040587780134090 0.21646526750962838 -3.41630620911419580
0.00042412851306234 0.22271003035048587 -3.51486243911860541
0.00044283849847019 0.22901737666008515 -3.61440636432820561
0.00046201931504903 0.23538977957124352 -3.71497701537447433
0.00048168281112405 0.24182966124173019 -3.81661261832372789
0.00050184113318000 0.24833939936702962 -3.91935069745909903
0.00052250673336427 0.25492133288458269 -4.02322816530199656
0.00054369237717882 0.26157776697269025 -4.12828140150150613
0.00056541115136561 0.26831097743613019 -4.23454632204448878
0.00058767647199056 0.27512321455330774 -4.34205843996719754
0.00061050209273086 0.28201670644705984 -4.45085291854878928
0.00063390211337086 0.28899366202996463 -4.56096461778927242
0.00065789098851174 0.29605627357231551 -4.67242813493192966
0.00068248353650041 0.30320671893010132 -4.78527783961952125
0.00070769494858301 0.31044716346403833 -4.89954790417425112
0.00073354079828885 0.31777976166369276 -5.01527232922299770
0.00076003705105043 0.32520665852046904 -5.13248496535870036
0.00078720007406556 0.33272999067087999 -5.25121953117584006
0.00081504664640769 0.34035188727989341 -5.37150962720329517
0.00084359396939061 0.34807447075015430 -5.49338874708867042
0.00087285967719401 0.35589985720577327 -5.61689028522425193
0.00090286184775643 0.36383015679007141 -5.74204754143625618
0.00093361901394232 0.37186747378622703 -5.86889372287854982
0.00096515017499008 0.38001390654985612 -5.99746194295762258
0.00099747480824826 0.38827154727047514 -6.12778521755637140
0.00103061288120706 0.39664248157752979 -6.25989645880411416
0.00106458486383255 0.40512878794489676 -6.39382846566537122
0.00109941174121137 0.41373253697604773 -6.52961391264450786
0.00113511502651358 0.42245579048627330 -6.66728533528677048
0.00117171677428171 0.43130060043133939 -6.80687511325483996
0.00120923959405423 0.44026900768709776 -6.94841545105235969
0.00124770666433187 0.44936304064308569 -7.09193835581076204
0.00128714174689537 0.45858471362715125 -7.23747561240846604
0.00132756920148356 0.46793602517589150 -7.38505875615562424
0.00136901400084080 0.47741895612282098 -7.53471904260120873
0.00141150174614306 0.48703546750813759 -7.68648741452336726
0.00145505868281224 0.49678749830673546 -7.84039446605019652
0.00149971171672838 0.50667696297840958 -7.99647040397304387
0.00154548843084995 0.51670574882843201 -8.15474500606578090
0.00159241710225229 0.52687571317297643 -8.31524757632276668
0.00164052671959486 0.53718868030663625 -8.47800689707197819
0.00168984700102802 0.54764643826670156 -8.64305117787903221
0.00174040841255050 0.55825073538860259 -8.81040800115377642
0.00179224218682874 0.56900327664651584 -8.98010426436457365
0.00184538034248986 0.57990571977356453 -9.15216611877232467
0.00189985570390012 0.59095967115513592 -9.32661890458194520
0.00195570192144113 0.60216668148836305 -9.50348708240142770
0.00201295349229625 0.61352824120154648 -9.68279416091017708
0.00207164578176010 0.62504577562675245 -9.86456262062975320
0.00213181504508436 0.63672063991868644 -10.04881383368800840
0.00219349844987322 0.64855411371280414 -10.23556797946543462
0.00225673409904250 0.66054739551556130 -10.42484395601157487
0.00232156105435645 0.67270159681960939 -10.61665928711778228
0.00238801936055692 0.68501773593671667 -10.81103002493235543
0.00245615007009965 0.69749673154117187 -11.00797064800351421
0.00252599526851315 0.71013939591643371 -11.20749395463588982
0.00259759810039561 0.72294642789784347 -11.40961095144704096
0.00267100279606609 0.73591840550426990 -11.61433073701123497
0.00274625469888639 0.74905577825148750 -11.82166038047684076
0.00282340029327037 0.76235885914049417 -12.03160479504984259
0.00290248723339825 0.77582781631459508 -12.24416660624580722
0.00298356437265341 0.78946266437826018 -12.45934601480001724
0.00306668179379993 0.80326325537172716 -12.67714065414017099
0.00315189083991967 0.81722926939547613 -12.89754544232895483
0.00323924414612772 0.83136020487913587 -13.12055242839033831
0.00332879567208605 0.84565536848976053 -13.34615063293948189
0.00342060073533537 0.86011386467495021 -13.57432588304478394
0.00351471604546568 0.87473458483613731 -13.80506064124778653
0.00361119973914681 0.88951619612790223 -14.03833382867564517
0.00371011141604046 0.90445712988558735 -14.27412064228165178
0.00381151217561593 0.91955556967510654 -14.51239236611727534
0.00391546465489233 0.93480943896435675 -14.75311617662618779
0.00402203306713060 0.95021638841673017 -14.99625494196783571
0.00413128324149909 0.96577378280727322 -15.24176701537901479
0.00424328266373747 0.98147868756020451 -15.48960602255287533
0.00435810051784378 0.99732785492101972 -15.73972064324387965
0.00447580772881061 1.01331770976339364 -15.99205438710187721
0.00459647700643676 1.02944433503417709 -16.24654536378699277
0.00472018289024125 1.04570345684648713 -16.50312604752302192
0.00484700179550780 1.06209042922548935 -16.76172303616174020
0.00497701206048777 1.07860021852806454 -17.02225680509226891
0.00511029399479115 1.09522738755317972 -17.28464145626089277
0.00524692992899518 1.11196607934729497 -17.54878446236940093
0.00538700426550136 1.12881000072653714 -17.81458640659492687
0.00553060353067233 1.14575240552951341 -18.08194071805006331
0.00567781642828068 1.16278607764747255 -18.35073340372019146
0.00582873389430284 1.17990331384534608 -18.62084277709162095
0.00598344915309181 1.19709590639761387 -18.89213918384856683
0.00614205777496347 1.21435512556729464 -19.16448472508533030
0.00630465773523204 1.23167170198167009 -19.43773297887997842
0.00647134947473111 1.24903580895195820 -19.71172872097489659
0.00664223596185777 1.26643704475813967 -19.98630764489868028
0.00681742275617789 1.28386441494494785 -20.26129608225628331
0.00699701807363218 1.30130631470020774 -20.53651072431070901
0.00718113285338304 1.31875051138744093 -20.81175834599198282
0.00736988082634361 1.33618412726225433 -21.08683553279956513
0.00756337858543135 1.35359362243541503 -21.36152841159170634
0.00776174565758951 1.37096477819020079 -21.63561238696037492
0.00796510457762103 1.38828268073283079 -21.90885188443623122
0.00817358096388041 1.40553170542562844 -22.18100010130850208
0.00838730359587034 1.42269550158943070 -22.45179876642600192
0.00860640449379111 1.43975697803368674 -22.72097791148151558
0.00883101900009173 1.45669828937596901 -22.98825565475466348
0.00906128586307333 1.47350082323480747 -23.25333799863989270
0.00929734732259646 1.49014518843875243 -23.51591864321642333
0.00953934919794507 1.50661120442298246 -23.77567881856613496
0.00978744097790165 1.52287789187091493 -24.03228713674873518
0.01004177591308910 1.53892346473034158 -24.28539946548110962
0.01030251111063623 1.55472532383995943 -24.53465882724618652
0.01056980763122566 1.57026005226499987 -24.77969532539257003
0.01084383058858378 1.58550341245209703 -25.02012609896694073
0.01112474925147435 1.60043034543814389 -25.25555530998806830
0.01141273714825885 1.61501497232095370 -25.48557416644659668
0.01170797217408787 1.62923059806919546 -25.70976098225840545
0.01201063670079016 1.64304971788660437 -25.92768127757005203
0.01232091768952680 1.65644402644488786 -26.13888792438412523
0.01263900680628044 1.66938443005305759 -26.34292133857998053
0.01296510054025069 1.68184106195198413 -26.53930972131680832
0.01329940032522892 1.69378330111703801 -26.72756935586827254
0.01364211266402747 1.70517979466947378 -26.90720496148567875
0.01399344925603997 1.71599848404494115 -27.07771010664071909
0.01435362712801185 1.72620663533740659 -27.23856768825785224
0.01472286876810145 1.73577087398108398 -27.38925047951289926
0.01510140226331490 1.74465722386123812 -27.52922174764302454
0.01548946144039943 1.75283115128854150 -27.65793594863935922
0.01588728601028222 1.76025761406326531 -27.77483950240556254
0.01629512171614406 1.76690111564602992 -27.87937164866022144
0.01671322048521913 1.77272576486867073 -27.97096539043849361
0.01714184058441495 1.77769534145398644 -28.04904852944912719
0.01758124677984827 1.78177336725853097 -28.11304479194849293
0.01803171050039576 1.78492318364714464 -28.16237505159700305
0.01849351000536036 1.78710803526500239 -28.19645865350904046
0.01896693055635693 1.78829115997136889 -28.21471483579376027
0.01945226459352329 1.78843588529102604 -28.21656425422196790
0.01994981191616558 1.78750573158574522 -28.20143061323249611
0.02045987986794964 1.78546452151449775 -28.16874239649170519
0.02098278352675240 1.78227649609208827 -28.11793470191421562
0.02151884589929111 1.77790643746077781 -28.04845118297431128
0.02206839812065011 1.77231979777675419 -27.95974608689159524
0.02263177965882894 1.76548283459595701 -27.85128639578141119
0.02320933852443741 1.75736275286003751 -27.72255407238379021
0.02380143148566798 1.74792785286562657 -27.57304840066025875
0.02440842428867771 1.73714768488775317 -27.40228843186724816
0.02503069188351596 1.72499321059705180 -27.20981553833162181
0.02566861865573760 1.71143697070616718 -26.99519606603732313
0.02632259866384477 1.69645325980246997 -26.75802410114444996
0.02699303588270355 1.68001830824568388 -26.49792434853959477
0.02768034445308640 1.66211047035391601 -26.21455511017176931
0.02838494893749406 1.64271041975499776 -25.90761137702133965
0.02910728458241535 1.62180135096043654 -25.57682801982854315
0.02984779758718633 1.59936918590985866 -25.22198305881820346
0.03060694537961556 1.57540278601057882 -24.84290102070125528
0.03138519689854526 1.54989416766475263 -24.43945635126098992
0.03218303288352287 1.52283871976633756 -24.01157685955598708
0.03300094617176236 1.49423542335939019 -23.55924719675381596
0.03383944200257849 1.46408707051424347 -23.08251232311305046
0.03469903832948169 1.43240048111832419 -22.58148094251676241
0.03558026614012720 1.39918671740007339 -22.05632890166616633
0.03648366978431528 1.36446129260533766 -21.50730249736752953
0.03740980731024578 1.32824437317562727 -20.93472168159456714
0.03835925080923396 1.29056097364058098 -20.33898315183957806
0.03933258676910150 1.25144114034194054 -19.72056326537789062
0.04033041643646027 1.21092012418417871 -19.08002078044994931
0.04135335618811271 1.16903854054046552 -18.41799939472423731
0.04240203791179861 1.12584251250234080 -17.73523002073850563
0.04347710939652324 1.08138379839464616 -17.03253281275771513
0.04457923473270795 1.03571990014917237 -16.31081889111588268
0.04570909472241026 0.98891414940349021 -15.57109171439261175
0.04686738729986726 0.94103577250876080 -14.81444811796357541
0.04805482796262192 0.89215992943720235 -14.04207893961156550
0.04927215021349814 0.84236772493597911 -13.25526920587417479
0.05052010601369838 0.79174619242690247 -12.45539788680832771
0.05179946624730336 0.74038824472870812 -11.64393712534496750
0.05311102119746032 0.68839259191801028 -10.82245094597016255
0.05445558103455493 0.63586362518057227 -9.99259342432321063
0.05583397631666756 0.58291126106568714 -9.15610622911453476
0.05724705850262371 0.52965074837478576 -8.31481557131947646
0.05869570047795467 0.47620243436533372 -7.47062850787188815
0.06018079709409436 0.42269148656249850 -6.62552854089650634
0.06170326572114475 0.36924757355728666 -5.78157056554837467
0.06326404681455111 0.31600449964253530 -4.94087508469119729
0.06486410449603795 0.26309979297822483 -4.10562168514229597
0.06650442714916396 0.21067425022726249 -3.27804182162233371
0.06818602802986343 0.15887143241621732 -2.46041082504664432
0.06990994589235242 0.10783711558106449 -1.65503919106199127
0.07167724563078517 0.05771869742013312 -0.86426316778255252
0.07348901893705817 0.00866455698723945 -0.09043459537087070
0.07534638497516680 -0.03917662595382896 0.66408989814785768
0.07725049107253269 -0.08565659237482055 1.39696035249870598
0.07920251342872818 -0.13062826478081857 2.10584555966385212
0.08120365784203479 -0.17394653929724346 2.78844564996109989
0.08325516045428624 -0.21546910936892882 3.44250518513244508
0.08535828851445464 -0.25505731415111060 4.06582664919218484
0.08751434116145264 -0.29257700402462483 4.65628421745510312
0.08972465022663369 -0.32789942093462920 5.21183776762987261
0.09199058105648784 -0.36090208357746728 5.73054697521068057
0.09431353335604026 -0.39146967243921449 6.21058541420487042
0.09669494205347298 -0.41949491047722842 6.65025459667574292
0.09913627818650540 -0.44487943173299577 7.04799782877326297
0.10163904981108016 -0.46753463606807583 7.40241385435943133
0.10420480293291505 -0.48738252505458968 7.71227020695125987
0.10683512246249820 -0.50435651409205629 7.97651619094364772
0.10953163319411467 -0.51840221561174571 8.19429540968845238
0.11229600080951070 -0.52947818372819933 8.36495768629793623
0.11512993290681373 -0.53755660980865705 8.48807020896276043
0.11803518005534595 -0.54262395381496376 8.56342765955183793
0.12101353687698176 -0.54468149906818419 8.59106112833832292
0.12406684315471646 -0.54374581777339048 8.57124561283819020
0.12719698496913259 -0.53984913581092442 8.50450591691201296
0.13040589586346518 -0.53303959330331208 8.39162089276239520
0.13369555803798455 -0.52338138990346983 8.23362584843049738
0.13706800357443627 -0.51095481053061809 8.03181305051617400
0.14052531569129359 -0.49585612871532264 7.78773027458132105
0.14406963003059803 -0.47819737555556047 7.50317721023739193
0.14770313597718226 -0.45810597836362693 7.18019978277239801
0.15142807801109151 -0.43572426352399468 6.82108230144214733
0.15524675709403857 -0.41120881869489595 6.42833735393315475
0.15916153209074718 -0.38472972598113331 6.00469362837855858
0.16317482122606436 -0.35646965705100986 5.55308151622134094
0.16728910357874052 -0.32662283824322186 5.07661662028442784
0.17150692061279876 -0.29539389580946607 4.57858132608168145
0.17583087774744235 -0.26299657379367847 4.06240431391954093
0.18026364596646696 -0.22965234545989127 3.53163834134305565
0.18480796346817505 -0.19558892087305596 2.98993633478910237
0.18946663735680741 -0.16103865419657409 2.44102584468232564
0.19424254537654129 -0.12623687824924981 1.88868230053943864
0.19913863768912329 -0.09142016335389072 1.33670101738268321
0.20415793869623522 -0.05682452220767784 0.78886829846380335
0.20930354890772015 -0.02268358380495642 0.24893200097104168
0.21457864685682115 0.01077326189689866 -0.27942840822181858
0.21998649106361770 0.04332271298671318 -0.79263173850479263
0.22553042204786899 0.07474938524291158 -1.28722469317419907
0.23121386439251218 0.10484760584030182 -1.75991095162361244
0.23704032885908735 0.13342313045992171 -2.20757906328404552
0.24301341455639519 0.16029477109618245 -2.62732894637270142
0.24913681116372985 0.18529589522366843 -3.01649636008928868
0.25541430121005887 0.20827576060087880 -3.37267477842347230
0.26184976241055608 0.22910067325143821 -3.69373446805100247
0.26844717006193480 0.24765494879848171 -3.97783845633884203
0.27521059949805765 0.26384170275620211 -4.22345579859505094
0.28214422860734223 0.27758351612681509 -4.42937287604612440
0.28925234041351428 0.28882301876254474 -4.59470337936826567
0.29653932572130703 0.29752340861034793 -4.71889723214790102
0.30400968582873861 0.30366884048962295 -4.80174736296685190
0.31166803530764092 0.30726458109738952 -4.84339266520740086
0.31951910485416191 0.30833685915638270 -4.84431601612586782
0.32756774421099982 0.30693240699723212 -4.80533730526920433
0.33581892516317297 0.30311774111093015 -4.72760222913608441
0.34427774460917804 0.29697822863282858 -4.61256758853422344
0.35294942770943377 0.28861697917451068 -4.46198370388457288
0.36183933111395455 0.27815357596541462 -4.27787415583129160
0.37095294627124453 0.26572265803726042 -4.06251303006376840
0.38029590282046266 0.25147236846450993 -3.81839990316494626
0.38987397206894958 0.23556267422253130 -3.54823265336337634
0.39969307055726322 0.21816359086377435 -3.25487862902706349
0.40975926371392990 0.19945333450324881 -2.94134453061185441
0.42007876960216695 0.17961642645523382 -2.61074540575086012
0.43065796276088625 0.15884179431311810 -2.26627345797381174
0.44150337814235968 0.13732088172678328 -1.91116685477594439
0.45262171514897287 0.11524580022663736 -1.54867906688302481
0.46401984177156408 0.09280754815291650 -1.18204913820804025
0.47570479883189981 0.07019430052192424 -0.81447294037581153
0.48768380433191477 0.04758980218825742 -0.44907593717806610
0.49996425791239840 0.02517186573735475 -0.08888748066947691
0.51255374542388010 0.00311098231796711 0.26318322563592361
0.52546004361254284 -0.01843093354852411 0.60436914473754699
0.53869112492405435 -0.03930167550748515 0.93206556786584904
0.55225516242828776 -0.05935973731179919 1.24384814572284785
0.56616053486796702 -0.07847516173278302 1.53748871768962303
0.58041583183436296 -0.09653025326404586 1.81096903646692464
0.59502985907323669 -0.11342013994080441 2.06249212503674473
0.61001164392429819 -0.12905319357446882 2.29049139990873218
0.62537044089755356 -0.14335130711304980 2.49363751749252582
0.64111573738997951 -0.15625002502381743 2.67084285067053351
0.65725725954604997 -0.16769853711693136 2.82126374735477370
0.67380497826574814 -0.17765953191153866 2.94430048309760295
0.69076911536376417 -0.18610891585300413 3.03959499389397170
0.70816014988369025 -0.19303540608327166 3.10702650253883483
0.72598882457110636 -0.19844000486068736 3.14670515712388221
0.74426615250956230 -0.20233537553034198 3.15896399518904625
0.76300342392355458 -0.20474514148550776 3.14434955786572967
0.78221221315269041 -0.20570313711375410 3.10361158615677502
0.80190438580136192 -0.20525263321899417 3.03769210196450690
0.82209210606833905 -0.20344555448055016 2.94771408469499363
0.84278784426080278 -0.20034169345915412 2.83496974429257165
0.86400438449747485 -0.19600791066090123 2.70090815910087478
0.88575483260558963 -0.19051731581785111 2.54712217885226533
0.90805262421659516 -0.18394841722320837 2.37533436780384433
0.93091153306557273 -0.17638423931552530 2.18738199982125625
0.95434567949951532 -0.16791141993879091 1.98520131138318945
0.97836953919971692 -0.15861929142360803 1.77081107055218623
1.00299795212364229 -0.14859896749880075 1.54629583381031432
1.02824613167184142 -0.13794244796564809 1.31378907627622321
1.05412967408552505 -0.12674175031952986 1.07545632437985828
1.08066456808063083 -0.11508808926966581 0.83347864441212471
1.10786720472434341 -0.10307110527205290 0.59003646768007612
1.13575438756013658 -0.09077815473590817 0.34729394841251826
1.16434334298760955 -0.07829367195124218 0.10738400652990537
1.19365173090354681 -0.06569859984689151 -0.12760604964202274
1.22369765561073907 -0.05306990197787311 -0.35564812387248740
1.25449967700131948 -0.04048015283011203 -0.57478625763514657
1.28607682202154683 -0.02799720507764086 -0.78314895775251314
1.31844859642507584 -0.01568393907210845 -0.97896085398507182
1.35163499682199428 -0.00359808428288440 -1.16055393671135709
1.38565652303109221 0.00820788654004539 -1.32637838713193235
1.42053419074295095 0.01968679497817870 -1.47501310602404634
1.45628954450169479 0.03079673588508907 -1.60517616090676496
1.49294467101344797 0.04150099842723033 -1.71573514735230370
1.53052221278966094 0.05176793918874298 -1.80571765729252220
1.56904538213380018 0.06157081326008318 -1.87432193944176162
1.60853797547998734 0.07088756798765766 -1.92092775783669123
1.64902438809246266 0.07970060865096003 -1.94510756335701851
1.69052962913498273 0.08799654028934548 -1.94663790609113474
1.73307933711940887 0.09576589255561670 -1.92551104025964537
1.77669979574305481 0.10300283337885317 -1.88194661712480427
1.82141795012460173 0.10970487625501002 -1.81640322929971854
1.86726142344856183 0.11587258645525753 -1.72958955935235292
1.91425853402859070 0.12150928980823197 -1.62247474337404451
1.96243831280022230 0.12662078880438910 -1.49629749374877163
2.01183052125377682 0.13121508800704559 -1.35257340287543393
2.06246566981854107 0.13530213231529747 -1.19309975623879683
2.11437503670961435 0.13889356028270841 -1.01995709240184995
2.16759068724899695 0.14200247260475685 -0.83550658604614714
2.22214549367288994 0.14464321908769753 -0.64238235876142080
2.27807315543747224 0.14683120269952879 -0.44347763185045452
2.33540822003561610 0.14858270126500028 -0.24192364342696424
2.39418610433749990 0.14991470798320006 -0.04106034207083462
2.45444311646821856 0.15084478751774671 0.15560231950731121
2.51621647823593220 0.15139094921561794 0.34443328847577659
2.57954434812445133 0.15157153539239801 0.52174028930664706
2.64446584486438763 0.15140512214029042 0.68384129288452400
2.71102107159746009 0.15091043379295044 0.82714745120566802
2.77925114064893686 0.15010626662036977 0.94825739747668669
2.84919819892341808 0.14901142111525983 1.04406188818466572
2.92090545393970480 0.14764464169349747 1.11185699371032154
2.99441720052086069 0.14602455938528255 1.14946369828333861
3.06977884815588897 0.14416963798377902 1.15535014298182714
3.14703694904994746 0.14209812027242200 1.12875227569788650
3.22623922688048914 0.13982797210405762 1.06978752980084124
3.30743460627699770 0.13737682505147075 0.97955465255607066
3.39067324304256434 0.13476191453323580 0.86021258244825316
3.47600655513604151 0.13200001489298743 0.71502980158006413
3.56348725443379166 0.12910737255850294 0.54839535504700010
3.65316937929071806 0.12609963748422848 0.36578269497193805
3.74510832792074400 0.12299179755794298 0.17365759293910171
3.83936089261720204 0.11979811776010106 -0.02067712816033794
3.93598529483447246 0.11653208761861968 -0.20930570934666062
4.03504122115237340 0.11320638167821982 -0.38399449156641990
4.13658986014558039 0.10983283432632644 -0.53655642748507104
4.24069394018092005 0.10642243263180400 -0.65927759602217073
4.34741776816575598 0.10298532838000622 -0.74539152530473052
4.45682726927146344 0.09953086885040932 -0.78958053600824663
4.56899002765660445 0.09606764670995172 -0.78847303238231770
4.68397532821482443 0.09260356593128248 -0.74109944940698480
4.80185419937330771 0.08914592092446415 -0.64926126094196890
4.92269945696833222 0.08570148511938284 -0.51776161014096922
5.04658574922485403 0.08227660345441294 -0.35444675182377500
5.17358960286799618 0.07887728408094344 -0.17000876637628282
5.30378947039498971 0.07550928360192877 0.02248756855236757
5.43726577853663340 0.07217818067149681 0.20837338531824123
5.57410097793824999 0.06888943386054111 0.37243177800924188
5.71437959409096319 0.06564842029723972 0.50019833459315632
5.85818827954448906 0.06246045345010965 0.57942235790341245
6.00561586743399545 0.05933077992936325 0.60155887556165877
6.15675342635385281 0.05626455670330944 0.56312533719237323
6.31169431661226454 0.05326681175563169 0.46672169392838220
6.47053424790161991 0.05034239214404972 0.32150616976919533
6.63337133842000792 0.04749590406489035 0.14293682493703813
6.80030617548051186 0.04473164980254894 -0.04835883966112964
6.97144187764581069 0.04205356597347349 -0.22862347713609682
7.14688415842628810 0.03946516700694441 -0.37382550488177130
7.32674139158106996 0.03696949691539185 -0.46306865165441458
7.51112467806246364 0.03456909142478152 -0.48212804107179286
7.70014791464491921 0.03226595171959861 -0.42653066852166094
7.89392786428101179 0.03006153011485745 -0.30352308601627703
8.09258422822803780 0.02795672740050062 -0.13229661649180049
8.29623971998953458 0.02595190091658000 0.05798894381960822
8.50502014111750348 0.02404688224239650 0.23249228800598803
8.71905445892231157 0.02224100301867730 0.35692187020890637
8.93847488613801389 0.02053312727484624 0.40477138033362037
9.16341696259241445 0.01892168896836952 0.36411207889157438
9.39401963893249281 0.01740473295003722 0.24216599845686040
9.63042536245651881 0.01597995822309667 0.06597231096561025
9.87278016510634870 0.01464476234673412 -0.12195955160699586
10.12123375367385592 0.01339628560488000 -0.27298049909733796
10.37593960227737711 0.01223145456326761 -0.34505858281202634
10.63705504716545391 0.01114702393598237 -0.31586375858760724
10.90474138390613312 0.01013961625334336 -0.19205226620199842
11.17916396702200110 0.00920575927118331 -0.01074750975648531
11.46049231213266140 0.00834192025213330 0.16916264303152440
11.74890020066744611 0.00754453744081536 0.28509239906014250
12.04456578721316795 0.00681004850656371 0.29345184814853820
12.34767170956344451 0.00613491564083571 0.18888955110192759
12.65840520153719595 0.00551564792805827 0.01117206817630985
12.97695820863616412 0.00494882056001745 -0.16624633887195070
13.30352750661313799 0.00443109124000170 -0.26494354446228169
13.63831482302371079 0.00395921415779979 -0.23767916599053768
13.98152696183683652 0.00353005120170717 -0.09536570724919179
14.33337593118140774 0.00314058112596157 0.09153944516411162
14.69407907430720606 0.00278790662328721 0.22391938888074150
15.06385920384176380 0.00246925937105052 0.22662320140916414
15.44294473942557566 0.00218200365564412 0.09584293154763882
15.83156984881077634 0.00192363831284059 -0.09012215018766423
16.22997459251084607 0.00169179741915222 -0.21216368924102277
16.63840507209008024 0.00148424996281676 -0.18675707318611603
17.05711358218473350 0.00129889833354518 -0.02964083913742488
17.48635876635000130 0.00113377615373183 0.14455579637239729
17.92640577682857028 0.00098704534625703 0.20072790018320100
18.37752643833969302 0.00085699254782603 0.09156374070881206
18.83999941599024197 0.00074202519140182 -0.09211298855183009
19.31411038741092412 0.00064066706220572 -0.18750865528565622
19.80015221922424828 0.00055155361591486 -0.10461615542311269
20.29842514795351960 0.00047342711067179 0.07763031503219178
20.80923696548412138 0.00040513147085794 0.17427500434880885
21.33290320919179095 0.00034560715455384 0.08140502488175919
21.86974735685584292 0.00029388591280941 -0.09900938424939515
22.42010102647672909 0.00024908552072744 -0.15737078120817033
22.98430418112253548 0.00021040460644283 -0.02183250608522208
23.56270533892998742 0.00017711746152752 0.13636142764722564
24.15566178839007350 0.00014856899172389 0.10733835526736085
24.76353980905160768 0.00012416976398662 -0.06930431671865368
25.38671489777839696 0.00010339133593131 -0.13863833306667592
26.02557200070006616 0.00008576123111912 0.00387562716710174
26.68050575100026833 0.00007085872777782 0.13428805777497085
27.35192071268835790 0.00005831054228003 0.03924619710758742
28.04023163050550949 0.00004778670085119 -0.11845805548921959
28.74586368612003895 0.00003899661550562 -0.05882945165575280
29.46925276076943234 0.00003168539829493 0.10654607732184629
30.21084570451161966 0.00002563038659845 0.05952194520833377
30.97110061225237487 0.00002063787211407 -0.10379392556088339
31.75048710671836716 0.00001654006868306 -0.04385889018749207
32.54948662855117902 0.00001319228139444 0.10706872672900589
33.36859273370187395 0.00001047029466797 0.01121243572516800
34.20831139830903567 0.00000826797730791 -0.10499120355035892
35.06916133124878598 0.00000649508029808 0.03655132576523484
35.95167429455081276 0.00000507524212108 0.07894187418776857
36.85639543187652123 0.00000394418029800 -0.08300981003869747
37.78388360526425060 0.00000304806085923 -0.01508064958326535
38.73471174034789044 0.00000234204457381 0.08897089738419667
39.70946718026289091 0.00000178898827406 -0.06402595802892834
40.70875204845873441 0.00000135829818366 -0.02034472862733743
41.73318362064090081 0.00000102492266952 0.07989349331003756
42.78339470607265582 0.00000076846945234 -0.07157976848230051
43.86003403847279003 0.00000057244162073 0.01421351390993240
44.96376667674953609 0.00000042357741484 0.04596251609008994
46.09527441581886364 0.00000031128429227 -0.07508589855336949
47.25525620776151925 0.00000022715837016 0.06681911671365789
48.44442859357776143 0.00000016457719550 -0.03447260257096694
49.66352614580691238 0.00000011835868224 -0.00380400710262712
50.91330192228619467 0.00000008447704719 0.03499314374049436
52.19452793132744972 0.00000005982759547 -0.05403175315648204
53.50799560859982762 0.00000004203420734 0.06192596922351257
54.85451630601411210 0.00000002929239688 -0.06243233078508395
56.23492179290818882 0.00000002024264223 0.05925712445064001
57.65006476984611083 0.00000001386908184 -0.05555591017400644
59.10081939534592266 0.00000000941893154 0.05296509051903454
60.58808182586222557 0.00000000633916012 -0.05178044995077545
62.11277076935834884 0.00000000422706560 0.05173056084443604
63.67582805280798652 0.00000000279203609 -0.05089874236896542
65.27821920397775557 0.00000000182630685 0.04682126371015519
66.92093404785131838 0.00000000118274381 -0.03652214416667798
68.60498731806112005 0.00000000075816260 0.01756303446566466
70.33141928370677931 0.00000000048092748 0.00806329574577294
72.10129639194813933 0.00000000030180967 -0.03251700000377866
73.91571192676798319 0.00000000018733608 0.04086631438170422
75.77578668431220876 0.00000000011499230 -0.02221899811129039
77.68266966522593009 0.00000000006980281 -0.01587232937440972
