0.00000000000000000 0.00000793746037000
0.00000803691858821 0.00000813720417947
0.00001627608382214 0.00000834197448201
0.00002472258517794 0.00000855189776778
0.00003338164020696 0.00000876710371009
0.00004225859775861 0.00000898772524538
0.00005135894128453 0.00000921389865543
0.00006068829222575 0.00000944576365151
0.00007025241348520 0.00000968346346067
0.00008005721298752 0.00000992714491424
0.00009010874732849 0.00001017695853849
0.00010041322551633 0.00001043305864767
0.00011097701280709 0.00001069560343929
0.00012180663463655 0.00001096475509184
0.00013290878065115 0.00001124067986500
0.00014429030884027 0.00001152354820231
0.00015595824977253 0.00001181353483649
0.00016791981093872 0.00001211081889734
0.00018018238120394 0.00001241558402242
0.00019275353537190 0.00001272801847045
0.00020564103886395 0.00001304831523767
0.00021885285251595 0.00001337667217696
0.00023239713749579 0.00001371329212014
0.00024628226034473 0.00001405838300323
0.00026051679814551 0.00001441215799489
0.00027510954382059 0.00001477483562810
0.00029006951156369 0.00001514663993517
0.00030540594240800 0.00001552780058611
0.00032112830993456 0.00001591855303050
0.00033724632612421 0.00001631913864296
0.00035376994735689 0.00001672980487221
0.00037070938056186 0.00001715080539394
0.00038807508952269 0.00001758240026753
0.00040587780134090 0.00001802485609666
0.00042412851306234 0.00001847844619402
0.00044283849847019 0.00001894345075014
0.00046201931504903 0.00001942015700643
0.00048168281112405 0.00001990885943269
0.00050184113318000 0.00002040985990892
0.00052250673336427 0.00002092346791187
0.00054369237717882 0.00002145000070616
0.00056541115136561 0.00002198978354030
0.00058767647199056 0.00002254314984755
0.00061050209273086 0.00002311044145196
0.00063390211337086 0.00002369200877943
0.00065789098851174 0.00002428821107427
0.00068248353650041 0.00002489941662104
0.00070769494858301 0.00002552600297206
0.00073354079828885 0.00002616835718068
0.00076003705105043 0.00002682687604029
0.00078720007406556 0.00002750196632949
0.00081504664640769 0.00002819404506333
0.00084359396939061 0.00002890353975093
0.00087285967719401 0.00002963088865953
0.00090286184775643 0.00003037654108527
0.00093361901394232 0.00003114095763065
0.00096515017499008 0.00003192461048912
0.00099747480824826 0.00003272798373673
0.00103061288120706 0.00003355157363115
0.00106458486383255 0.00003439588891824
0.00109941174121137 0.00003526145114629
0.00113511502651358 0.00003614879498819
0.00117171677428171 0.00003705846857173
0.00120923959405423 0.00003799103381815
0.00124770666433187 0.00003894706678930
0.00128714174689537 0.00003992715804341
0.00132756920148356 0.00004093191299996
0.00136901400084080 0.00004196195231363
0.00141150174614306 0.00004301791225769
0.00145505868281224 0.00004410044511702
0.00149971171672838 0.00004521021959106
0.00154548843084995 0.00004634792120688
0.00159241710225229 0.00004751425274262
0.00164052671959486 0.00004870993466164
0.00168984700102802 0.00004993570555752
0.00174040841255050 0.00005119232261034
0.00179224218682874 0.00005248056205438
0.00184538034248986 0.00005380121965765
0.00189985570390012 0.00005515511121339
0.00195570192144113 0.00005654307304406
0.00201295349229625 0.00005796596251788
0.00207164578176010 0.00005942465857855
0.00213181504508436 0.00006092006228806
0.00219349844987322 0.00006245309738339
0.00225673409904250 0.00006402471084709
0.00232156105435645 0.00006563587349222
0.00238801936055692 0.00006728758056206
0.00245615007009965 0.00006898085234491
0.00252599526851315 0.00007071673480430
0.00259759810039561 0.00007249630022513
0.00267100279606609 0.00007432064787602
0.00274625469888639 0.00007619090468835
0.00282340029327037 0.00007810822595241
0.00290248723339825 0.00008007379603100
0.00298356437265341 0.00008208882909108
0.00306668179379993 0.00008415456985373
0.00315189083991967 0.00008627229436308
0.00323924414612772 0.00008844331077453
0.00332879567208605 0.00009066896016280
0.00342060073533537 0.00009295061735038
0.00351471604546568 0.00009528969175673
0.00361119973914681 0.00009768762826894
0.00371011141604046 0.00010014590813426
0.00381151217561593 0.00010266604987505
0.00391546465489233 0.00010524961022687
0.00402203306713060 0.00010789818510005
0.00413128324149909 0.00011061341056550
0.00424328266373747 0.00011339696386539
0.00435810051784378 0.00011625056444919
0.00447580772881061 0.00011917597503578
0.00459647700643676 0.00012217500270234
0.00472018289024125 0.00012524950000062
0.00484700179550780 0.00012840136610125
0.00497701206048777 0.00013163254796695
0.00511029399479115 0.00013494504155515
0.00524692992899518 0.00013834089305095
0.00538700426550136 0.00014182220013111
0.00553060353067233 0.00014539111325977
0.00567781642828068 0.00014904983701687
0.00582873389430284 0.00015280063145993
0.00598344915309181 0.00015664581352015
0.00614205777496347 0.00016058775843361
0.00630465773523204 0.00016462890120848
0.00647134947473111 0.00016877173812919
0.00664223596185777 0.00017301882829843
0.00681742275617789 0.00017737279521792
0.00699701807363218 0.00018183632840902
0.00718113285338304 0.00018641218507410
0.00736988082634361 0.00019110319179969
0.00756337858543135 0.00019591224630253
0.00776174565758951 0.00020084231921953
0.00796510457762103 0.00020589645594277
0.00817358096388041 0.00021107777850073
0.00838730359587034 0.00021638948748679
0.00860640449379111 0.00022183486403632
0.00883101900009173 0.00022741727185344
0.00906128586307333 0.00023314015928892
0.00929734732259646 0.00023900706147021
0.00953934919794507 0.00024502160248519
0.00978744097790165 0.00025118749762084
0.01004177591308910 0.00025750855565820
0.01030251111063623 0.00026398868122515
0.01056980763122566 0.00027063187720837
0.01084383058858378 0.00027744224722597
0.01112474925147435 0.00028442399816239
0.01141273714825885 0.00029158144276704
0.01170797217408787 0.00029891900231839
0.01201063670079016 0.00030644120935505
0.01232091768952680 0.00031415271047560
0.01263900680628044 0.00032205826920889
0.01296510054025069 0.00033016276895654
0.01329940032522892 0.00033847121600950
0.01364211266402747 0.00034698874264055
0.01399344925603997 0.00035572061027455
0.01435362712801185 0.00036467221273855
0.01472286876810145 0.00037384907959365
0.01510140226331490 0.00038325687955068
0.01548946144039943 0.00039290142397189
0.01588728601028222 0.00040278867046071
0.01629512171614406 0.00041292472654188
0.01671322048521913 0.00042331585343416
0.01714184058441495 0.00043396846991800
0.01758124677984827 0.00044488915630055
0.01803171050039576 0.00045608465848041
0.01849351000536036 0.00046756189211469
0.01896693055635693 0.00047932794689093
0.01945226459352329 0.00049139009090655
0.01994981191616558 0.00050375577515844
0.02045987986794964 0.00051643263814562
0.02098278352675240 0.00052942851058762
0.02151884589929111 0.00054275142026168
0.02206839812065011 0.00055640959696167
0.02263177965882894 0.00057041147758172
0.02320933852443741 0.00058476571132791
0.02380143148566798 0.00059948116506096
0.02440842428867771 0.00061456692877351
0.02503069188351596 0.00063003232120511
0.02566861865573760 0.00064588689559862
0.02632259866384477 0.00066214044560138
0.02699303588270355 0.00067880301131493
0.02768034445308640 0.00069588488549695
0.02838494893749406 0.00071339661991928
0.02910728458241535 0.00073134903188594
0.02984779758718633 0.00074975321091517
0.03060694537961556 0.00076862052558958
0.03138519689854526 0.00078796263057878
0.03218303288352287 0.00080779147383863
0.03300094617176236 0.00082811930399173
0.03383944200257849 0.00084895867789357
0.03469903832948169 0.00087032246838917
0.03558026614012720 0.00089222387226480
0.03648366978431528 0.00091467641839994
0.03740980731024578 0.00093769397612424
0.03835925080923396 0.00096129076378487
0.03933258676910150 0.00098548135752943
0.04033041643646027 0.00101028070030995
0.04135335618811271 0.00103570411111331
0.04240203791179861 0.00106176729442413
0.04347710939652324 0.00108848634992566
0.04457923473270795 0.00111587778244488
0.04570909472241026 0.00114395851214776
0.04686738729986726 0.00117274588499118
0.04805482796262192 0.00120225768343782
0.04927215021349814 0.00123251213744071
0.05052010601369838 0.00126352793570417
0.05179946624730336 0.00129532423722816
0.05311102119746032 0.00132792068314314
0.05445558103455493 0.00136133740884271
0.05583397631666756 0.00139559505642161
0.05724705850262371 0.00143071478742673
0.05869570047795467 0.00146671829592890
0.06018079709409436 0.00150362782192376
0.06170326572114475 0.00154146616506978
0.06326404681455111 0.00158025669877198
0.06486410449603795 0.00162002338462009
0.06650442714916396 0.00166079078719010
0.06818602802986343 0.00170258408921815
0.06990994589235242 0.00174542910715641
0.07167724563078517 0.00178935230712030
0.07348901893705817 0.00183438082123712
0.07534638497516680 0.00188054246440600
0.07725049107253269 0.00192786575147967
0.07920251342872818 0.00197637991487857
0.08120365784203479 0.00202611492264824
0.08325516045428624 0.00207710149697110
0.08535828851445464 0.00212937113314406
0.08751434116145264 0.00218295611903376
0.08972465022663369 0.00223788955502127
0.09199058105648784 0.00229420537444888
0.09431353335604026 0.00235193836458122
0.09669494205347298 0.00241112418809401
0.09913627818650540 0.00247179940510353
0.10163904981108016 0.00253400149575038
0.10420480293291505 0.00259776888335169
0.10683512246249820 0.00266314095813583
0.10953163319411467 0.00273015810157444
0.11229600080951070 0.00279886171132681
0.11512993290681373 0.00286929422681189
0.11803518005534595 0.00294149915542387
0.12101353687698176 0.00301552109940749
0.12406684315471646 0.00309140578340958
0.12719698496913259 0.00316920008272400
0.13040589586346518 0.00324895205224734
0.13369555803798455 0.00333071095616321
0.13706800357443627 0.00341452729837365
0.14052531569129359 0.00350045285369625
0.14406963003059803 0.00358854069984634
0.14770313597718226 0.00367884525022405
0.15142807801109151 0.00377142228752639
0.15524675709403857 0.00386632899820523
0.15916153209074718 0.00396362400779232
0.16317482122606436 0.00406336741711335
0.16728910357874052 0.00416562083941328
0.17150692061279876 0.00427044743841585
0.17583087774744235 0.00437791196734102
0.18026364596646696 0.00448808080890407
0.18480796346817505 0.00460102201632141
0.18946663735680741 0.00471680535534822
0.19424254537654129 0.00483550234737401
0.19913863768912329 0.00495718631360259
0.20415793869623522 0.00508193242034385
0.20930354890772015 0.00520981772544537
0.21457864685682115 0.00534092122589230
0.21998649106361770 0.00547532390660528
0.22553042204786899 0.00561310879046614
0.23121386439251218 0.00575436098960266
0.23704032885908735 0.00589916775796378
0.24301341455639519 0.00604761854521789
0.24913681116372985 0.00619980505200745
0.25541430121005887 0.00635582128659410
0.26184976241055608 0.00651576362292918
0.26844717006193480 0.00667973086018561
0.27521059949805765 0.00684782428378785
0.28214422860734223 0.00702014772797771
0.28925234041351428 0.00719680763995454
0.29653932572130703 0.00737791314562952
0.30400968582873861 0.00756357611703469
0.31166803530764092 0.00775391124142819
0.31951910485416191 0.00794903609213862
0.32756774421099982 0.00814907120119214
0.33581892516317297 0.00835414013376719
0.34427774460917804 0.00856436956452285
0.35294942770943377 0.00877988935584801
0.36183933111395455 0.00900083263807965
0.37095294627124453 0.00922733589173973
0.38029590282046266 0.00945953903184158
0.38987397206894958 0.00969758549431793
0.39969307055726322 0.00994162232462371
0.40975926371392990 0.01019180026856860
0.42007876960216695 0.01044827386543540
0.43065796276088625 0.01071120154344159
0.44150337814235968 0.01098074571760323
0.45262171514897287 0.01125707289006153
0.46401984177156408 0.01154035375293418
0.47570479883189981 0.01183076329375479
0.48768380433191477 0.01212848090356574
0.49996425791239840 0.01243369048773126
0.51255374542388010 0.01274658057953884
0.52546004361254284 0.01306734445665964
0.53869112492405435 0.01339618026053941
0.55225516242828776 0.01373329111879400
0.56616053486796702 0.01407888527068477
0.58041583183436296 0.01443317619575158
0.59502985907323669 0.01479638274568299
0.61001164392429819 0.01516872927950455
0.62537044089755356 0.01555044580216944
0.64111573738997951 0.01594176810663654
0.65725725954604997 0.01634293791952376
0.67380497826574814 0.01675420305042685
0.69076911536376417 0.01717581754499574
0.70816014988369025 0.01760804184186293
0.72598882457110636 0.01805114293352100
0.74426615250956230 0.01850539453124849
0.76300342392355458 0.01897107723418622
0.78221221315269041 0.01944847870266820
0.80190438580136192 0.01993789383591443
0.82209210606833905 0.02043962495419542
0.84278784426080278 0.02095398198558053
0.86400438449747485 0.02148128265738606
0.88575483260558963 0.02202185269244090
0.90805262421659516 0.02257602601029129
0.93091153306557273 0.02314414493346865
0.95434567949951532 0.02372656039894820
0.97836953919971692 0.02432363217492901
1.00299795212364229 0.02493572908306877
1.02824613167184142 0.02556322922631174
1.05412967408552505 0.02620652022244934
1.08066456808063083 0.02686599944355832
1.10786720472434341 0.02754207426146469
1.13575438756013658 0.02823516229938429
1.16434334298760955 0.02894569168989577
1.19365173090354681 0.02967410133940585
1.22369765561073907 0.03042084119926934
1.25449967700131948 0.03118637254373180
1.28607682202154683 0.03197116825486694
1.31844859642507584 0.03277571311468407
1.35163499682199428 0.03360050410458616
1.38565652303109221 0.03444605071236431
1.42053419074295095 0.03531287524691707
1.45628954450169479 0.03620151316088958
1.49294467101344797 0.03711251338143241
1.53052221278966094 0.03804643864928303
1.56904538213380018 0.03900386586638093
1.60853797547998734 0.03998538645222992
1.64902438809246266 0.04099160670922799
1.69052962913498273 0.04202314819719135
1.73307933711940887 0.04308064811730256
1.77669979574305481 0.04416475970572059
1.82141795012460173 0.04527615263709665
1.86726142344856183 0.04641551343824368
1.91425853402859070 0.04758354591221575
1.96243831280022230 0.04878097157305988
2.01183052125377682 0.05000853009150771
2.06246566981854107 0.05126697975188273
2.11437503670961435 0.05255709792050624
2.16759068724899695 0.05387968152588988
2.22214549367288994 0.05523554755101196
2.27807315543747224 0.05662553353798278
2.33540822003561610 0.05805049810540825
2.39418610433749990 0.05951132147877426
2.45444311646821856 0.06100890603417704
2.51621647823593220 0.06254417685573634
2.57954434812445133 0.06411808230703658
2.64446584486438763 0.06573159461694741
2.71102107159746009 0.06738571048018596
2.77925114064893686 0.06908145167299340
2.84919819892341808 0.07081986568430346
2.92090545393970480 0.07260202636279442
2.99441720052086069 0.07442903458022476
3.06977884815588897 0.07630201891146061
3.14703694904994746 0.07822213633161575
3.22623922688048914 0.08019057293073600
3.30743460627699770 0.08220854464646750
3.39067324304256434 0.08427729801516209
3.47600655513604151 0.08639811094188550
3.56348725443379166 0.08857229348980107
3.65316937929071806 0.09080118868941832
3.74510832792074400 0.09308617336820735
3.83936089261720204 0.09542865900108789
3.93598529483447246 0.09783009258232320
4.03504122115237340 0.10029195751935314
4.13658986014558039 0.10281577454912039
4.24069394018092005 0.10540310267745719
4.34741776816575598 0.10805554014210994
4.45682726927146344 0.11077472539999798
4.56899002765660445 0.11356233813931815
4.68397532821482443 0.11642010031711705
4.80185419937330771 0.11934977722297319
4.92269945696833222 0.12235317856944850
5.04658574922485403 0.12543215960997872
5.17358960286799618 0.12858862228489523
5.30378947039498971 0.13182451639628798
5.43726577853663340 0.13514184081243183
5.57410097793824999 0.13854264470252137
5.71437959409096319 0.14202902880248044
5.85818827954448906 0.14560314671262131
6.00561586743399545 0.14926720622796286
6.15675342635385281 0.15302347070202346
6.31169431661226454 0.15687426044493313
6.47053424790161991 0.16082195415673120
6.63337133842000792 0.16486899039672995
6.80030617548051186 0.16901786908985458
6.97144187764581069 0.17327115307089197
7.14688415842628810 0.17763146966759788
7.32674139158106996 0.18210151232364197
7.51112467806246364 0.18668404226239699
7.70014791464491921 0.19138189019259363
7.89392786428101179 0.19619795805689783
8.09258422822803780 0.20113522082449320
8.29623971998953458 0.20619672832877076
8.50502014111750348 0.21138560715126287
8.71905445892231157 0.21670506255298938
8.93847488613801389 0.22215838045440250
9.16341696259241445 0.22774892946515587
9.39401963893249281 0.23348016296495616
9.63042536245651881 0.23935562123677306
9.87278016510634870 0.24537893365373650
10.12123375367385592 0.25155382092106271
10.37593960227737711 0.25788409737439744
10.63705504716545391 0.26437367333600009
10.90474138390613312 0.27102655753021693
11.17916396702200110 0.27784685955973870
11.46049231213266140 0.28483879244417670
11.74890020066744611 0.29200667522251700
12.04456578721316795 0.29935493562106485
12.34767170956344451 0.30688811278853145
12.65840520153719595 0.31461086009994410
12.97695820863616412 0.32252794803111495
13.30352750661313799 0.33064426710545092
13.63831482302371079 0.33896483091491370
13.98152696183683652 0.34749477921700128
14.33337593118140774 0.35623938110966952
14.69407907430720606 0.36520403828614201
15.06385920384176380 0.37439428837163341
15.44294473942557566 0.38381580834403661
15.83156984881077634 0.39347441804068789
16.22997459251084607 0.40337608375338696
16.63840507209008024 0.41352692191387708
17.05711358218473350 0.42393320287206943
17.48635876635000130 0.43460135476935235
17.92640577682857028 0.44553796750936431
18.37752643833969302 0.45674979682868982
18.83999941599024197 0.46824376847000060
19.31411038741092412 0.48002698246020536
19.80015221922424828 0.49210671749625834
20.29842514795351960 0.50449043544134142
20.80923696548412138 0.51718578593418585
21.33290320919179095 0.53020061111438421
21.86974735685584292 0.54354295046662371
22.42010102647672909 0.55722104578680820
22.98430418112253548 0.57124334627316675
23.56270533892998742 0.58561851374546725
24.15566178839007350 0.60035542799557162
24.76353980905160768 0.61546319227264301
25.38671489777839696 0.63095113890637966
26.02557200070006616 0.64682883507175459
26.68050575100026833 0.66310608869883225
27.35192071268835790 0.67979295453129585
28.04023163050550949 0.69689974033743418
28.74586368612003895 0.71443701327743636
29.46925276076943234 0.73241560643090875
30.21084570451161966 0.75084662548865277
30.97110061225237487 0.76974145561285168
31.75048710671836716 0.78911176846988029
32.54948662855117902 0.80896952944009315
33.36859273370187395 0.82932700500905610
34.20831139830903567 0.85019677034476615
35.06916133124878598 0.87159171706554572
35.95167429455081276 0.89352506120343222
36.85639543187652123 0.91601035136793918
37.78388360526425060 0.93906147711527943
38.73471174034789044 0.96269267752818155
39.70946718026289091 0.98691855001161599
40.70875204845873441 1.01175405930987550
41.73318362064090081 1.03721454675055447
42.78339470607265582 1.06331573972114990
43.86003403847279003 1.09007376138415291
44.96376667674953609 1.11750514063660278
46.09527441581886364 1.14562682232027013
47.25525620776151925 1.17445617768879096
48.44442859357776143 1.20401101513819042
49.66352614580691238 1.23430959120743089
50.91330192228619467 1.26537062185580806
52.19452793132744972 1.29721329402412100
53.50799560859982762 1.32985727748677096
54.85451630601411210 1.36332273700214257
56.23492179290818882 1.39763034476870729
57.65006476984611083 1.43280129319461746
59.10081939534592266 1.46885730798862135
60.58808182586222557 1.50582066158040284
62.11277076935834884 1.54371418687866679
63.67582805280798652 1.58256129137541746
65.27821920397775557 1.62238597160516584
66.92093404785131838 1.66321282796802539
68.60498731806112005 1.70506707992579964
70.33141928370677931 1.74797458158047503
72.10129639194813933 1.79196183764476924
73.91571192676798319 1.83705601981454603
75.77578668431220876 1.88328498355323615
77.68266966522593009 1.93067728529866200
