0.00000000000000000 -7.83630882173507803 -1.98905924800544565
0.00000803691858821 -7.83630882185868849 -1.98905924802012257
0.00001627608382214 -7.83630882224184155 -1.98905924806563572
0.00002472258517794 -7.83630882290420239 -1.98905924814431656
0.00003338164020696 -7.83630882386657568 -1.98905924825863445
0.00004225859775861 -7.83630882515090743 -1.98905924841119863
0.00005135894128453 -7.83630882678045548 -1.98905924860476824
0.00006068829222575 -7.83630882877992274 -1.98905924884228202
0.00007025241348520 -7.83630883117532129 -1.98905924912682641
0.00008005721298752 -7.83630883399424594 -1.98905924946168167
0.00009010874732849 -7.83630883726586180 -1.98905924985030924
0.00010041322551633 -7.83630884102104286 -1.98905925029638020
0.00011097701280709 -7.83630884529235416 -1.98905925080376011
0.00012180663463655 -7.83630885011432898 -1.98905925137655459
0.00013290878065115 -7.83630885552337642 -1.98905925201908462
0.00014429030884027 -7.83630886155800077 -1.98905925273592565
0.00015595824977253 -7.83630886825889572 -1.98905925353191138
0.00016791981093872 -7.83630887566907575 -1.98905925441215348
0.00018018238120394 -7.83630888383386459 -1.98905925538203010
0.00019275353537190 -7.83630889280131626 -1.98905925644725912
0.00020564103886395 -7.83630890262195479 -1.98905925761383129
0.00021885285251595 -7.83630891334930091 -1.98905925888811308
0.00023239713749579 -7.83630892503975574 -1.98905926027679891
0.00024628226034473 -7.83630893775288229 -1.98905926178696624
0.00026051679814551 -7.83630895155154406 -1.98905926342608086
0.00027510954382059 -7.83630896650208264 -1.98905926520202492
0.00029006951156369 -7.83630898267450338 -1.98905926712311709
0.00030540594240800 -7.83630900014262899 -1.98905926919811948
0.00032112830993456 -7.83630901898434473 -1.98905927143628980
0.00033724632612421 -7.83630903928186751 -1.98905927384739267
0.00035376994735689 -7.83630906112178049 -1.98905927644170966
0.00037070938056186 -7.83630908459556874 -1.98905927923011672
0.00038807508952269 -7.83630910979950190 -1.98905928222403827
0.00040587780134090 -7.83630913683526664 -1.98905928543556132
0.00042412851306234 -7.83630916580997638 -1.98905928887740924
0.00044283849847019 -7.83630919683653104 -1.98905929256298952
0.00046201931504903 -7.83630923003401492 -1.98905929650645041
0.00048168281112405 -7.83630926552786189 -1.98905930072269044
0.00050184113318000 -7.83630930345036258 -1.98905930522742636
0.00052250673336427 -7.83630934394083312 -1.98905931003720360
0.00054369237717882 -7.83630938714615155 -1.98905931516947176
0.00056541115136561 -7.83630943322108298 -1.98905932064261504
0.00058767647199056 -7.83630948232865432 -1.98905932647599992
0.00061050209273086 -7.83630953464064195 -1.98905933269002833
0.00063390211337086 -7.83630959033802199 -1.98905933930619949
0.00065789098851174 -7.83630964961139309 -1.98905934634715331
0.00068248353650041 -7.83630971266161058 -1.98905935383675048
0.00070769494858301 -7.83630977970011777 -1.98905936180010556
0.00073354079828885 -7.83630985094970800 -1.98905937026368385
0.00076003705105043 -7.83630992664500070 -1.98905937925535725
0.00078720007406556 -7.83631000703298763 -1.98905938880446143
0.00081504664640769 -7.83631009237389264 -1.98905939894190986
0.00084359396939061 -7.83631018294165571 -1.98905940970024186
0.00087285967719401 -7.83631027902475719 -1.98905942111372758
0.00090286184775643 -7.83631038092685284 -1.98905943321843148
0.00093361901394232 -7.83631048896776505 -1.98905944605234986
0.00096515017499008 -7.83631060348408592 -1.98905945965546116
0.00099747480824826 -7.83631072483023061 -1.98905947406986638
0.00103061288120706 -7.83631085337927047 -1.98905948933988141
0.00106458486383255 -7.83631098952388960 -1.98905950551214716
0.00109941174121137 -7.83631113367749066 -1.98905952263577790
0.00113511502651358 -7.83631128627514073 -1.98905954076244540
0.00117171677428171 -7.83631144777477218 -1.98905955994654748
0.00120923959405423 -7.83631161865841008 -1.98905958024534368
0.00124770666433187 -7.83631179943325495 -1.98905960171907870
0.00128714174689537 -7.83631199063315531 -1.98905962443116557
0.00132756920148356 -7.83631219281987512 -1.98905964844833405
0.00136901400084080 -7.83631240658460460 -1.98905967384080484
0.00141150174614306 -7.83631263254944166 -1.98905970068247728
0.00145505868281224 -7.83631287136897026 -1.98905972905110140
0.00149971171672838 -7.83631312373197542 -1.98905975902849441
0.00154548843084995 -7.83631339036316987 -1.98905979070073835
0.00159241710225229 -7.83631367202510010 -1.98905982415841009
0.00164052671959486 -7.83631396952005588 -1.98905985949680875
0.00168984700102802 -7.83631428369207583 -1.98905989681618878
0.00174040841255050 -7.83631461542920338 -1.98905993622203470
0.00179224218682874 -7.83631496566565389 -1.98905997782531019
0.00184538034248986 -7.83631533538427139 -1.98906002174276009
0.00189985570390012 -7.83631572561892664 -1.98906006809718372
0.00195570192144113 -7.83631613745728650 -1.98906011701777863
0.00201295349229625 -7.83631657204344112 -1.98906016864043411
0.00207164578176010 -7.83631703058090423 -1.98906022310810315
0.00213181504508436 -7.83631751433558588 -1.98906028057114792
0.00219349844987322 -7.83631802463906268 -1.98906034118772479
0.00225673409904250 -7.83631856289196893 -1.98906040512420246
0.00232156105435645 -7.83631913056746843 -1.98906047255555518
0.00238801936055692 -7.83631972921497688 -1.98906054366580931
0.00245615007009965 -7.83632036046422176 -1.98906061864854222
0.00252599526851315 -7.83632102602917158 -1.98906069770732286
0.00259759810039561 -7.83632172771247504 -1.98906078105625772
0.00267100279606609 -7.83632246741000671 -1.98906086892052159
0.00274625469888639 -7.83632324711561790 -1.98906096153693146
0.00282340029327037 -7.83632406892618949 -1.98906105915452946
0.00290248723339825 -7.83632493504683580 -1.98906116203521433
0.00298356437265341 -7.83632584779665375 -1.98906127045442505
0.00306668179379993 -7.83632680961427308 -1.98906138470178551
0.00315189083991967 -7.83632782306419795 -1.98906150508187030
0.00323924414612772 -7.83632889084326401 -1.98906163191496987
0.00332879567208605 -7.83633001578729438 -1.98906176553787528
0.00342060073533537 -7.83633120087826374 -1.98906190630472857
0.00351471604546568 -7.83633244925184247 -1.98906205458792651
0.00361119973914681 -7.83633376420520911 -1.98906221077903544
0.00371011141604046 -7.83633514920531393 -1.98906237528978158
0.00381151217561593 -7.83633660789761421 -1.98906254855308373
0.00391546465489233 -7.83633814411519314 -1.98906273102413578
0.00402203306713060 -7.83633976188828552 -1.98906292318153155
0.00413128324149909 -7.83634146545450960 -1.98906312552849340
0.00424328266373747 -7.83634325926935293 -1.98906333859409767
0.00435810051784378 -7.83634514801736781 -1.98906356293461628
0.00447580772881061 -7.83634713662388638 -1.98906379913490139
0.00459647700643676 -7.83634923026726860 -1.98906404780983537
0.00472018289024125 -7.83635143439198512 -1.98906430960588909
0.00484700179550780 -7.83635375472198970 -1.98906458520269869
0.00497701206048777 -7.83635619727521870 -1.98906487531479370
0.00511029399479115 -7.83635876837848055 -1.98906518069335880
0.00524692992899518 -7.83636147468327238 -1.98906550212810429
0.00538700426550136 -7.83636432318237031 -1.98906584044924073
0.00553060353067233 -7.83636732122721824 -1.98906619652953442
0.00567781642828068 -7.83637047654629715 -1.98906657128648590
0.00582873389430284 -7.83637379726433192 -1.98906696568460784
0.00598344915309181 -7.83637729192247345 -1.98906738073780831
0.00614205777496347 -7.83638096949961760 -1.98906781751192874
0.00630465773523204 -7.83638483943472330 -1.98906827712737777
0.00647134947473111 -7.83638891165019658 -1.98906876076190309
0.00664223596185777 -7.83639319657664757 -1.98906926965352304
0.00681742275617789 -7.83639770517873746 -1.98906980510358755
0.00699701807363218 -7.83640244898238336 -1.98907036847999663
0.00718113285338304 -7.83640744010339230 -1.98907096122058991
0.00736988082634361 -7.83641269127753937 -1.98907158483670576
0.00756337858543135 -7.83641821589206788 -1.98907224091690904
0.00776174565758951 -7.83642402801888416 -1.98907293113090922
0.00796510457762103 -7.83643014244944069 -1.98907365723369933
0.00817358096388041 -7.83643657473135669 -1.98907442106986920
0.00838730359587034 -7.83644334120685215 -1.98907522457816222
0.00860640449379111 -7.83645045905321602 -1.98907606979624529
0.00883101900009173 -7.83645794632518022 -1.98907695886572111
0.00906128586307333 -7.83646582199964570 -1.98907789403740387
0.00929734732259646 -7.83647410602246364 -1.98907887767685310
0.00953934919794507 -7.83648281935765390 -1.98907991227016590
0.00978744097790165 -7.83649198403916625 -1.98908100043009406
0.01004177591308910 -7.83650162322516586 -1.98908214490244295
0.01030251111063623 -7.83651176125512183 -1.98908334857280344
0.01056980763122566 -7.83652242370964647 -1.98908461447359652
0.01084383058858378 -7.83653363747354792 -1.98908594579150533
0.01112474925147435 -7.83654543080190269 -1.98908734587525915
0.01141273714825885 -7.83655783338943834 -1.98908881824378048
0.01170797217408787 -7.83657087644342898 -1.98909036659477678
0.01201063670079016 -7.83658459276048092 -1.98909199481376220
0.01232091768952680 -7.83659901680657445 -1.98909370698345289
0.01263900680628044 -7.83661418480189109 -1.98909550739373997
0.01296510054025069 -7.83663013480919179 -1.98909740055205564
0.01329940032522892 -7.83664690682702592 -1.98909939119430157
0.01364211266402747 -7.83666454288742731 -1.98910148429630285
0.01399344925603997 -7.83668308715855666 -1.98910368508582525
0.01435362712801185 -7.83670258605241177 -1.98910599905518559
0.01472286876810145 -7.83672308833786513 -1.98910843197446208
0.01510140226331490 -7.83674464525935388 -1.98911098990536472
0.01548946144039943 -7.83676731066152943 -1.98911367921579085
0.01588728601028222 -7.83679114111988717 -1.98911650659504669
0.01629512171614406 -7.83681619607807267 -1.98911947906985787
0.01671322048521913 -7.83684253799176833 -1.98912260402110785
0.01714184058441495 -7.83687023247979830 -1.98912588920140809
0.01758124677984827 -7.83689934848264613 -1.98912934275349929
0.01803171050039576 -7.83692995842872531 -1.98913297322955240
0.01849351000536036 -7.83696213840872336 -1.98913678961133811
0.01896693055635693 -7.83699596835863321 -1.98914080133142313
0.01945226459352329 -7.83703153225154381 -1.98914501829530588
0.01994981191616558 -7.83706891829886576 -1.98914945090463613
0.02045987986794964 -7.83710821916124534 -1.98915411008148979
0.02098278352675240 -7.83714953216969334 -1.98915900729379347
0.02151884589929111 -7.83719295955750450 -1.98916415458194007
0.02206839812065011 -7.83723860870306588 -1.98916956458658412
0.02263177965882894 -7.83728659238449765 -1.98917525057775091
0.02320933852443741 -7.83733702904649387 -1.98918122648527040
0.02380143148566798 -7.83739004307963416 -1.98918750693055202
0.02440842428867771 -7.83744576511319035 -1.98919410725982870
0.02503069188351596 -7.83750433232159516 -1.98920104357885874
0.02566861865573760 -7.83756588874525217 -1.98920833278913145
0.02632259866384477 -7.83763058562658355 -1.98921599262572424
0.02699303588270355 -7.83769858176150169 -1.98922404169674327
0.02768034445308640 -7.83777004386724752 -1.98923249952447567
0.02838494893749406 -7.83784514696708889 -1.98924138658828342
0.02910728458241535 -7.83792407479270992 -1.98925072436930028
0.02984779758718633 -7.83800702020484419 -1.98926053539697123
0.03060694537961556 -7.83809418563285210 -1.98927084329748238
0.03138519689854526 -7.83818578353411155 -1.98928167284416246
0.03218303288352287 -7.83828203687365832 -1.98929305000982137
0.03300094617176236 -7.83838317962515596 -1.98930500202117400
0.03383944200257849 -7.83848945729362789 -1.98931755741529237
0.03469903832948169 -7.83860112746089133 -1.98933074609818217
0.03558026614012720 -7.83871846035422859 -1.98934459940544794
0.03648366978431528 -7.83884173943921514 -1.98935915016512377
0.03740980731024578 -7.83897126203736949 -1.98937443276267034
0.03835925080923396 -7.83910733996920861 -1.98939048320807732
0.03933258676910150 -7.83925030022342817 -1.98940733920513835
0.04033041643646027 -7.83940048565307634 -1.98942504022284150
0.04135335618811271 -7.83955825569891473 -1.98944362756882054
0.04240203791179861 -7.83972398714093632 -1.98946314446483874
0.04347710939652324 -7.83989807487812485 -1.98948363612418877
0.04457923473270795 -7.84008093273742546 -1.98950514983098903
0.04570909472241026 -7.84027299431159719 -1.98952773502113422
0.04686738729986726 -7.84047471382686378 -1.98955144336486067
0.04805482796262192 -7.84068656703987088 -1.98957632885064872
0.04927215021349814 -7.84090905216456235 -1.98960244787032847
0.05052010601369838 -7.84114269082823423 -1.98962985930502989
0.05179946624730336 -7.84138802905676435 -1.98965862461172338
0.05311102119746032 -7.84164563828836769 -1.98968880790997948
0.05445558103455493 -7.84191611641519870 -1.98972047606852298
0.05583397631666756 -7.84220008885140452 -1.98975369879105779
0.05724705850262371 -7.84249820962660849 -1.98978854870082755
0.05869570047795467 -7.84281116250301924 -1.98982510142329372
0.06018079709409436 -7.84313966211385871 -1.98986343566610246
0.06170326572114475 -7.84348445512062220 -1.98990363329556419
0.06326404681455111 -7.84384632138629367 -1.98994577940868234
0.06486410449603795 -7.84422607516054526 -1.98998996239960024
0.06650442714916396 -7.84462456627268079 -1.99003627401923988
0.06818602802986343 -7.84504268132772165 -1.99008480942680999
0.06990994589235242 -7.84548134489885296 -1.99013566723143476
0.07167724563078517 -7.84594152071082451 -1.99018894952238989
0.07348901893705817 -7.84642421280506319 -1.99024476188564381
0.07534638497516680 -7.84693046667896610 -1.99030321340476646
0.07725049107253269 -7.84746137038842040 -1.99036441664350705
0.07920251342872818 -7.84801805560173538 -1.99042848760720181
0.08120365784203479 -7.84860169859298473 -1.99049554568008591
0.08325516045428624 -7.84921352115875592 -1.99056571353477874
0.08535828851445464 -7.84985479144157061 -1.99063911701004170
0.08751434116145264 -7.85052682464199503 -1.99071588495262919
0.08972465022663369 -7.85123098359660432 -1.99079614901809099
0.09199058105648784 -7.85196867919847286 -1.99088004342522207
0.09431353335604026 -7.85274137063375566 -1.99096770465826323
0.09669494205347298 -7.85355056540198238 -1.99105927110970504
0.09913627818650540 -7.85439781908887191 -1.99115488265680218
0.10163904981108016 -7.85528473485174938 -1.99125468016308349
0.10420480293291505 -7.85621296257475610 -1.99135880489565542
0.10683512246249820 -7.85718419764935483 -1.99146739784857529
0.10953163319411467 -7.85820017932376480 -1.99158059896037543
0.11229600080951070 -7.85926268856467303 -1.99169854621355769
0.11512993290681373 -7.86037354536677491 -1.99182137460244268
0.11803518005534595 -7.86153460543369675 -1.99194921495329291
0.12101353687698176 -7.86274775615456445 -1.99208219258071462
0.12406684315471646 -7.86401491178390621 -1.99222042576112424
0.12719698496913259 -7.86533800772386460 -1.99236402400222512
0.13040589586346518 -7.86671899380517914 -1.99251308608693956
0.13369555803798455 -7.86815982643820622 -1.99266769786529352
0.13706800357443627 -7.86966245950269983 -1.99282792976711765
0.14052531569129359 -7.87122883383144067 -1.99299383400578289
0.14406963003059803 -7.87286086511452865 -1.99316544143758123
0.14770313597718226 -7.87456043005308892 -1.99334275804164851
0.15142807801109151 -7.87632935055887007 -1.99352576097902068
0.15524675709403857 -7.87816937577450993 -1.99371439418506924
0.15916153209074718 -7.88008216168597642 -1.99390856344884981
0.16317482122606436 -7.88206924804718856 -1.99410813092282835
0.16728910357874052 -7.88413203233002058 -1.99431290900502467
0.17150692061279876 -7.88627174038697643 -1.99452265353043878
0.17583087774744235 -7.88848939345506217 -1.99473705619718800
0.18026364596646696 -7.89078577113528734 -1.99495573615378641
0.18480796346817505 -7.89316136991716100 -1.99517823066125488
0.18946663735680741 -7.89561635677370788 -1.99540398473513925
0.19424254537654129 -7.89815051735003681 -1.99563233967194820
0.19913863768912329 -7.90076319816575623 -1.99586252034439937
0.20415793869623522 -7.90345324223883239 -1.99609362114738342
0.20930354890772015 -7.90621891749469707 -1.99632459046781596
0.21457864685682115 -7.90905783720760081 -1.99655421352891049
0.21998649106361770 -7.91196687173940472 -1.99678109346268129
0.22553042204786899 -7.91494205072125023 -1.99700363044122509
0.23121386439251218 -7.91797845474112005 -1.99721999868123112
0.23704032885908735 -7.92107009560954278 -1.99742812113775758
0.24301341455639519 -7.92420978408265420 -1.99762564166589907
0.24913681116372985 -7.92738898391593061 -1.99780989442764101
0.25541430121005887 -7.93059765104820880 -1.99797787030680718
0.26184976241055608 -7.93382405651757416 -1.99812618005663190
0.26844717006193480 -7.93705459176448080 -1.99825101391473225
0.27521059949805765 -7.94027355477779739 -1.99834809738156749
0.28214422860734223 -7.94346291542603833 -1.99841264283651188
0.28925234041351428 -7.94660205835746059 -1.99843929667355447
0.29653932572130703 -7.94966750155445734 -1.99842208158106271
0.30400968582873861 -7.95263258866838196 -1.99835433359793413
0.31166803530764092 -7.95546715317737352 -1.99822863356224723
0.31951910485416191 -7.95813715215098938 -1.99803673251901048
0.32756774421099982 -7.96060426756905404 -1.99776947068499733
0.33581892516317297 -7.96282547289080700 -1.99741668952072304
0.34427774460917804 -7.96475256252602914 -1.99696713645150048
0.35294942770943377 -7.96633164201432020 -1.99640836180941839
0.36183933111395455 -7.96750257642923909 -1.99572660751354669
0.37095294627124453 -7.96819839477320446 -1.99490668705420449
0.38029590282046266 -7.96834464815854027 -1.99393185635368653
0.38987397206894958 -7.96785871952809543 -1.99278367506999832
0.39969307055726322 -7.96664908310777964 -1.99144185799510343
0.40975926371392990 -7.96461451180390956 -1.98988411620604211
0.42007876960216695 -7.96164323118432993 -1.98808598771201894
0.43065796276088625 -7.95761201916823513 -1.98602065743530520
0.44150337814235968 -7.95238525096803972 -1.98365876645035666
0.45262171514897287 -7.94581388966567204 -1.98096821056926409
0.46401984177156408 -7.93773442349581693 -1.97791392849902481
0.47570479883189981 -7.92796775215623128 -1.97445768004500177
0.48768380433191477 -7.91631802545832208 -1.97055781502782001
0.49996425791239840 -7.90257143927168304 -1.96616903390820230
0.51255374542388010 -7.88649499570915591 -1.96124214150689702
0.52546004361254284 -7.86783523581447763 -1.95572379546432740
0.53869112492405435 -7.84631695658369388 -1.94955625179266168
0.55225516242828776 -7.82164192610146891 -1.94267711025367062
0.56616053486796702 -7.79348761366831244 -1.93501906290705783
0.58041583183436296 -7.76150595726790993 -1.92650965025432286
0.59502985907323669 -7.72532219214898852 -1.91707102967963916
0.61001164392429819 -7.68453377167894480 -1.90661976234765884
0.62537044089755356 -7.63870941695053940 -1.89506662576443730
0.64111573738997951 -7.58738833437646232 -1.88231645974862838
0.65725725954604997 -7.53007965342170760 -1.86826805610645508
0.67380497826574814 -7.46626213853855702 -1.85281410267711255
0.69076911536376417 -7.39538423889379892 -1.83584119429296022
0.70816014988369025 -7.31686455423396342 -1.81722992610379852
0.72598882457110636 -7.23009279335861610 -1.79685508434507812
0.74426615250956230 -7.13443132369964150 -1.77458595396912955
0.76300342392355458 -7.02921741741487693 -1.75028676391909266
0.78221221315269041 -6.91376630147503768 -1.72381729123933147
0.80190438580136192 -6.78737515070822006 -1.69503365141482187
0.82209210606833905 -6.64932815249886655 -1.66378930032221461
0.84278784426080278 -6.49890279173466201 -1.62993627710150113
0.86400438449747485 -6.33537752685790778 -1.59332672164723066
0.88575483260558963 -6.15804100267653354 -1.55381469548884210
0.90805262421659516 -5.96620298928736847 -1.51125834344122612
0.93091153306557273 -5.75920721888103948 -1.46552242998319948
0.95434567949951532 -5.53644627470038220 -1.41648128092603010
0.97836953919971692 -5.29737872734275062 -1.36402216901537621
1.00299795212364229 -5.04154863917567564 -1.30804916755153067
1.02824613167184142 -4.76860756985319068 -1.24848749857778185
1.05412967408552505 -4.47833919536391711 -1.18528839822663756
1.08066456808063083 -4.17068653876261575 -1.11843449946360685
1.10786720472434341 -3.84578183550796071 -1.04794573743488062
1.13575438756013658 -3.50397891476069701 -0.97388575494671936
1.16434334298760955 -3.14588787173781759 -0.89636876486822492
1.19365173090354681 -2.77241175448305421 -0.81556681624801997
1.22369765561073907 -2.38478473327635365 -0.73171736098949824
1.25449967700131948 -1.98461112694774133 -0.64513099965971321
1.28607682202154683 -1.57390443732647412 -0.55619924141222132
1.31844859642507584 -1.15512525206380290 -0.46540205601369117
1.35163499682199428 -0.73121670813584694 -0.37331496322757718
1.38565652303109221 -0.30563583203860201 -0.28061533105367009
1.42053419074295095 0.11762118795831954 -0.18808750325795295
1.45628954450169479 0.53400208105258862 -0.09662631026922744
1.49294467101344797 0.93839253394695488 -0.00723845341785053
1.53052221278966094 1.32512409112883045 0.07895880444504583
1.56904538213380018 1.68799916570643771 0.16074227802509777
1.60853797547998734 2.02033645846407861 0.23679147434386391
1.64902438809246266 2.31504043864191500 0.30570189936047126
1.69052962913498273 2.56469833841757788 0.36600373429636862
1.73307933711940887 2.76170788593035299 0.41618651612988677
1.77669979574305481 2.89843894892520293 0.45473044819655728
1.82141795012460173 2.96743150466720884 0.48014480381317931
1.86726142344856183 2.96209575715834861 0.49109207177757902
1.91425853402859070 2.89972519269117956 0.49032804105226846
1.96243831280022230 2.79238866399822694 0.47989525581153808
2.01183052125377682 2.64055410486985931 0.45993381510268450
2.06246566981854107 2.44602846344657365 0.43084047658498237
2.11437503670961435 2.21194091523705172 0.39326704057156509
2.16759068724899695 1.94276194086367404 0.34812420251811010
2.22214549367288994 1.64429426896564657 0.29657993989876502
2.27807315543747224 1.32362940874038726 0.24005121215533340
2.33540822003561610 0.98906304795068800 0.18018766595704941
2.39418610433749990 0.64996360798860553 0.11884622868443195
2.45444311646821856 0.31668143527360204 0.05807258461341214
2.51621647823593220 0.00000000000000000 0.00000000000000000
2.57954434812445133 0.00000000000000000 0.00000000000000000
2.64446584486438763 0.00000000000000000 0.00000000000000000
2.71102107159746009 0.00000000000000000 0.00000000000000000
2.77925114064893686 0.00000000000000000 0.00000000000000000
2.84919819892341808 0.00000000000000000 0.00000000000000000
2.92090545393970480 0.00000000000000000 0.00000000000000000
2.99441720052086069 0.00000000000000000 0.00000000000000000
3.06977884815588897 0.00000000000000000 0.00000000000000000
3.14703694904994746 0.00000000000000000 0.00000000000000000
3.22623922688048914 0.00000000000000000 0.00000000000000000
3.30743460627699770 0.00000000000000000 0.00000000000000000
3.39067324304256434 0.00000000000000000 0.00000000000000000
3.47600655513604151 0.00000000000000000 0.00000000000000000
3.56348725443379166 0.00000000000000000 0.00000000000000000
3.65316937929071806 0.00000000000000000 0.00000000000000000
3.74510832792074400 0.00000000000000000 0.00000000000000000
3.83936089261720204 0.00000000000000000 0.00000000000000000
3.93598529483447246 0.00000000000000000 0.00000000000000000
4.03504122115237340 0.00000000000000000 0.00000000000000000
4.13658986014558039 0.00000000000000000 0.00000000000000000
4.24069394018092005 0.00000000000000000 0.00000000000000000
4.34741776816575598 0.00000000000000000 0.00000000000000000
4.45682726927146344 0.00000000000000000 0.00000000000000000
4.56899002765660445 0.00000000000000000 0.00000000000000000
4.68397532821482443 0.00000000000000000 0.00000000000000000
4.80185419937330771 0.00000000000000000 0.00000000000000000
4.92269945696833222 0.00000000000000000 0.00000000000000000
5.04658574922485403 0.00000000000000000 0.00000000000000000
5.17358960286799618 0.00000000000000000 0.00000000000000000
5.30378947039498971 0.00000000000000000 0.00000000000000000
5.43726577853663340 0.00000000000000000 0.00000000000000000
5.57410097793824999 0.00000000000000000 0.00000000000000000
5.71437959409096319 0.00000000000000000 0.00000000000000000
5.85818827954448906 0.00000000000000000 0.00000000000000000
6.00561586743399545 0.00000000000000000 0.00000000000000000
6.15675342635385281 0.00000000000000000 0.00000000000000000
6.31169431661226454 0.00000000000000000 0.00000000000000000
6.47053424790161991 0.00000000000000000 0.00000000000000000
6.63337133842000792 0.00000000000000000 0.00000000000000000
6.80030617548051186 0.00000000000000000 0.00000000000000000
6.97144187764581069 0.00000000000000000 0.00000000000000000
7.14688415842628810 0.00000000000000000 0.00000000000000000
7.32674139158106996 0.00000000000000000 0.00000000000000000
7.51112467806246364 0.00000000000000000 0.00000000000000000
7.70014791464491921 0.00000000000000000 0.00000000000000000
7.89392786428101179 0.00000000000000000 0.00000000000000000
8.09258422822803780 0.00000000000000000 0.00000000000000000
8.29623971998953458 0.00000000000000000 0.00000000000000000
8.50502014111750348 0.00000000000000000 0.00000000000000000
8.71905445892231157 0.00000000000000000 0.00000000000000000
8.93847488613801389 0.00000000000000000 0.00000000000000000
9.16341696259241445 0.00000000000000000 0.00000000000000000
9.39401963893249281 0.00000000000000000 0.00000000000000000
9.63042536245651881 0.00000000000000000 0.00000000000000000
9.87278016510634870 0.00000000000000000 0.00000000000000000
10.12123375367385592 0.00000000000000000 0.00000000000000000
10.37593960227737711 0.00000000000000000 0.00000000000000000
10.63705504716545391 0.00000000000000000 0.00000000000000000
10.90474138390613312 0.00000000000000000 0.00000000000000000
11.17916396702200110 0.00000000000000000 0.00000000000000000
11.46049231213266140 0.00000000000000000 0.00000000000000000
11.74890020066744611 0.00000000000000000 0.00000000000000000
12.04456578721316795 0.00000000000000000 0.00000000000000000
12.34767170956344451 0.00000000000000000 0.00000000000000000
12.65840520153719595 0.00000000000000000 0.00000000000000000
12.97695820863616412 0.00000000000000000 0.00000000000000000
13.30352750661313799 0.00000000000000000 0.00000000000000000
13.63831482302371079 0.00000000000000000 0.00000000000000000
13.98152696183683652 0.00000000000000000 0.00000000000000000
14.33337593118140774 0.00000000000000000 0.00000000000000000
14.69407907430720606 0.00000000000000000 0.00000000000000000
15.06385920384176380 0.00000000000000000 0.00000000000000000
15.44294473942557566 0.00000000000000000 0.00000000000000000
15.83156984881077634 0.00000000000000000 0.00000000000000000
16.22997459251084607 0.00000000000000000 0.00000000000000000
16.63840507209008024 0.00000000000000000 0.00000000000000000
17.05711358218473350 0.00000000000000000 0.00000000000000000
17.48635876635000130 0.00000000000000000 0.00000000000000000
17.92640577682857028 0.00000000000000000 0.00000000000000000
18.37752643833969302 0.00000000000000000 0.00000000000000000
18.83999941599024197 0.00000000000000000 0.00000000000000000
19.31411038741092412 0.00000000000000000 0.00000000000000000
19.80015221922424828 0.00000000000000000 0.00000000000000000
20.29842514795351960 0.00000000000000000 0.00000000000000000
20.80923696548412138 0.00000000000000000 0.00000000000000000
21.33290320919179095 0.00000000000000000 0.00000000000000000
21.86974735685584292 0.00000000000000000 0.00000000000000000
22.42010102647672909 0.00000000000000000 0.00000000000000000
22.98430418112253548 0.00000000000000000 0.00000000000000000
23.56270533892998742 0.00000000000000000 0.00000000000000000
24.15566178839007350 0.00000000000000000 0.00000000000000000
24.76353980905160768 0.00000000000000000 0.00000000000000000
25.38671489777839696 0.00000000000000000 0.00000000000000000
26.02557200070006616 0.00000000000000000 0.00000000000000000
26.68050575100026833 0.00000000000000000 0.00000000000000000
27.35192071268835790 0.00000000000000000 0.00000000000000000
28.04023163050550949 0.00000000000000000 0.00000000000000000
28.74586368612003895 0.00000000000000000 0.00000000000000000
29.46925276076943234 0.00000000000000000 0.00000000000000000
30.21084570451161966 0.00000000000000000 0.00000000000000000
30.97110061225237487 0.00000000000000000 0.00000000000000000
31.75048710671836716 0.00000000000000000 0.00000000000000000
32.54948662855117902 0.00000000000000000 0.00000000000000000
33.36859273370187395 0.00000000000000000 0.00000000000000000
34.20831139830903567 0.00000000000000000 0.00000000000000000
35.06916133124878598 0.00000000000000000 0.00000000000000000
35.95167429455081276 0.00000000000000000 0.00000000000000000
36.85639543187652123 0.00000000000000000 0.00000000000000000
37.78388360526425060 0.00000000000000000 0.00000000000000000
38.73471174034789044 0.00000000000000000 0.00000000000000000
39.70946718026289091 0.00000000000000000 0.00000000000000000
40.70875204845873441 0.00000000000000000 0.00000000000000000
41.73318362064090081 0.00000000000000000 0.00000000000000000
42.78339470607265582 0.00000000000000000 0.00000000000000000
43.86003403847279003 0.00000000000000000 0.00000000000000000
44.96376667674953609 0.00000000000000000 0.00000000000000000
46.09527441581886364 0.00000000000000000 0.00000000000000000
47.25525620776151925 0.00000000000000000 0.00000000000000000
48.44442859357776143 0.00000000000000000 0.00000000000000000
49.66352614580691238 0.00000000000000000 0.00000000000000000
50.91330192228619467 0.00000000000000000 0.00000000000000000
52.19452793132744972 0.00000000000000000 0.00000000000000000
53.50799560859982762 0.00000000000000000 0.00000000000000000
54.85451630601411210 0.00000000000000000 0.00000000000000000
56.23492179290818882 0.00000000000000000 0.00000000000000000
57.65006476984611083 0.00000000000000000 0.00000000000000000
59.10081939534592266 0.00000000000000000 0.00000000000000000
60.58808182586222557 0.00000000000000000 0.00000000000000000
62.11277076935834884 0.00000000000000000 0.00000000000000000
63.67582805280798652 0.00000000000000000 0.00000000000000000
65.27821920397775557 0.00000000000000000 0.00000000000000000
66.92093404785131838 0.00000000000000000 0.00000000000000000
68.60498731806112005 0.00000000000000000 0.00000000000000000
70.33141928370677931 0.00000000000000000 0.00000000000000000
72.10129639194813933 0.00000000000000000 0.00000000000000000
73.91571192676798319 0.00000000000000000 0.00000000000000000
75.77578668431220876 0.00000000000000000 0.00000000000000000
77.68266966522593009 0.00000000000000000 0.00000000000000000
