0.00000000000000000 -0.00000000000021818 -0.00000000000009756
0.00000803691858821 -0.00000000039390498 -0.00000000018238114
0.00001627608382214 -0.00000000161551580 -0.00000000074799777
0.00002472258517794 -0.00000000372734738 -0.00000000172579335
0.00003338164020696 -0.00000000679559752 -0.00000000314641873
0.00004225859775861 -0.00000001089036505 -0.00000000504232972
0.00005135894128453 -0.00000001608586200 -0.00000000744788866
0.00006068829222575 -0.00000002246063787 -0.00000001039946251
0.00007025241348520 -0.00000003009779897 -0.00000001393553263
0.00008005721298752 -0.00000003908527636 -0.00000001809680960
0.00009010874732849 -0.00000004951606807 -0.00000002292635346
0.00010041322551633 -0.00000006148852551 -0.00000002846970132
0.00011097701280709 -0.00000007510663498 -0.00000003477500006
0.00012180663463655 -0.00000009048032035 -0.00000004189314508
0.00013290878065115 -0.00000010772576496 -0.00000004987792972
0.00014429030884027 -0.00000012696574293 -0.00000005878620120
0.00015595824977253 -0.00000014832998150 -0.00000006867802150
0.00016791981093872 -0.00000017195551401 -0.00000007961684108
0.00018018238120394 -0.00000019798709213 -0.00000009166967879
0.00019275353537190 -0.00000022657757746 -0.00000010490731399
0.00020564103886395 -0.00000025788839968 -0.00000011940448577
0.00021885285251595 -0.00000029208997116 -0.00000013524009992
0.00023239713749579 -0.00000032936221290 -0.00000015249745935
0.00024628226034473 -0.00000036989501431 -0.00000017126448606
0.00026051679814551 -0.00000041388880097 -0.00000019163397766
0.00027510954382059 -0.00000046155506520 -0.00000021370385709
0.00029006951156369 -0.00000051311696167 -0.00000023757744714
0.00030540594240800 -0.00000056880992730 -0.00000026336375655
0.00032112830993456 -0.00000062888231376 -0.00000029117777485
0.00033724632612421 -0.00000069359610187 -0.00000032114080140
0.00035376994735689 -0.00000076322758193 -0.00000035338076062
0.00037070938056186 -0.00000083806813726 -0.00000038803256427
0.00038807508952269 -0.00000091842501546 -0.00000042523847280
0.00040587780134090 -0.00000100462218097 -0.00000046514848374
0.00042412851306234 -0.00000109700118284 -0.00000050792073707
0.00044283849847019 -0.00000119592208842 -0.00000055372194629
0.00046201931504903 -0.00000130176443894 -0.00000060272784331
0.00048168281112405 -0.00000141492828060 -0.00000065512365324
0.00050184113318000 -0.00000153583524885 -0.00000071110459486
0.00052250673336427 -0.00000166492966993 -0.00000077087639710
0.00054369237717882 -0.00000180267977363 -0.00000083465585452
0.00056541115136561 -0.00000194957894331 -0.00000090267140592
0.00058767647199056 -0.00000210614700537 -0.00000097516373690
0.00061050209273086 -0.00000227293163514 -0.00000105238642570
0.00063390211337086 -0.00000245050980306 -0.00000113460661403
0.00065789098851174 -0.00000263948929275 -0.00000122210571131
0.00068248353650041 -0.00000284051031920 -0.00000131518014378
0.00070769494858301 -0.00000305424721667 -0.00000141414213238
0.00073354079828885 -0.00000328141020006 -0.00000151932051383
0.00076003705105043 -0.00000352274725144 -0.00000163106161046
0.00078720007406556 -0.00000377904608572 -0.00000174973014046
0.00081504664640769 -0.00000405113618213 -0.00000187571016104
0.00084359396939061 -0.00000433989100190 -0.00000200940609202
0.00087285967719401 -0.00000464623023093 -0.00000215124375635
0.00090286184775643 -0.00000497112221390 -0.00000230167150520
0.00093361901394232 -0.00000531558643882 -0.00000246116137377
0.00096515017499008 -0.00000568069622970 -0.00000263021031748
0.00099747480824826 -0.00000606758151577 -0.00000280934150467
0.00103061288120706 -0.00000647743175211 -0.00000299910566546
0.00106458486383255 -0.00000691149903597 -0.00000320008253207
0.00109941174121137 -0.00000737110132241 -0.00000341288232841
0.00113511502651358 -0.00000785762584752 -0.00000363814735822
0.00117171677428171 -0.00000837253268962 -0.00000387655365219
0.00120923959405423 -0.00000891735857018 -0.00000412881272657
0.00124770666433187 -0.00000949372078079 -0.00000439567340290
0.00128714174689537 -0.00001010332137133 -0.00000467792374628
0.00132756920148356 -0.00001074795152129 -0.00000497639309033
0.00136901400084080 -0.00001142949613044 -0.00000529195416152
0.00141150174614306 -0.00001214993867140 -0.00000562552532826
0.00145505868281224 -0.00001291136626836 -0.00000597807294890
0.00149971171672838 -0.00001371597504857 -0.00000635061385103
0.00154548843084995 -0.00001456607574993 -0.00000674421793190
0.00159241710225229 -0.00001546409965657 -0.00000716001090037
0.00164052671959486 -0.00001641260478579 -0.00000759917714314
0.00168984700102802 -0.00001741428242089 -0.00000806296275499
0.00174040841255050 -0.00001847196399883 -0.00000855267871892
0.00179224218682874 -0.00001958862829703 -0.00000906970424157
0.00184538034248986 -0.00002076740903790 -0.00000961549027010
0.00189985570390012 -0.00002201160285698 -0.00001019156318225
0.00195570192144113 -0.00002332467768650 -0.00001079952866995
0.00201295349229625 -0.00002471028156802 -0.00001144107581724
0.00207164578176010 -0.00002617225191377 -0.00001211798138928
0.00213181504508436 -0.00002771462524688 -0.00001283211434383
0.00219349844987322 -0.00002934164744505 -0.00001358544057019
0.00225673409904250 -0.00003105778446628 -0.00001438002786300
0.00232156105435645 -0.00003286773370639 -0.00001521805117190
0.00238801936055692 -0.00003477643585831 -0.00001610179809868
0.00245615007009965 -0.00003678908740247 -0.00001703367467913
0.00252599526851315 -0.00003891115376589 -0.00001801621147794
0.00259759810039561 -0.00004114838312167 -0.00001905206997161
0.00267100279606609 -0.00004350682088441 -0.00002014404927001
0.00274625469888639 -0.00004599282499952 -0.00002129509318698
0.00282340029327037 -0.00004861308194361 -0.00002250829765455
0.00290248723339825 -0.00005137462360967 -0.00002378691853866
0.00298356437265341 -0.00005428484500638 -0.00002513437983640
0.00306668179379993 -0.00005735152288594 -0.00002655428229895
0.00315189083991967 -0.00006058283531677 -0.00002805041249761
0.00323924414612772 -0.00006398738226982 -0.00002962675235132
0.00332879567208605 -0.00006757420722030 -0.00003128748913605
0.00342060073533537 -0.00007135281990595 -0.00003303702601503
0.00351471604546568 -0.00007533322020315 -0.00003487999309920
0.00361119973914681 -0.00007952592324008 -0.00003682125907627
0.00371011141604046 -0.00008394198579660 -0.00003886594343088
0.00381151217561593 -0.00008859303405003 -0.00004101942929687
0.00391546465489233 -0.00009349129272786 -0.00004328737695263
0.00402203306713060 -0.00009864961576041 -0.00004567573801853
0.00413128324149909 -0.00010408151849534 -0.00004819077037036
0.00424328266373747 -0.00010980121155457 -0.00005083905382029
0.00435810051784378 -0.00011582363642629 -0.00005362750659494
0.00447580772881061 -0.00012216450286238 -0.00005656340265504
0.00459647700643676 -0.00012884032819123 -0.00005965438989971
0.00472018289024125 -0.00013586847864424 -0.00006290850930266
0.00484700179550780 -0.00014326721277274 -0.00006633421501608
0.00497701206048777 -0.00015105572710004 -0.00006994039551376
0.00511029399479115 -0.00015925420407652 -0.00007373639579781
0.00524692992899518 -0.00016788386253408 -0.00007773204075824
0.00538700426550136 -0.00017696701063142 -0.00008193765969914
0.00553060353067233 -0.00018652710158071 -0.00008636411213859
0.00567781642828068 -0.00019658879216033 -0.00009102281490879
0.00582873389430284 -0.00020717800426028 -0.00009592577065727
0.00598344915309181 -0.00021832198951139 -0.00010108559777318
0.00614205777496347 -0.00023004939723083 -0.00010651556186258
0.00630465773523204 -0.00024239034587701 -0.00011222960882781
0.00647134947473111 -0.00025537649806131 -0.00011824239961925
0.00664223596185777 -0.00026904113946020 -0.00012456934676892
0.00681742275617789 -0.00028341926169144 -0.00013122665278551
0.00699701807363218 -0.00029854764945317 -0.00013823135050327
0.00718113285338304 -0.00031446497208215 -0.00014560134548823
0.00736988082634361 -0.00033121187978284 -0.00015335546060832
0.00756337858543135 -0.00034883110474446 -0.00016151348286707
0.00776174565758951 -0.00036736756743731 -0.00017009621263421
0.00796510457762103 -0.00038686848828685 -0.00017912551537099
0.00817358096388041 -0.00040738350505180 -0.00018862437599902
0.00838730359587034 -0.00042896479618101 -0.00019861695603605
0.00860640449379111 -0.00045166721043108 -0.00020912865363839
0.00883101900009173 -0.00047554840310198 -0.00022018616670203
0.00906128586307333 -0.00050066897917808 -0.00023181755917266
0.00929734732259646 -0.00052709264378930 -0.00024405233074226
0.00953934919794507 -0.00055488636026716 -0.00025692149006961
0.00978744097790165 -0.00058412051629771 -0.00027045763175027
0.01004177591308910 -0.00061486909848133 -0.00028469501718534
0.01030251111063623 -0.00064720987579125 -0.00029966965957365
0.01056980763122566 -0.00068122459232946 -0.00031541941321761
0.01084383058858378 -0.00071699916989455 -0.00033198406737433
0.01112474925147435 -0.00075462392084874 -0.00034940544488135
0.01141273714825885 -0.00079419377174587 -0.00036772750577848
0.01170797217408787 -0.00083580849838961 -0.00038699645621748
0.01201063670079016 -0.00087957297275295 -0.00040726086288790
0.01232091768952680 -0.00092559742246072 -0.00042857177325533
0.01263900680628044 -0.00097399770342954 -0.00045098284191349
0.01296510054025069 -0.00102489558634235 -0.00047455046334380
0.01329940032522892 -0.00107841905762882 -0.00049933391141098
0.01364211266402747 -0.00113470263569750 -0.00052539548593665
0.01399344925603997 -0.00119388770322989 -0.00055280066671632
0.01435362712801185 -0.00125612285624126 -0.00058161827532554
0.01472286876810145 -0.00132156427086297 -0.00061192064515031
0.01510140226331490 -0.00139037608866608 -0.00064378380001515
0.01548946144039943 -0.00146273082146414 -0.00067728764186849
0.01588728601028222 -0.00153880977660326 -0.00071251614796593
0.01629512171614406 -0.00161880350374305 -0.00074955757804126
0.01671322048521913 -0.00170291226417692 -0.00078850469194502
0.01714184058441495 -0.00179134652391167 -0.00082945497831084
0.01758124677984827 -0.00188432747152569 -0.00087251089475129
0.01803171050039576 -0.00198208756226286 -0.00091778012022365
0.01849351000536036 -0.00208487108945574 -0.00096537582011018
0.01896693055635693 -0.00219293478476654 -0.00101541692469177
0.01945226459352329 -0.00230654844866156 -0.00106802842167656
0.01994981191616558 -0.00242599561255694 -0.00112334166345731
0.02045987986794964 -0.00255157423430060 -0.00118149468987531
0.02098278352675240 -0.00268359742852930 -0.00124263256721143
0.02151884589929111 -0.00282239423373744 -0.00130690774425725
0.02206839812065011 -0.00296831041776438 -0.00137448042628082
0.02263177965882894 -0.00312170932367920 -0.00144551896778953
0.02320933852443741 -0.00328297275796738 -0.00152020028500340
0.02380143148566798 -0.00345250192318169 -0.00159871028904608
0.02440842428867771 -0.00363071839712047 -0.00168124434081959
0.02503069188351596 -0.00381806516094096 -0.00176800772869059
0.02566861865573760 -0.00401500767845082 -0.00185921617005255
0.02632259866384477 -0.00422203502918292 -0.00195509633798039
0.02699303588270355 -0.00443966109777149 -0.00205588641416602
0.02768034445308640 -0.00466842582242087 -0.00216183666944566
0.02838494893749406 -0.00490889650525552 -0.00227321007324363
0.02910728458241535 -0.00516166918755602 -0.00239028293334225
0.02984779758718633 -0.00542737009297270 -0.00251334556744328
0.03060694537961556 -0.00570665714199138 -0.00264270300806916
0.03138519689854526 -0.00600022154096823 -0.00277867574237570
0.03218303288352287 -0.00630878944935624 -0.00292160048859488
0.03300094617176236 -0.00663312372872762 -0.00307183101082140
0.03383944200257849 -0.00697402577749370 -0.00322973897399499
0.03469903832948169 -0.00733233745525347 -0.00339571484096183
0.03558026614012720 -0.00770894310103629 -0.00357016881363273
0.03648366978431528 -0.00810477164967090 -0.00375353182029211
0.03740980731024578 -0.00852079885090056 -0.00394625655122979
0.03835925080923396 -0.00895804959581739 -0.00414881854493768
0.03933258676910150 -0.00941760035562816 -0.00436171732724413
0.04033041643646027 -0.00990058173766152 -0.00458547760578496
0.04135335618811271 -0.01040818116402652 -0.00482065052239824
0.04240203791179861 -0.01094164567822526 -0.00506781496604439
0.04347710939652324 -0.01150228488542954 -0.00532757894901098
0.04457923473270795 -0.01209147403228444 -0.00560058104925783
0.04570909472241026 -0.01271065723212961 -0.00588749192181476
0.04686738729986726 -0.01336135084204672 -0.00618901588234431
0.04805482796262192 -0.01404514699799637 -0.00650589256599176
0.04927215021349814 -0.01476371731469671 -0.00683889866481039
0.05052010601369838 -0.01551881675710325 -0.00718884974716395
0.05179946624730336 -0.01631228769034866 -0.00755660216256326
0.05311102119746032 -0.01714606411531279 -0.00794305503554329
0.05445558103455493 -0.01802217609727776 -0.00834915235233313
0.05583397631666756 -0.01894275439483325 -0.00877588514402482
0.05724705850262371 -0.01991003529688270 -0.00922429377023295
0.05869570047795467 -0.02092636567539645 -0.00969547030722445
0.06018079709409436 -0.02199420826149716 -0.01019056104452310
0.06170326572114475 -0.02311614715310368 -0.01071076909428826
0.06326404681455111 -0.02429489356177935 -0.01125735711760392
0.06486410449603795 -0.02553329180662851 -0.01183165017195383
0.06650442714916396 -0.02683432556349162 -0.01243503868436630
0.06818602802986343 -0.02820112437674954 -0.01306898155443020
0.06990994589235242 -0.02963697044160121 -0.01373500939164949
0.07167724563078517 -0.03114530566450694 -0.01443472789162072
0.07348901893705817 -0.03272973900832589 -0.01516982135513406
0.07534638497516680 -0.03439405412965065 -0.01594205635476636
0.07725049107253269 -0.03614221731444792 -0.01675328555306043
0.07920251342872818 -0.03797838571746952 -0.01760545167623157
0.08120365784203479 -0.03990691591148466 -0.01850059164766945
0.08325516045428624 -0.04193237274993780 -0.01944084088461857
0.08535828851445464 -0.04405953854659604 -0.02042843776154216
0.08751434116145264 -0.04629342257541359 -0.02146572824362653
0.08972465022663369 -0.04863927089029249 -0.02255517069260310
0.09199058105648784 -0.05110257646549458 -0.02369934084762605
0.09431353335604026 -0.05368908965461592 -0.02490093698294308
0.09669494205347298 -0.05640482896262877 -0.02616278524287297
0.09913627818650540 -0.05925609212695674 -0.02748784515535870
0.10163904981108016 -0.06224946749707722 -0.02887921532291349
0.10420480293291505 -0.06539184570058357 -0.03034013928937550
0.10683512246249820 -0.06869043158309233 -0.03187401158076606
0.10953163319411467 -0.07215275639995201 -0.03348438391506387
0.11229600080951070 -0.07578669023876076 -0.03517497157626685
0.11512993290681373 -0.07960045464582052 -0.03694965994597895
0.11803518005534595 -0.08360263541980935 -0.03881251118208937
0.12101353687698176 -0.08780219553837726 -0.04076777103525752
0.12406684315471646 -0.09220848816942133 -0.04281987578862643
0.12719698496913259 -0.09683126971217358 -0.04497345930380636
0.13040589586346518 -0.10168071281263423 -0.04723336015613439
0.13369555803798455 -0.10676741927608574 -0.04960462883388055
0.13706800357443627 -0.11210243279884863 -0.05209253497605295
0.14052531569129359 -0.11769725143038251 -0.05470257461935875
0.14406963003059803 -0.12356383965197452 -0.05744047741531375
0.14770313597718226 -0.12971463996282401 -0.06031221378052941
0.15142807801109151 -0.13616258383491397 -0.06332400193186866
0.15524675709403857 -0.14292110187978291 -0.06648231475121028
0.15916153209074718 -0.15000413307039970 -0.06979388642479514
0.16317482122606436 -0.15742613281297274 -0.07326571878335036
0.16728910357874052 -0.16520207966011913 -0.07690508726799872
0.17150692061279876 -0.17334748043476833 -0.08071954643852720
0.17583087774744235 -0.18187837347908919 -0.08471693491899797
0.18026364596646696 -0.19081132975131543 -0.08890537967924932
0.18480796346817505 -0.20016345143361813 -0.09329329952740084
0.18946663735680741 -0.20995236767237216 -0.09788940767197411
0.19424254537654129 -0.22019622707449893 -0.10270271321332304
0.19913863768912329 -0.23091368648357008 -0.10774252138436735
0.20415793869623522 -0.24212389555084568 -0.11301843235720604
0.20930354890772015 -0.25384647657515630 -0.11854033841573867
0.21457864685682115 -0.26610149897239721 -0.12431841924907751
0.21998649106361770 -0.27890944775557902 -0.13036313512833775
0.22553042204786899 -0.29229118528971171 -0.13668521768239902
0.23121386439251218 -0.30626790550408217 -0.14329565795481061
0.23704032885908735 -0.32086107975590650 -0.15020569142804571
0.24301341455639519 -0.33609239334544361 -0.15742677962232657
0.24913681116372985 -0.35198367167580730 -0.16497058787218746
0.25541430121005887 -0.36855679497788790 -0.17284895885340781
0.26184976241055608 -0.38583360031355740 -0.18107388134676186
0.26844717006193480 -0.40383576962575357 -0.18965745374562573
0.27521059949805765 -0.42258470239351520 -0.19861184172616961
0.28214422860734223 -0.44210137132365357 -0.20794922944330693
0.28925234041351428 -0.46240615955218756 -0.21768176362960948
0.29653932572130703 -0.48351867749868921 -0.22782148983315323
0.30400968582873861 -0.50545755754957322 -0.23838028003810080
0.31166803530764092 -0.52824022464274789 -0.24936975086326726
0.31951910485416191 -0.55188264051964919 -0.26080117139614312
0.32756774421099982 -0.57639901956808859 -0.27268535977789965
0.33581892516317297 -0.60180151387051750 -0.28503256751309342
0.34427774460917804 -0.62809986497098280 -0.29785235041880581
0.35294942770943377 -0.65530102001572887 -0.31115342517634964
0.36183933111395455 -0.68340870951081056 -0.32494351024797430
0.37095294627124453 -0.71242298415439620 -0.33922914999139286
0.38029590282046266 -0.74233970815657202 -0.35401552076167608
0.38987397206894958 -0.77315000624684493 -0.36930621765295923
0.39969307055726322 -0.80483966200067714 -0.38510302069446400
0.40975926371392990 -0.83738846493146268 -0.40140563917843103
0.42007876960216695 -0.87076950406016884 -0.41821143285050266
0.43065796276088625 -0.90494840612668204 -0.43551510885350109
0.44150337814235968 -0.93988251664673705 -0.45330839321691979
0.45262171514897287 -0.97552002279885663 -0.47157967596589373
0.46401984177156408 -1.01179901759576629 -0.49031362903670994
0.47570479883189981 -1.04864650557836159 -0.50949079635334149
0.48768380433191477 -1.08597735131315476 -0.52908715583201205
0.49996425791239840 -1.12369317303077243 -0.54907365332062119
0.51255374542388010 -1.16168118540602894 -0.56941570902878402
0.52546004361254284 -1.19981299676669506 -0.59007269748927216
0.53869112492405435 -1.23794336861364740 -0.61099740282790949
0.55225516242828776 -1.27590894733713678 -0.63213545190951814
0.56616053486796702 -1.31352698056770567 -0.65342472877313995
0.58041583183436296 -1.35059403506738818 -0.67479477523970166
0.59502985907323669 -1.38688473486496600 -0.69616618339210457
0.61001164392429819 -1.42215054430429655 -0.71744998758861334
0.62537044089755356 -1.45611862558895333 -0.73854706551725546
0.64111573738997951 -1.48849080324689353 -0.75934755899115214
0.65725725954604997 -1.51894267873167887 -0.77973032891005989
0.67380497826574814 -1.54712294092148195 -0.79956246011083987
0.69076911536376417 -1.57265292654732414 -0.81869883489780459
0.70816014988369025 -1.59512649750438018 -0.83698179885244228
0.72598882457110636 -1.61411030126014032 -0.85424094287677677
0.74426615250956230 -1.62914449932185179 -0.87029303232514255
0.76300342392355458 -1.63974405528903722 -0.88494211717021487
0.78221221315269041 -1.64540067580783211 -0.89797985853687190
0.80190438580136192 -1.64558552452863260 -0.90918611723064779
0.82209210606833905 -1.63975281992955835 -0.91832984783703320
0.84278784426080278 -1.62734444353966157 -0.92517034864312775
0.86400438449747485 -1.60779570268750938 -0.92945892553739540
0.88575483260558963 -1.58054236644685564 -0.93094102046047067
0.90805262421659516 -1.54502912720366692 -0.92935886911988685
0.93091153306557273 -1.50071961853882674 -0.92445474715553966
0.95434567949951532 -1.44710809564007681 -0.91597485713356530
0.97836953919971692 -1.38373290972646057 -0.90367392138858138
1.00299795212364229 -1.31019182688525171 -0.88732051855730187
1.02824613167184142 -1.22615923424648887 -0.86670320244025589
1.05412967408552505 -1.13140523493718570 -0.84163743108340383
1.08066456808063083 -1.02581650356071274 -0.81197328816419989
1.10786720472434341 -0.90941876225147200 -0.77760398068005843
1.13575438756013658 -0.78240057126685847 -0.73847503838633344
1.16434334298760955 -0.64513799027715391 -0.69459409181972931
1.19365173090354681 -0.49821956592295136 -0.64604107602492844
1.22369765561073907 -0.34247082486308511 -0.59297860160179727
1.25449967700131948 -0.17897731016927104 -0.53566218729524340
1.28607682202154683 -0.00910494089916875 -0.47444995392940537
1.31844859642507584 0.16548381256436406 -0.40981126205884438
1.35163499682199428 0.34281964699160433 -0.34233370698004351
1.38565652303109221 0.52062407129345445 -0.27272774673524225
1.42053419074295095 0.69631719667925573 -0.20182815559031314
1.45628954450169479 0.86703814040254445 -0.13059139629273461
1.49294467101344797 1.02968056545735775 -0.06008793971918758
1.53052221278966094 1.18094591306962071 0.00851146671259469
1.56904538213380018 1.31741679026896485 0.07395658760956293
1.60853797547998734 1.43565237580070226 0.13494638974568060
1.64902438809246266 1.53230738700168745 0.19016638590657481
1.69052962913498273 1.60427487952748082 0.23833499885781459
1.73307933711940887 1.64885177999554045 0.27825885773698156
1.77669979574305481 1.66392461825925664 0.30889646581202007
1.82141795012460173 1.64816976128967152 0.32942864056073662
1.86726142344856183 1.60114573483309175 0.33932388723291446
1.91425853402859070 1.51830544273641821 0.33792233365704538
1.96243831280022230 1.39937535425520276 0.32509701413971848
2.01183052125377682 1.24920030642136526 0.30155936428887631
2.06246566981854107 1.07437921869864272 0.26864903904866050
2.11437503670961435 0.88321690852804036 0.22833926708247282
2.16759068724899695 0.68554922863463119 0.18320293877098498
2.22214549367288994 0.49243857125038676 0.13633354529358868
2.27807315543747224 0.31572743458302377 0.09121575190280465
2.33540822003561610 0.16744467042340147 0.05154265871818765
2.39418610433749990 0.05907076933087826 0.02098088707316476
2.45444311646821856 0.00066973230820413 0.00288699193639024
2.51621647823593220 0.00000000000000000 0.00000000000000000
2.57954434812445133 0.00000000000000000 0.00000000000000000
2.64446584486438763 0.00000000000000000 0.00000000000000000
2.71102107159746009 0.00000000000000000 0.00000000000000000
2.77925114064893686 0.00000000000000000 0.00000000000000000
2.84919819892341808 0.00000000000000000 0.00000000000000000
2.92090545393970480 0.00000000000000000 0.00000000000000000
2.99441720052086069 0.00000000000000000 0.00000000000000000
3.06977884815588897 0.00000000000000000 0.00000000000000000
3.14703694904994746 0.00000000000000000 0.00000000000000000
3.22623922688048914 0.00000000000000000 0.00000000000000000
3.30743460627699770 0.00000000000000000 0.00000000000000000
3.39067324304256434 0.00000000000000000 0.00000000000000000
3.47600655513604151 0.00000000000000000 0.00000000000000000
3.56348725443379166 0.00000000000000000 0.00000000000000000
3.65316937929071806 0.00000000000000000 0.00000000000000000
3.74510832792074400 0.00000000000000000 0.00000000000000000
3.83936089261720204 0.00000000000000000 0.00000000000000000
3.93598529483447246 0.00000000000000000 0.00000000000000000
4.03504122115237340 0.00000000000000000 0.00000000000000000
4.13658986014558039 0.00000000000000000 0.00000000000000000
4.24069394018092005 0.00000000000000000 0.00000000000000000
4.34741776816575598 0.00000000000000000 0.00000000000000000
4.45682726927146344 0.00000000000000000 0.00000000000000000
4.56899002765660445 0.00000000000000000 0.00000000000000000
4.68397532821482443 0.00000000000000000 0.00000000000000000
4.80185419937330771 0.00000000000000000 0.00000000000000000
4.92269945696833222 0.00000000000000000 0.00000000000000000
5.04658574922485403 0.00000000000000000 0.00000000000000000
5.17358960286799618 0.00000000000000000 0.00000000000000000
5.30378947039498971 0.00000000000000000 0.00000000000000000
5.43726577853663340 0.00000000000000000 0.00000000000000000
5.57410097793824999 0.00000000000000000 0.00000000000000000
5.71437959409096319 0.00000000000000000 0.00000000000000000
5.85818827954448906 0.00000000000000000 0.00000000000000000
6.00561586743399545 0.00000000000000000 0.00000000000000000
6.15675342635385281 0.00000000000000000 0.00000000000000000
6.31169431661226454 0.00000000000000000 0.00000000000000000
6.47053424790161991 0.00000000000000000 0.00000000000000000
6.63337133842000792 0.00000000000000000 0.00000000000000000
6.80030617548051186 0.00000000000000000 0.00000000000000000
6.97144187764581069 0.00000000000000000 0.00000000000000000
7.14688415842628810 0.00000000000000000 0.00000000000000000
7.32674139158106996 0.00000000000000000 0.00000000000000000
7.51112467806246364 0.00000000000000000 0.00000000000000000
7.70014791464491921 0.00000000000000000 0.00000000000000000
7.89392786428101179 0.00000000000000000 0.00000000000000000
8.09258422822803780 0.00000000000000000 0.00000000000000000
8.29623971998953458 0.00000000000000000 0.00000000000000000
8.50502014111750348 0.00000000000000000 0.00000000000000000
8.71905445892231157 0.00000000000000000 0.00000000000000000
8.93847488613801389 0.00000000000000000 0.00000000000000000
9.16341696259241445 0.00000000000000000 0.00000000000000000
9.39401963893249281 0.00000000000000000 0.00000000000000000
9.63042536245651881 0.00000000000000000 0.00000000000000000
9.87278016510634870 0.00000000000000000 0.00000000000000000
10.12123375367385592 0.00000000000000000 0.00000000000000000
10.37593960227737711 0.00000000000000000 0.00000000000000000
10.63705504716545391 0.00000000000000000 0.00000000000000000
10.90474138390613312 0.00000000000000000 0.00000000000000000
11.17916396702200110 0.00000000000000000 0.00000000000000000
11.46049231213266140 0.00000000000000000 0.00000000000000000
11.74890020066744611 0.00000000000000000 0.00000000000000000
12.04456578721316795 0.00000000000000000 0.00000000000000000
12.34767170956344451 0.00000000000000000 0.00000000000000000
12.65840520153719595 0.00000000000000000 0.00000000000000000
12.97695820863616412 0.00000000000000000 0.00000000000000000
13.30352750661313799 0.00000000000000000 0.00000000000000000
13.63831482302371079 0.00000000000000000 0.00000000000000000
13.98152696183683652 0.00000000000000000 0.00000000000000000
14.33337593118140774 0.00000000000000000 0.00000000000000000
14.69407907430720606 0.00000000000000000 0.00000000000000000
15.06385920384176380 0.00000000000000000 0.00000000000000000
15.44294473942557566 0.00000000000000000 0.00000000000000000
15.83156984881077634 0.00000000000000000 0.00000000000000000
16.22997459251084607 0.00000000000000000 0.00000000000000000
16.63840507209008024 0.00000000000000000 0.00000000000000000
17.05711358218473350 0.00000000000000000 0.00000000000000000
17.48635876635000130 0.00000000000000000 0.00000000000000000
17.92640577682857028 0.00000000000000000 0.00000000000000000
18.37752643833969302 0.00000000000000000 0.00000000000000000
18.83999941599024197 0.00000000000000000 0.00000000000000000
19.31411038741092412 0.00000000000000000 0.00000000000000000
19.80015221922424828 0.00000000000000000 0.00000000000000000
20.29842514795351960 0.00000000000000000 0.00000000000000000
20.80923696548412138 0.00000000000000000 0.00000000000000000
21.33290320919179095 0.00000000000000000 0.00000000000000000
21.86974735685584292 0.00000000000000000 0.00000000000000000
22.42010102647672909 0.00000000000000000 0.00000000000000000
22.98430418112253548 0.00000000000000000 0.00000000000000000
23.56270533892998742 0.00000000000000000 0.00000000000000000
24.15566178839007350 0.00000000000000000 0.00000000000000000
24.76353980905160768 0.00000000000000000 0.00000000000000000
25.38671489777839696 0.00000000000000000 0.00000000000000000
26.02557200070006616 0.00000000000000000 0.00000000000000000
26.68050575100026833 0.00000000000000000 0.00000000000000000
27.35192071268835790 0.00000000000000000 0.00000000000000000
28.04023163050550949 0.00000000000000000 0.00000000000000000
28.74586368612003895 0.00000000000000000 0.00000000000000000
29.46925276076943234 0.00000000000000000 0.00000000000000000
30.21084570451161966 0.00000000000000000 0.00000000000000000
30.97110061225237487 0.00000000000000000 0.00000000000000000
31.75048710671836716 0.00000000000000000 0.00000000000000000
32.54948662855117902 0.00000000000000000 0.00000000000000000
33.36859273370187395 0.00000000000000000 0.00000000000000000
34.20831139830903567 0.00000000000000000 0.00000000000000000
35.06916133124878598 0.00000000000000000 0.00000000000000000
35.95167429455081276 0.00000000000000000 0.00000000000000000
36.85639543187652123 0.00000000000000000 0.00000000000000000
37.78388360526425060 0.00000000000000000 0.00000000000000000
38.73471174034789044 0.00000000000000000 0.00000000000000000
39.70946718026289091 0.00000000000000000 0.00000000000000000
40.70875204845873441 0.00000000000000000 0.00000000000000000
41.73318362064090081 0.00000000000000000 0.00000000000000000
42.78339470607265582 0.00000000000000000 0.00000000000000000
43.86003403847279003 0.00000000000000000 0.00000000000000000
44.96376667674953609 0.00000000000000000 0.00000000000000000
46.09527441581886364 0.00000000000000000 0.00000000000000000
47.25525620776151925 0.00000000000000000 0.00000000000000000
48.44442859357776143 0.00000000000000000 0.00000000000000000
49.66352614580691238 0.00000000000000000 0.00000000000000000
50.91330192228619467 0.00000000000000000 0.00000000000000000
52.19452793132744972 0.00000000000000000 0.00000000000000000
53.50799560859982762 0.00000000000000000 0.00000000000000000
54.85451630601411210 0.00000000000000000 0.00000000000000000
56.23492179290818882 0.00000000000000000 0.00000000000000000
57.65006476984611083 0.00000000000000000 0.00000000000000000
59.10081939534592266 0.00000000000000000 0.00000000000000000
60.58808182586222557 0.00000000000000000 0.00000000000000000
62.11277076935834884 0.00000000000000000 0.00000000000000000
63.67582805280798652 0.00000000000000000 0.00000000000000000
65.27821920397775557 0.00000000000000000 0.00000000000000000
66.92093404785131838 0.00000000000000000 0.00000000000000000
68.60498731806112005 0.00000000000000000 0.00000000000000000
70.33141928370677931 0.00000000000000000 0.00000000000000000
72.10129639194813933 0.00000000000000000 0.00000000000000000
73.91571192676798319 0.00000000000000000 0.00000000000000000
75.77578668431220876 0.00000000000000000 0.00000000000000000
77.68266966522593009 0.00000000000000000 0.00000000000000000
