0.00000000000000000 0.04168365420101912
0.00000803691858821 0.04168365420092379
0.00001627608382214 0.04168365420062792
0.00002472258517794 0.04168365420011647
0.00003338164020696 0.04168365419937336
0.00004225859775861 0.04168365419838166
0.00005135894128453 0.04168365419712337
0.00006068829222575 0.04168365419557946
0.00007025241348520 0.04168365419372982
0.00008005721298752 0.04168365419155318
0.00009010874732849 0.04168365418902695
0.00010041322551633 0.04168365418612737
0.00011097701280709 0.04168365418282924
0.00012180663463655 0.04168365417910593
0.00013290878065115 0.04168365417492934
0.00014429030884027 0.04168365417026970
0.00015595824977253 0.04168365416509564
0.00016791981093872 0.04168365415937394
0.00018018238120394 0.04168365415306956
0.00019275353537190 0.04168365414614547
0.00020564103886395 0.04168365413856264
0.00021885285251595 0.04168365413027979
0.00023239713749579 0.04168365412125331
0.00024628226034473 0.04168365411143730
0.00026051679814551 0.04168365410078319
0.00027510954382059 0.04168365408923982
0.00029006951156369 0.04168365407675313
0.00030540594240800 0.04168365406326616
0.00032112830993456 0.04168365404871880
0.00033724632612421 0.04168365403304763
0.00035376994735689 0.04168365401618580
0.00037070938056186 0.04168365399806277
0.00038807508952269 0.04168365397860423
0.00040587780134090 0.04168365395773175
0.00042412851306234 0.04168365393536272
0.00044283849847019 0.04168365391141000
0.00046201931504903 0.04168365388578182
0.00048168281112405 0.04168365385838138
0.00050184113318000 0.04168365382910668
0.00052250673336427 0.04168365379785031
0.00054369237717882 0.04168365376449905
0.00056541115136561 0.04168365372893357
0.00058767647199056 0.04168365369102820
0.00061050209273086 0.04168365365065056
0.00063390211337086 0.04168365360766121
0.00065789098851174 0.04168365356191325
0.00068248353650041 0.04168365351325198
0.00070769494858301 0.04168365346151454
0.00073354079828885 0.04168365340652934
0.00076003705105043 0.04168365334811572
0.00078720007406556 0.04168365328608354
0.00081504664640769 0.04168365322023253
0.00084359396939061 0.04168365315035186
0.00087285967719401 0.04168365307621959
0.00090286184775643 0.04168365299760218
0.00093361901394232 0.04168365291425370
0.00096515017499008 0.04168365282591534
0.00099747480824826 0.04168365273231475
0.00103061288120706 0.04168365263316530
0.00106458486383255 0.04168365252816532
0.00109941174121137 0.04168365241699747
0.00113511502651358 0.04168365229932771
0.00117171677428171 0.04168365217480476
0.00120923959405423 0.04168365204305886
0.00124770666433187 0.04168365190370122
0.00128714174689537 0.04168365175632269
0.00132756920148356 0.04168365160049297
0.00136901400084080 0.04168365143575945
0.00141150174614306 0.04168365126164607
0.00145505868281224 0.04168365107765224
0.00149971171672838 0.04168365088325147
0.00154548843084995 0.04168365067789012
0.00159241710225229 0.04168365046098606
0.00164052671959486 0.04168365023192724
0.00168984700102802 0.04168364999007020
0.00174040841255050 0.04168364973473837
0.00179224218682874 0.04168364946522073
0.00184538034248986 0.04168364918076966
0.00189985570390012 0.04168364888059960
0.00195570192144113 0.04168364856388480
0.00201295349229625 0.04168364822975751
0.00207164578176010 0.04168364787730588
0.00213181504508436 0.04168364750557180
0.00219349844987322 0.04168364711354866
0.00225673409904250 0.04168364670017888
0.00232156105435645 0.04168364626435160
0.00238801936055692 0.04168364580489995
0.00245615007009965 0.04168364532059840
0.00252599526851315 0.04168364481015994
0.00259759810039561 0.04168364427223316
0.00267100279606609 0.04168364370539909
0.00274625469888639 0.04168364310816811
0.00282340029327037 0.04168364247897652
0.00290248723339825 0.04168364181618307
0.00298356437265341 0.04168364111806535
0.00306668179379993 0.04168364038281602
0.00315189083991967 0.04168363960853885
0.00323924414612772 0.04168363879324469
0.00332879567208605 0.04168363793484716
0.00342060073533537 0.04168363703115831
0.00351471604546568 0.04168363607988400
0.00361119973914681 0.04168363507861918
0.00371011141604046 0.04168363402484310
0.00381151217561593 0.04168363291591404
0.00391546465489233 0.04168363174906425
0.00402203306713060 0.04168363052139452
0.00413128324149909 0.04168362922986853
0.00424328266373747 0.04168362787130726
0.00435810051784378 0.04168362644238307
0.00447580772881061 0.04168362493961357
0.00459647700643676 0.04168362335935572
0.00472018289024125 0.04168362169779927
0.00484700179550780 0.04168361995096049
0.00497701206048777 0.04168361811467571
0.00511029399479115 0.04168361618459458
0.00524692992899518 0.04168361415617366
0.00538700426550136 0.04168361202466952
0.00553060353067233 0.04168360978513224
0.00567781642828068 0.04168360743239865
0.00582873389430284 0.04168360496108585
0.00598344915309181 0.04168360236558479
0.00614205777496347 0.04168359964005391
0.00630465773523204 0.04168359677841322
0.00647134947473111 0.04168359377433861
0.00664223596185777 0.04168359062125639
0.00681742275617789 0.04168358731233866
0.00699701807363218 0.04168358384049899
0.00718113285338304 0.04168358019838886
0.00736988082634361 0.04168357637839505
0.00756337858543135 0.04168357237263791
0.00776174565758951 0.04168356817297084
0.00796510457762103 0.04168356377098105
0.00817358096388041 0.04168355915799216
0.00838730359587034 0.04168355432506809
0.00860640449379111 0.04168354926301956
0.00883101900009173 0.04168354396241267
0.00906128586307333 0.04168353841358020
0.00929734732259646 0.04168353260663617
0.00953934919794507 0.04168352653149365
0.00978744097790165 0.04168352017788688
0.01004177591308910 0.04168351353539754
0.01030251111063623 0.04168350659348637
0.01056980763122566 0.04168349934153049
0.01084383058858378 0.04168349176886710
0.01112474925147435 0.04168348386484440
0.01141273714825885 0.04168347561888101
0.01170797217408787 0.04168346702053417
0.01201063670079016 0.04168345805957846
0.01232091768952680 0.04168344872609620
0.01263900680628044 0.04168343901058016
0.01296510054025069 0.04168342890405150
0.01329940032522892 0.04168341839819333
0.01364211266402747 0.04168340748550225
0.01399344925603997 0.04168339615946048
0.01435362712801185 0.04168338441472978
0.01472286876810145 0.04168337224737098
0.01510140226331490 0.04168335965509095
0.01548946144039943 0.04168334663752071
0.01588728601028222 0.04168333319652824
0.01629512171614406 0.04168331933656948
0.01671322048521913 0.04168330506508229
0.01714184058441495 0.04168329039292770
0.01758124677984827 0.04168327533488414
0.01803171050039576 0.04168325991020037
0.01849351000536036 0.04168324414321338
0.01896693055635693 0.04168322806403878
0.01945226459352329 0.04168321170934156
0.01994981191616558 0.04168319512319564
0.02045987986794964 0.04168317835804277
0.02098278352675240 0.04168316147576066
0.02151884589929111 0.04168314454885268
0.02206839812065011 0.04168312766177278
0.02263177965882894 0.04168311091239944
0.02320933852443741 0.04168309441367492
0.02380143148566798 0.04168307829542865
0.02440842428867771 0.04168306270640314
0.02503069188351596 0.04168304781650513
0.02566861865573760 0.04168303381930606
0.02632259866384477 0.04168302093481838
0.02699303588270355 0.04168300941257689
0.02768034445308640 0.04168299953505890
0.02838494893749406 0.04168299162147797
0.02910728458241535 0.04168298603199146
0.02984779758718633 0.04168298317236720
0.03060694537961556 0.04168298349915562
0.03138519689854526 0.04168298752542293
0.03218303288352287 0.04168299582710511
0.03300094617176236 0.04168300905004590
0.03383944200257849 0.04168302791779394
0.03469903832948169 0.04168305324023878
0.03558026614012720 0.04168308592317160
0.03648366978431528 0.04168312697887214
0.03740980731024578 0.04168317753782787
0.03835925080923396 0.04168323886170246
0.03933258676910150 0.04168331235768995
0.04033041643646027 0.04168339959439577
0.04135335618811271 0.04168350231940427
0.04240203791179861 0.04168362247871581
0.04347710939652324 0.04168376223824045
0.04457923473270795 0.04168392400756750
0.04570909472241026 0.04168411046625390
0.04686738729986726 0.04168432459288143
0.04805482796262192 0.04168456969718312
0.04927215021349814 0.04168484945555761
0.05052010601369838 0.04168516795031110
0.05179946624730336 0.04168552971303346
0.05311102119746032 0.04168593977252580
0.05445558103455493 0.04168640370774569
0.05583397631666756 0.04168692770631217
0.05724705850262371 0.04168751862912088
0.05869570047795467 0.04168818408170903
0.06018079709409436 0.04168893249308637
0.06170326572114475 0.04168977320276317
0.06326404681455111 0.04169071655685128
0.06486410449603795 0.04169177401417218
0.06650442714916396 0.04169295826335970
0.06818602802986343 0.04169428335214117
0.06990994589235242 0.04169576483000951
0.07167724563078517 0.04169741990563841
0.07348901893705817 0.04169926762061191
0.07534638497516680 0.04170132904105211
0.07725049107253269 0.04170362746900048
0.07920251342872818 0.04170618867560465
0.08120365784203479 0.04170904115820816
0.08325516045428624 0.04171221642386990
0.08535828851445464 0.04171574930195464
0.08751434116145264 0.04171967828863092
0.08972465022663369 0.04172404592664680
0.09199058105648784 0.04172889922378174
0.09431353335604026 0.04173429011384841
0.09669494205347298 0.04174027596464395
0.09913627818650540 0.04174692013726759
0.10163904981108016 0.04175429260208020
0.10420480293291505 0.04176247061692923
0.10683512246249820 0.04177153947350739
0.10953163319411467 0.04178159331888660
0.11229600080951070 0.04179273605935053
0.11512993290681373 0.04180508235445439
0.11803518005534595 0.04181875871045401
0.12101353687698176 0.04183390468218799
0.12406684315471646 0.04185067419412014
0.12719698496913259 0.04186923699210314
0.13040589586346518 0.04188978023767328
0.13369555803798455 0.04191251025905786
0.13706800357443627 0.04193765447326191
0.14052531569129359 0.04196546349489583
0.14406963003059803 0.04199621344990977
0.14770313597718226 0.04203020851210815
0.15142807801109151 0.04206778368321312
0.15524675709403857 0.04210930783898329
0.15916153209074718 0.04215518706395338
0.16317482122606436 0.04220586830174155
0.16728910357874052 0.04226184334806012
0.17150692061279876 0.04232365321544840
0.17583087774744235 0.04239189290324653
0.18026364596646696 0.04246721660528151
0.18480796346817505 0.04255034339240304
0.18946663735680741 0.04264206340971047
0.19424254537654129 0.04274324462754790
0.19913863768912329 0.04285484019227240
0.20415793869623522 0.04297789642215381
0.20930354890772015 0.04311356149576892
0.21457864685682115 0.04326309488646031
0.21998649106361770 0.04342787759309277
0.22553042204786899 0.04360942322305575
0.23121386439251218 0.04380938998528698
0.23704032885908735 0.04402959364762567
0.24301341455639519 0.04427202151991350
0.24913681116372985 0.04453884751949946
0.25541430121005887 0.04483244837507850
0.26184976241055608 0.04515542102710582
0.26844717006193480 0.04551060127357150
0.27521059949805765 0.04590108371009145
0.28214422860734223 0.04633024300540694
0.28925234041351428 0.04680175654254495
0.29653932572130703 0.04731962844864337
0.30400968582873861 0.04788821501846768
0.31166803530764092 0.04851225152257525
0.31951910485416191 0.04919688036582850
0.32756774421099982 0.04994768053974161
0.33581892516317297 0.05077069828004208
0.34427774460917804 0.05167247879659007
0.35294942770943377 0.05266009891615829
0.36183933111395455 0.05374120040501494
0.37095294627124453 0.05492402369125497
0.38029590282046266 0.05621744164904810
0.38987397206894958 0.05763099298521554
0.39969307055726322 0.05917491473550865
0.40975926371392990 0.06086017323380315
0.42007876960216695 0.06269849278372661
0.43065796276088625 0.06470238121981764
0.44150337814235968 0.06688515126895471
0.45262171514897287 0.06926093655671563
0.46401984177156408 0.07184470094129541
0.47570479883189981 0.07465223950354195
0.48768380433191477 0.07770016956200908
0.49996425791239840 0.08100590965530584
0.51255374542388010 0.08458764419622695
0.52546004361254284 0.08846427153520940
0.53869112492405435 0.09265533246310903
0.55225516242828776 0.09718091632168091
0.56616053486796702 0.10206154160022532
0.58041583183436296 0.10731800724870455
0.59502985907323669 0.11297121150129416
0.61001164392429819 0.11904193414820154
0.62537044089755356 0.12555057826827606
0.64111573738997951 0.13251686803556326
0.65725725954604997 0.13995949811509487
0.67380497826574814 0.14789573153345159
0.69076911536376417 0.15634094290109865
0.70816014988369025 0.16530810369729323
0.72598882457110636 0.17480720882706971
0.74426615250956230 0.18484464299903153
0.76300342392355458 0.19542248768773149
0.78221221315269041 0.20653777200331402
0.80190438580136192 0.21818167092546686
0.82209210606833905 0.23033865926632635
0.84278784426080278 0.24298563155565256
0.86400438449747485 0.25609100117494060
0.88575483260558963 0.26961379808510427
0.90805262421659516 0.28350278659100486
0.93091153306557273 0.29769563119108733
0.95434567949951532 0.31211814339419225
0.97836953919971692 0.32668364704840519
1.00299795212364229 0.34129250613430295
1.02824613167184142 0.35583186265493205
1.05412967408552505 0.37017563825746402
1.08066456808063083 0.38418485379575901
1.10786720472434341 0.39770832536859652
1.13575438756013658 0.41058379362925301
1.16434334298760955 0.42263953659546366
1.19365173090354681 0.43369651711887447
1.22369765561073907 0.44357109459220850
1.25449967700131948 0.45207832138305226
1.28607682202154683 0.45903582606821125
1.31844859642507584 0.46426824370317027
1.35163499682199428 0.46761214254107863
1.38565652303109221 0.46892134231976379
1.42053419074295095 0.46807247875306557
1.45628954450169479 0.46497064321474407
1.49294467101344797 0.45955485267026602
1.53052221278966094 0.45180309176715772
1.56904538213380018 0.44173662661955954
1.60853797547998734 0.42942325627974870
1.64902438809246266 0.41497919219347090
1.69052962913498273 0.39856924763697410
1.73307933711940887 0.38040508277217289
1.77669979574305481 0.36074132209560161
1.82141795012460173 0.33986946821460673
1.86726142344856183 0.31810967742636875
1.91425853402859070 0.29580061001138386
1.96243831280022230 0.27328776697406926
2.01183052125377682 0.25091085025793197
2.06246566981854107 0.22899086832125798
2.11437503670961435 0.20781779018223867
2.16759068724899695 0.18763955204641516
2.22214549367288994 0.16865323520116482
2.27807315543747224 0.15099900749750264
2.33540822003561610 0.13475724268659828
2.39418610433749990 0.11994894780631260
2.45444311646821856 0.10653929014123438
2.51621647823593220 0.09444383902353644
2.57954434812445133 0.08354612645156943
2.64446584486438763 0.07374490666889132
2.71102107159746009 0.06494984054929179
2.77925114064893686 0.05707553270159457
2.84919819892341808 0.05004163799399455
2.92090545393970480 0.04377287610734901
2.99441720052086069 0.03819898276730395
3.06977884815588897 0.03325460048593790
3.14703694904994746 0.02887912901470789
3.22623922688048914 0.02501654815253189
3.30743460627699770 0.02161521417098596
3.39067324304256434 0.01862764733129119
3.47600655513604151 0.01601031069982083
3.56348725443379166 0.01372338496383679
3.65316937929071806 0.01173054806389510
3.74510832792074400 0.00999875527424858
3.83936089261720204 0.00849802620579632
3.93598529483447246 0.00720123912896403
4.03504122115237340 0.00608392978870245
4.13658986014558039 0.00512409965521009
4.24069394018092005 0.00430203008608831
4.34741776816575598 0.00360010318203778
4.45682726927146344 0.00300263124369228
4.56899002765660445 0.00249569186924712
4.68397532821482443 0.00206697148676978
4.80185419937330771 0.00170561681575733
4.92269945696833222 0.00140209360550553
5.04658574922485403 0.00114805486207275
5.17358960286799618 0.00093621718036446
5.30378947039498971 0.00076024601785331
5.43726577853663340 0.00061465041598578
5.57410097793824999 0.00049468601498418
5.71437959409096319 0.00039626721656728
5.85818827954448906 0.00031588768756154
6.00561586743399545 0.00025054861286852
6.15675342635385281 0.00019769476329670
6.31169431661226454 0.00015515723064500
6.47053424790161991 0.00012110256216829
6.63337133842000792 0.00009398775000324
6.80030617548051186 0.00007252022382866
6.97144187764581069 0.00005562264910110
7.14688415842628810 0.00004240185837303
7.32674139158106996 0.00003212149234991
7.51112467806246364 0.00002417809654102
7.70014791464491921 0.00001808017408685
7.89392786428101179 0.00001342999808007
8.09258422822803780 0.00000990789134155
8.29623971998953458 0.00000725867010562
8.50502014111750348 0.00000528009362649
8.71905445892231157 0.00000381305029822
8.93847488613801389 0.00000273329162544
9.16341696259241445 0.00000194454184749
9.39401963893249281 0.00000137277756338
9.63042536245651881 0.00000096153783239
9.87278016510634870 0.00000066810751804
10.12123375367385592 0.00000046043452854
10.37593960227737711 0.00000031467109946
10.63705504716545391 0.00000021322445664
10.90474138390613312 0.00000014322830549
11.17916396702200110 0.00000009535670135
11.46049231213266140 0.00000006290999119
11.74890020066744611 0.00000004111938011
12.04456578721316795 0.00000002662211635
12.34767170956344451 0.00000001706922803
12.65840520153719595 0.00000001083588899
12.97695820863616412 0.00000000680919131
13.30352750661313799 0.00000000423451086
13.63831482302371079 0.00000000260545022
13.98152696183683652 0.00000000158571188
14.33337593118140774 0.00000000095436513
14.69407907430720606 0.00000000056785644
15.06385920384176380 0.00000000033394498
15.44294473942557566 0.00000000019404441
15.83156984881077634 0.00000000011137568
16.22997459251084607 0.00000000006312627
16.63840507209008024 0.00000000003532058
17.05711358218473350 0.00000000001950310
17.48635876635000130 0.00000000001062417
17.92640577682857028 0.00000000000570765
18.37752643833969302 0.00000000000302299
18.83999941599024197 0.00000000000157791
19.31411038741092412 0.00000000000081140
19.80015221922424828 0.00000000000041089
20.29842514795351960 0.00000000000020483
20.80923696548412138 0.00000000000010048
21.33290320919179095 0.00000000000004848
21.86974735685584292 0.00000000000002300
22.42010102647672909 0.00000000000001072
22.98430418112253548 0.00000000000000491
23.56270533892998742 0.00000000000000221
24.15566178839007350 0.00000000000000098
24.76353980905160768 0.00000000000000042
25.38671489777839696 0.00000000000000018
26.02557200070006616 0.00000000000000007
26.68050575100026833 0.00000000000000003
27.35192071268835790 0.00000000000000001
28.04023163050550949 0.00000000000000000
28.74586368612003895 0.00000000000000000
29.46925276076943234 0.00000000000000000
30.21084570451161966 0.00000000000000000
30.97110061225237487 0.00000000000000000
31.75048710671836716 0.00000000000000000
32.54948662855117902 0.00000000000000000
33.36859273370187395 0.00000000000000000
34.20831139830903567 0.00000000000000000
35.06916133124878598 0.00000000000000000
35.95167429455081276 0.00000000000000000
36.85639543187652123 0.00000000000000000
37.78388360526425060 0.00000000000000000
38.73471174034789044 0.00000000000000000
39.70946718026289091 0.00000000000000000
40.70875204845873441 0.00000000000000000
41.73318362064090081 0.00000000000000000
42.78339470607265582 0.00000000000000000
43.86003403847279003 0.00000000000000000
44.96376667674953609 0.00000000000000000
46.09527441581886364 0.00000000000000000
47.25525620776151925 0.00000000000000000
48.44442859357776143 0.00000000000000000
49.66352614580691238 0.00000000000000000
50.91330192228619467 0.00000000000000000
52.19452793132744972 0.00000000000000000
53.50799560859982762 0.00000000000000000
54.85451630601411210 0.00000000000000000
56.23492179290818882 0.00000000000000000
57.65006476984611083 0.00000000000000000
59.10081939534592266 0.00000000000000000
60.58808182586222557 0.00000000000000000
62.11277076935834884 0.00000000000000000
63.67582805280798652 0.00000000000000000
65.27821920397775557 0.00000000000000000
66.92093404785131838 0.00000000000000000
68.60498731806112005 0.00000000000000000
70.33141928370677931 0.00000000000000000
72.10129639194813933 0.00000000000000000
73.91571192676798319 0.00000000000000000
75.77578668431220876 0.00000000000000000
77.68266966522593009 0.00000000000000000
