0 1.72647064855723544e-19
8.03691858821387853e-06 3.04189404359168154e-12
1.62760838221359266e-05 1.24756958986605461e-11
2.47225851779441107e-05 2.87841035491871255e-11
3.338164020695813e-05 5.24783641446770186e-11
4.22585977586117004e-05 8.40998283332952024e-11
5.13589412845299808e-05 1.2422158630930047e-10
6.06882922257539158e-05 1.73450189802131288e-10
7.02524134852019062e-05 2.32427464451505424e-10
8.00572129875159799e-05 3.01832417241037767e-10
9.01087473284896585e-05 3.82383243902655124e-10
0.000100413225516333108 4.7483944145615404e-10
0.000110977012807085651 5.80004031313180475e-10
0.000121806634636545795 6.98725898653412685e-10
0.000132908780651146748 8.31902254073441812e-10
0.000144290308840267558 9.80481223816544929e-10
0.000155958249772533128 1.14546457521498e-09
0.00016791981093871916 1.32791058431635987e-09
0.000180182381203944798 1.52893705302301611e-09
0.00019275353537190397 1.74972448344885443e-09
0.000205641038863953212 1.99151941759296032e-09
0.000218852852515948661 2.25563795084423547e-09
0.000232397137495793035 2.54346942826745516e-09
0.000246282260344731136 2.85648033307959266e-09
0.000260516798145509344 3.19621837720721592e-09
0.000275109543820588331 3.56431680432209621e-09
0.000290069511563685297 3.96249891628472496e-09
0.000305405942407998665 4.3925828344848572e-09
0.000321128309934555511 4.85648650815642039e-09
0.000337246326124208073 5.35623298236229658e-09
0.000353769947356893705 5.89395593899427069e-09
0.000370709380561864618 6.47190552481636679e-09
0.000388075089522686289 7.09245448129764987e-09
0.000405877801340899145 7.75810459173503894e-09
0.000424128513062336176 8.47149346195972589e-09
0.000442838498470190882 9.23540165175434367e-09
0.000462019315049028677 1.00527601749839378e-08
0.000481682811124048177 1.09266583873649529e-08
0.000501841133179997678 1.18603522817638354e-08
0.000522506733364270733 1.28572732119345139e-08
0.000543692377178815766 1.39210370666729457e-08
0.000565411151365608346 1.50554539174907197e-08
0.000587676471990560977 1.62645381640910527e-08
0.000610502092730860822 1.75525192031716262e-08
0.000633902113370855987 1.89238526473837979e-08
0.000657890988511739211 2.03832321226491159e-08
0.000682483536500406063 2.19356016734752848e-08
0.000707694948583007855 2.35861688074291517e-08
0.000733540798288848518 2.53404182115161358e-08
0.000760037051050426013 2.72041261748896227e-08
0.00078720007406555821 2.91833757540725713e-08
0.000815046646407687186 3.12845727187227895e-08
0.000843593969390605777 3.35144623179159893e-08
0.000872859677194008686 3.58801469089637095e-08
0.000902861847756433657 3.83891044929297721e-08
0.000933619013942319311 4.10492082032645074e-08
0.000965150174990079624 4.38687467963484138e-08
0.000997474808248264037 4.68564461952283982e-08
0.00103061288120705761 5.00214921404499605e-08
0.00106458486383254514 5.33735540046413986e-08
0.00109941174121136942 5.69228098304009473e-08
0.00113511502651358399 6.06799726540782222e-08
0.00117171677428171443 6.46563181812389206e-08
0.00120923959405423395 6.88637138829608869e-08
0.00124770666433187002 7.33146495856424731e-08
0.00128714174689536901 7.80222696307141843e-08
0.00132756920148356249 8.30004066845467419e-08
0.00136901400084080268 8.82636172829485791e-08
0.00141150174614306477 9.3827219198956165e-08
0.0014550586828122377 9.97073307271484303e-08
0.00149971171672838035 1.05920911982478658e-07
0.00154548843084995296 1.12485808316620767e-07
0.0015924171022522924 1.19420795960085712e-07
0.00164052671959485615 1.26745630003891637e-07
0.00168984700102802073 1.34481094840380557e-07
0.0017404084125505041 1.42649057188882621e-07
0.00179224218682874355 1.51272521838344762e-07
0.00184538034248986024 1.60375690245788361e-07
0.00189985570390012177 1.69984022136549436e-07
0.00195570192144113066 1.80124300259709786e-07
0.00201295349229624592 1.90824698459954725e-07
0.0020716457817601011 2.02114853235335217e-07
0.00213181504508436074 2.14025938959054193e-07
0.00219349844987322493 2.26590746952503662e-07
0.00225673409904250232 2.39843768606327855e-07
0.00232156105435645356 2.53821282756347189e-07
0.00238801936055691626 2.68561447531727181e-07
0.0024561500700996503 2.84104396903890584e-07
0.00252599526851314971 3.00492342176325034e-07
0.00259759810039560633 3.17769678667714553e-07
0.0026710027960660924 3.35983097853712046e-07
0.00274625469888638632 3.55181705246209475e-07
0.00282340029327036827 3.75417144303221621e-07
0.00290248723339825432 3.96743726677458282e-07
0.00298356437265340614 4.1921856912739467e-07
0.00306668179379993152 4.42901737431202321e-07
0.00315189083991966818 4.67856397661273554e-07
0.00323924414612771503 4.9414897519536164e-07
0.00332879567208605462 5.21849321859558979e-07
0.00342060073533537266 5.51030891618534409e-07
0.00351471604546568306 5.81770925249681246e-07
0.00361119973914681477 6.14150644460126386e-07
0.00371011141604046151 6.48255455929025617e-07
0.00381151217561592889 6.8417516578220757e-07
0.00391546465489233352 7.22004205032156164e-07
0.0040220330671305992 7.61841866543579679e-07
0.00413128324149909451 8.03792554113427267e-07
0.00424328266373747136 8.47966044284359692e-07
0.00435810051784377671 8.94477761542297576e-07
0.00447580772881061347 9.4344906758197786e-07
0.00459647700643675723 9.95007565359420454e-07
0.00472018289024125383 1.04928741868697162e-06
0.00484700179550779601 1.10642968816530337e-06
0.00497701206048776611 1.16658268428732295e-06
0.00511029399479114802 1.22990233859174789e-06
0.00524692992899517506 1.29655259378901403e-06
0.0053870042655013552 1.36670581382942207e-06
0.00553060353067232665 1.44054321493314345e-06
0.00567781642828067788 1.51825531865382182e-06
0.00582873389430284012 1.60004242810255991e-06
0.00598344915309181272 1.68611512851672109e-06
0.00614205777496347211 1.77669481341878685e-06
0.00630465773523203668 1.8720142376742574e-06
0.0064713494747311133 1.97231809882472459e-06
0.00664223596185776598 2.07786364814295788e-06
0.0068174227561778886 2.18892133293104316e-06
0.00699701807363218176 2.30577547166062225e-06
0.00718113285338304458 2.42872496363639508e-06
0.00736988082634361125 2.55808403495056961e-06
0.00756337858543134744 2.69418302258676472e-06
0.00776174565758951194 2.83736919862716522e-06
0.00796510457762102803 2.9880076366173627e-06
0.00817358096388040578 3.14648212224929621e-06
0.00838730359587034138 3.31319611063364456e-06
0.00860640449379110849 3.48857373254982385e-06
0.00883101900009172595 3.67306085218509481e-06
0.00906128586307333034 3.86712617900400646e-06
0.00929734732259646091 4.07126243652526291e-06
0.00953934919794506564 4.28598759092597579e-06
0.0097874409779016517 4.51184614254533213e-06
0.0100417759130890967 4.74941048351798756e-06
0.0103025111106362297 4.99928232493338073e-06
0.0105698076312256643 5.26209419709444248e-06
0.0108438305885837812 5.53851102663437471e-06
0.011124749251474355 5.82923179444365887e-06
0.0114127371482588488 6.13499127856457418e-06
0.0117079721740878714 6.45656188642838031e-06
0.0120106367007901584 6.79475558103634222e-06
0.0123209176895267992 7.15042590592275221e-06
0.0126390068062804447 7.524470113994703e-06
0.0129651005402506916 7.9178314056072516e-06
0.0132994003252289231 8.33150128150827193e-06
0.0136421126640274698 8.76652201658697867e-06
0.0139934492560399738 9.22398926067076085e-06
0.0143536271280118536 9.70505477293532712e-06
0.0147228687681014488 1.02109292968428455e-05
0.0151014022633148958 1.07428855828894588e-05
0.01548946144039943 1.13022615668162999e-05
0.0158872860102822235 1.18904637113464679e-05
0.0162951217161440565 1.25089705199433155e-05
0.0167132204852191296 1.31593362315207383e-05
0.0171418405844149455 1.38431947055123004e-05
0.0175812467798482676 1.45622635072188091e-05
0.0180317105003957624 1.53183482038620364e-05
0.0184935100053603592 1.61133468823295246e-05
0.0189669305563569326 1.69492549002032497e-05
0.0194522645935232864 1.78281698822574714e-05
0.0199498119161655788 1.87522969752668227e-05
0.020459879867949636 1.97239543746859529e-05
0.0209827835267524 2.07455791374535989e-05
0.0215188458992911051 2.18197332959487115e-05
0.0220683981206501144 2.29491102889810626e-05
0.022631779658828937 2.41365417265052857e-05
0.0232093385244374097 2.53850045056677082e-05
0.023801431485667976 2.66976282968118575e-05
0.0244084242886777117 2.80777034190051376e-05
0.0250306918835159591 2.95286891257557466e-05
0.0256686186557376003 3.10542223227929247e-05
0.0263225986638447665 3.26581267408706312e-05
0.0269930358827035512 3.43444225879027763e-05
0.0276803444530864008 3.61173367061519193e-05
0.0283849489374940617 3.79813132614628118e-05
0.0291072845824153492 3.99410249931895613e-05
0.0298477975871863331 4.20013850551102197e-05
0.0306069453796155612 4.41675594791204681e-05
0.0313851968985452562 4.64449802955509291e-05
0.0321830328835228663 4.88393593458412483e-05
0.0330009461717623645 5.1356702825107914e-05
0.0338394420025784903 5.4003326594688669e-05
0.0346990383294816934 5.67858723068760774e-05
0.0355802661401272008 5.97113243863037321e-05
0.0364836697843152827 6.27870279155662146e-05
0.0374098073102457768 6.60207074750295095e-05
0.0383592508092339621 6.94204869897012736e-05
0.0393325867691015005 7.29949106397653221e-05
0.0403304164364602716 7.6752964894032173e-05
0.0413533561881127068 8.07041017294475436e-05
0.0424020379117986124 8.48582631041145243e-05
0.0434771093965232447 8.92259067543304889e-05
0.0445792347327079452 9.38180333913847249e-05
0.0457090947224102553 9.86462153786166651e-05
0.0468673872998672594 0.000103722626973009569
0.048054827962621921 0.000109060076222542779
0.0492721502134981434 0.000114672038615482979
0.0505201060136983848 0.000120572692583019171
0.0517994662473033607 0.000126776956965362632
0.0531110211974603202 0.000133300530556489246
0.0544555810345549313 0.000140159933850434831
0.0558339763166675607 0.000147372553122235295
0.05724705850262371 0.000154956686981998264
0.0586957004779546723 0.000162931595552101235
0.0601807970940943585 0.000171317552428437941
0.0617032657211447483 0.000180135899593309454
0.0632640468145511115 0.000189409105463989377
0.0648641044960379526 0.000199160826271459115
0.0665044271491639638 0.000209415970974226328
0.0681860280298634269 0.00022020076993333631
0.0699099458923524153 0.000231542847584099586
0.0716772456307851746 0.000243471299357802721
0.0734890189370581703 0.00025601677313086545
0.0753463849751667969 0.000269211555488249252
0.0772504910725326926 0.000283089663116828415
0.0792025134287281801 0.000297686939668309223
0.0812036578420347877 0.000313041158444588464
0.0832551604542862422 0.000329192131300616228
0.0853582885144546361 0.000346181824179380435
0.0875143411614526384 0.000364054479719769708
0.0897246502266336871 0.000382856747430090417
0.091990581056487844 0.000402637821935139973
0.0943135333560402578 0.000423449589854052975
0.096694942053472982 0.000445346785920009629
0.0991362781865054027 0.000468387158969819255
0.101639049811080157 0.000492631648512170174
0.10420480293291505 0.000518144572627192955
0.106835122462498197 0.000544993827986914184
0.109531633194114672 0.000573251102894750219
0.112296000809510702 0.000602992104269666038
0.115129932906813726 0.000634296799584042545
0.118035180055345953 0.00066724967488147424
0.121013536876981756 0.000701940010021693183
0.124066843154716458 0.000738462172452012907
0.127196984969132593 0.000776915930901101847
0.130405895863465182 0.00081740679044077036
0.133695558037984552 0.000860046350581385481
0.13706800357443627 0.000904952688118156848
0.14052531569129359 0.000952250766585981839
0.144069630030598028 0.0010020728744242599
0.147703135977182265 0.00105455909397505132
0.15142807801109151 0.00110985780372106356
0.155246757094038568 0.00116812621636878423
0.159161532090747182 0.00122953095544339253
0.163174821226064359 0.00129424867349169277
0.167289103578740522 0.00136246671507888619
0.171506920612798763 0.00143438382799766654
0.175830877747442355 0.00151021092658569544
0.180263645966466962 0.00159017191105091681
0.184807963468175046 0.00167450454721602754
0.18946663735680741 0.00176346141146398725
0.194242545376541287 0.0018573109057193264
0.199138637689123293 0.00195633834809076342
0.204157938696235219 0.00206084714491854394
0.209303548907720155 0.00217116005033210404
0.214578646856821154 0.00228762052027031183
0.219986491063617701 0.00241059416782341343
0.225530422047868995 0.00254047032761259674
0.231213864392512181 0.00267766373749321997
0.237040328859087351 0.00282261634582337126
0.243013414556395191 0.00297579925382488505
0.249136811163729849 0.00313771480257321947
0.255414301210058869 0.00330889881460487163
0.261849762410556075 0.00348992300133682282
0.268447170061934803 0.00368139754704204522
0.275210599498057651 0.00388397388126849675
0.282144228607342229 0.00409834765206083286
0.289252340413514275 0.00432526191188516065
0.296539325721307034 0.00456551052960862784
0.304009685828738607 0.00481994184119410515
0.311668035307640923 0.00508946255183809378
0.319519104854161906 0.00537504190292707046
0.327567744210999823 0.00567771611561452075
0.335818925163172965 0.00599859312312753593
0.344277744609178038 0.00633885760269723743
0.352949427709433772 0.00669977631610162595
0.361839331113954554 0.00708270376685638317
0.370952946271244532 0.0074890881788001705
0.380295902820462661 0.00792047779824771141
0.389873972068949581 0.00837852751755578141
0.399693070557263219 0.00886500581331839572
0.4097592637139299 0.0093818019864312617
0.420078769602166946 0.00993093368283233004
0.430657962760886248 0.0105145546672997005
0.441503378142359681 0.0111349628087074187
0.45262171514897287 0.0117946082244759012
0.464019841771564079 0.0124961015183616703
0.475704798831899811 0.013242222021318719
0.487683804331914772 0.0140359259338047986
0.499964257912398402 0.0148803542358816564
0.512553745423880103 0.0157788402010338377
0.525460043612542838 0.0167349163308277531
0.538691124924054354 0.0177523204663559975
0.55225516242828776 0.0188350008068224536
0.566160534867967025 0.0199871195152829355
0.580415831834362961 0.0212130545066333866
0.595029859073236689 0.0225173989940995016
0.610011643924298186 0.0239049582544456837
0.625370440897553559 0.0253807429941259599
0.641115737389979512 0.0269499586546086828
0.657257259546049966 0.0286179898013771
0.673804978265748145 0.0303903787110822617
0.690769115363764175 0.032272797125264624
0.708160149883690249 0.0342710099229419154
0.725988824571106361 0.0363908294807977067
0.744266152509562295 0.0386380591681349458
0.76300342392355458 0.0410184243178613669
0.782212213152690405 0.0435374889707884766
0.801904385801361919 0.0462005562457192195
0.822092106068339046 0.0490125503195138548
0.842787844260802776 0.051977877722093703
0.864004384497474853 0.0551002653538322437
0.885754832605589626 0.0583825729886920108
0.908052624216595161 0.0618265774697594472
0.930911533065572727 0.0654327261062606635
0.95434567949951532 0.06919985711457248
0.97836953919971692 0.0731248845561583011
1.00299795212364229 0.0772024464506798763
1.02824613167184142 0.0814245149029012572
1.05412967408552505 0.0857799678280636302
1.08066456808063083 0.0902541239855272764
1.10786720472434341 0.0948282435685378899
1.13575438756013658 0.099478999597700693
1.16434334298760955 0.104177928186342555
1.19365173090354681 0.108890868444776148
1.22369765561073907 0.113577408435310431
1.25449967700131948 0.118190357938761634
1.28607682202154683 0.122675275694137817
1.31844859642507584 0.126970086771549334
1.35163499682199428 0.131004834185110303
1.38565652303109221 0.134701620044501424
1.42053419074295095 0.137974802249755724
1.45628954450169479 0.140731527264946865
1.49294467101344797 0.142872690968700228
1.53052221278966094 0.144294434526047316
1.56904538213380018 0.144890296279890529
1.60853797547998734 0.14455414416636081
1.64902438809246266 0.143184026165709966
1.69052962913498273 0.140687062994407919
1.73307933711940887 0.13698548589754142
1.77669979574305481 0.132023890797124621
1.82141795012460173 0.125777679054512509
1.86726142344856183 0.118262548316820038
1.9142585340285907 0.109544690762583177
1.9624383128002223 0.0997510387312590813
2.01183052125377682 0.089078495229602192
2.06246566981854107 0.0778004143574257817
2.11437503670961435 0.0662677249136967017
2.16759068724899695 0.0549008304291376537
2.22214549367288994 0.0441666579896699621
2.27807315543747224 0.0345328509131986039
2.3354082200356161 0.0263877539710989581
2.3941861043374999 0.0199105690997347373
2.45444311646821856 0.014922621354905562
2.5162164782359322 0.0111105503840749891
2.57954434812445133 0.00821682805933866139
2.64446584486438763 0.00603531210894324172
2.71102107159746009 0.00440217250385299599
2.77925114064893686 0.00318821423937658667
2.84919819892341808 0.00229234040180935003
2.9209054539397048 0.00163604775010596699
2.99441720052086069 0.00115885504381481189
3.06977884815588897 0.000814528218787286917
3.14703694904994746 0.000568003580493540148
3.22623922688048914 0.000392903244193003656
3.3074346062769977 0.000269542994165328025
3.39067324304256434 0.000183355625793396712
3.47600655513604151 0.000123651140955433129
3.56348725443379166 8.26514783238778395e-05
3.65316937929071806 5.47471583273540039e-05
3.745108327920744 3.59284630745188946e-05
3.83936089261720204 2.33553889252898068e-05
3.93598529483447246 1.50352861035959308e-05
4.0350412211523734 9.5832734542833527e-06
4.13658986014558039 6.04635420472890461e-06
4.24069394018092005 3.77527731306148343e-06
4.34741776816575598 2.33224030524160204e-06
4.45682726927146344 1.42514591290332741e-06
4.56899002765660445 8.61181456791608273e-07
4.68397532821482443 5.14472734622957996e-07
4.80185419937330771 3.03768887907975709e-07
4.92269945696833222 1.77219171661698808e-07
5.04658574922485403 1.02125586526461051e-07
5.17358960286799618 5.81138872411657389e-08
5.30378947039498971 3.26439975957261069e-08
5.4372657785366334 1.80950639685510677e-08
5.57410097793824999 9.89457496178523552e-09
5.71437959409096319 5.33526233327968498e-09
5.85818827954448906 2.83580481501662355e-09
6.00561586743399545 1.48521257150554663e-09
6.15675342635385281 7.66166210285516199e-10
6.31169431661226454 3.89139506439643936e-10
6.47053424790161991 1.94514818105136787e-10
6.63337133842000792 9.56505832109609069e-11
6.80030617548051186 4.62510740323775567e-11
6.97144187764581069 2.1981916043078024e-11
7.1468841584262881 1.02643648865691392e-11
7.32674139158106996 4.70673248415605967e-12
7.51112467806246364 2.11852994877625276e-12
7.70014791464491921 9.35569846207885938e-13
7.89392786428101179 4.05164657912988434e-13
8.0925842282280378 1.71989283812982925e-13
8.29623971998953458 7.15260278535242262e-14
8.50502014111750348 2.91274013291164857e-14
8.71905445892231157 1.16091318279441976e-14
8.93847488613801389 4.52600115227137546e-15
9.16341696259241445 1.7251467005630927e-15
9.39401963893249281 6.42527771764817546e-16
9.63042536245651881 2.33697982386209723e-16
9.8727801651063487 8.29630788112226039e-17
10.1212337536738559 2.87278897900989086e-17
10.3759396022773771 9.69736857927653476e-18
10.6370550471654539 3.18916653758231241e-18
10.9047413839061331 1.02108963026380975e-18
11.1791639670220011 3.18097729947986257e-19
11.4604923121326614 9.63518733305679657e-20
11.7489002006674461 2.83559958516364236e-20
12.044565787213168 8.10302118619177898e-21
12.3476717095634445 2.24647310213184278e-21
12.6584052015371959 6.03822642206862637e-22
12.9769582086361641 1.57236240047705707e-22
13.303527506613138 3.96303133240035428e-23
13.6383148230237108 9.66177187857014945e-24
13.9815269618368365 2.27631869959786406e-24
14.3333759311814077 5.17811854599755185e-25
14.6940790743072061 1.13649755663643396e-25
15.0638592038417638 2.40395360204483356e-26
15.4429447394255757 4.89688805059529499e-27
15.8315698488107763 9.59724675893646694e-28
16.2299745925108461 1.80749388592294417e-28
16.6384050720900802 3.26919188652669889e-29
17.0571135821847335 5.67104762218922607e-30
17.4863587663500013 9.42565676592682447e-31
17.9264057768285703 1.4998317670392057e-31
18.377526438339693 2.28109400967437201e-32
18.839999415990242 3.31395154442423506e-33
19.3141103874109241 4.59285593969466971e-34
19.8001522192242483 6.06280049652717653e-35
20.2984251479535196 7.61933622881371933e-36
20.8092369654841214 9.0978055903415783e-37
21.3329032091917909 1.03117102014620646e-37
21.8697473568558429 1.10838974398331983e-38
22.4201010264767291 1.12710756560514092e-39
22.9843041811225355 1.08415616279549132e-40
23.5627053389299874 9.84394294853960219e-42
24.1556617883900735 8.42150584262431198e-43
24.7635398090516077 6.7876825201267333e-44
25.386714897778397 5.13693607419132739e-45
26.0255720007000662 3.64937709073635531e-46
26.6805057510002683 2.43030929057809153e-47
27.3519207126883579 1.5116556001097456e-48
28.0402316305055095 8.79216655555814338e-50
28.7458636861200389 0
29.4692527607694323 0
30.2108457045116197 0
30.9711006122523749 0
31.7504871067183672 0
32.549486628551179 0
33.368592733701874 0
34.2083113983090357 0
35.069161331248786 0
35.9516742945508128 0
36.8563954318765212 0
37.7838836052642506 0
38.7347117403478904 0
39.7094671802628909 0
40.7087520484587344 0
41.7331836206409008 0
42.7833947060726558 0
43.86003403847279 0
44.9637666767495361 0
46.0952744158188636 0
47.2552562077615192 0
48.4444285935777614 0
49.6635261458069124 0
50.9133019222861947 0
52.1945279313274497 0
53.5079956085998276 0
54.8545163060141121 0
56.2349217929081888 0
57.6500647698461108 0
59.1008193953459227 0
60.5880818258622256 0
62.1127707693583488 0
63.6758280528079865 0
65.2782192039777556 0
66.9209340478513184 0
68.60498731806112 0
70.3314192837067793 0
72.1012963919481393 0
73.9157119267679832 0
75.7757866843122088 0
77.6826696652259301 0
