0.00000000000000000 1.00000000000000000 0.00000000000000000 0.00000000000000000
0.00000803691858821 0.99999999995696576 0.00000803691858787 0.00000000006459206
0.00001627608382214 0.99999999982350452 0.00001627608381926 0.00000000026491090
0.00002472258517794 0.99999999959278707 0.00002472258516788 0.00000000061120622
0.00003338164020696 0.99999999925758143 0.00003338164018217 0.00000000111433390
0.00004225859775861 0.99999999881022816 0.00004225859770833 0.00000000178578908
0.00005135894128453 0.99999999824262020 0.00005135894119427 0.00000000263774085
0.00006068829222575 0.99999999754617641 0.00006068829207684 0.00000000368306880
0.00007025241348520 0.99999999671181672 0.00007025241325420 0.00000000493540158
0.00008005721298752 0.99999999572993548 0.00008005721264567 0.00000000640915732
0.00009010874732849 0.99999999459037170 0.00009010874684103 0.00000000811958630
0.00010041322551633 0.99999999328238132 0.00010041322484180 0.00000001008281579
0.00011097701280709 0.99999999179460342 0.00011097701189648 0.00000001231589727
0.00012180663463655 0.99999999011502894 0.00012180663343249 0.00000001483685609
0.00013290878065115 0.99999998823096492 0.00013290877908694 0.00000001766474377
0.00014429030884027 0.99999998612899810 0.00014429030683882 0.00000002081969294
0.00015595824977253 0.99999998379495614 0.00015595824724522 0.00000002432297528
0.00016791981093872 0.99999998121386746 0.00016791980778416 0.00000002819706238
0.00018018238120394 0.99999997836991883 0.00018018237730659 0.00000003246568979
0.00019275353537190 0.99999997524640916 0.00019275353060056 0.00000003715392448
0.00020564103886395 0.99999997182570333 0.00020564103307016 0.00000004228823567
0.00021885285251595 0.99999996808918246 0.00021885284553218 0.00000004789656953
0.00023239713749579 0.99999996401719182 0.00023239712913349 0.00000005400842757
0.00024628226034473 0.99999995958898436 0.00024628225039221 0.00000006065494931
0.00026051679814551 0.99999995478266490 0.00026051678636563 0.00000006786899905
0.00027510954382059 0.99999994957512706 0.00027510952994822 0.00000007568525728
0.00029006951156369 0.99999994394199121 0.00029006949530297 0.00000008414031682
0.00030540594240800 0.99999993785753671 0.00030540592342932 0.00000009327278386
0.00032112830993456 0.99999993129462983 0.00032112828787132 0.00000010312338436
0.00033724632612421 0.99999992422465012 0.00033724630056925 0.00000011373507587
0.00035376994735689 0.99999991661741228 0.00035376991785864 0.00000012515316522
0.00037070938056186 0.99999990844108322 0.00037070934662012 0.00000013742543225
0.00038807508952269 0.99999989966209613 0.00038807505058405 0.00000015060226000
0.00040587780134090 0.99999989024505676 0.00040587775679380 0.00000016473677154
0.00042412851306234 0.99999988015265195 0.00042412846223166 0.00000017988497403
0.00044283849847019 0.99999986934554408 0.00044283844061137 0.00000019610591011
0.00046201931504903 0.99999985778226796 0.00046201924934169 0.00000021346181712
0.00048168281112405 0.99999984541911835 0.00048168273666509 0.00000023201829467
0.00050184113318000 0.99999983221003219 0.00050184104897609 0.00000025184448069
0.00052250673336427 0.99999981810646610 0.00052250663832367 0.00000027301323675
0.00054369237717882 0.99999980305726555 0.00054369227010255 0.00000029560134279
0.00056541115136561 0.99999978700852976 0.00056541103093786 0.00000031968970200
0.00058767647199056 0.99999976990346584 0.00058767633676824 0.00000034536355626
0.00061050209273086 0.99999975168224109 0.00061050194113235 0.00000037271271268
0.00063390211337086 0.99999973228182115 0.00063390194366374 0.00000040183178176
0.00065789098851174 0.99999971163580537 0.00065789079879953 0.00000043282042796
0.00068248353650041 0.99999968967424968 0.00068248332470819 0.00000046578363305
0.00070769494858301 0.99999966632348392 0.00070769471244182 0.00000050083197313
0.00073354079828885 0.99999964150591503 0.00073354053531881 0.00000053808190985
0.00076003705105043 0.99999961513982716 0.00076003675854244 0.00000057765609665
0.00078720007406556 0.99999958713916182 0.00078719974906148 0.00000061968370077
0.00081504664640769 0.99999955741329705 0.00081504628567888 0.00000066430074181
0.00084359396939061 0.99999952586680751 0.00084359356941470 0.00000071165044777
0.00087285967719401 0.99999949239921682 0.00087285923412975 0.00000076188362934
0.00090286184775643 0.99999945690473324 0.00090286135741644 0.00000081515907342
0.00093361901394232 0.99999941927197578 0.00093361847176359 0.00000087164395701
0.00096515017499008 0.99999937938368400 0.00096514957600213 0.00000093151428217
0.00099747480824826 0.99999933711641253 0.00099747414703858 0.00000099495533355
0.00103061288120706 0.99999929234021079 0.00103061215188376 0.00000106216215926
0.00106458486383255 0.99999924491828707 0.00106458405998398 0.00000113334007654
0.00109941174121137 0.99999919470665355 0.00109941085586241 0.00000120870520335
0.00113511502651358 0.99999914155375402 0.00113511405207835 0.00000128848501732
0.00117171677428171 0.99999908530007176 0.00117171570251247 0.00000137291894332
0.00120923959405423 0.99999902577771949 0.00120923841598608 0.00000146225897126
0.00124770666433187 0.99999896281000544 0.00124770537022300 0.00000155677030555
0.00128714174689537 0.99999889621097815 0.00128714032616244 0.00000165673204792
0.00132756920148356 0.99999882578495025 0.00132756764263183 0.00000176243791524
0.00136901400084080 0.99999875132599214 0.00136901229138860 0.00000187419699423
0.00141150174614306 0.99999867261740683 0.00141149987254022 0.00000199233453477
0.00145505868281224 0.99999858943117292 0.00145505663035182 0.00000211719278398
0.00149971171672838 0.99999850152735936 0.00149970946945140 0.00000224913186302
0.00154548843084995 0.99999840865351342 0.00154548597144237 0.00000238853068891
0.00159241710225229 0.99999831054401322 0.00159241441193369 0.00000253578794344
0.00164052671959486 0.99999820691938979 0.00164052377799820 0.00000269132309194
0.00168984700102802 0.99999809748561430 0.00168984378606979 0.00000285557745410
0.00174040841255050 0.99999798193334566 0.00174040490029032 0.00000302901532971
0.00179224218682874 0.99999785993714474 0.00179223835131781 0.00000321212518208
0.00184538034248986 0.99999773115464530 0.00184537615560724 0.00000340542088206
0.00189985570390012 0.99999759522567966 0.00189985113517591 0.00000360944301573
0.00195570192144113 0.99999745177136634 0.00195569693786550 0.00000382476025914
0.00201295349229625 0.99999730039314516 0.00201294805811320 0.00000405197082339
0.00207164578176010 0.99999714067176670 0.00207163985824483 0.00000429170397366
0.00213181504508436 0.99999697216622607 0.00213180859030277 0.00000454462162605
0.00219349844987322 0.99999679441264677 0.00219349141842233 0.00000481142002612
0.00225673409904250 0.99999660692310399 0.00225672644177017 0.00000509283151335
0.00232156105435645 0.99999640918438859 0.00232155271805878 0.00000538962637588
0.00238801936055692 0.99999620065670902 0.00238801028765158 0.00000570261480012
0.00245615007009965 0.99999598077232488 0.00245614019827331 0.00000603264892016
0.00252599526851315 0.99999574893411203 0.00252598453034083 0.00000638062497198
0.00259759810039561 0.99999550451405361 0.00259758642292985 0.00000674748555782
0.00267100279606609 0.99999524685165420 0.00267099010039357 0.00000713422202642
0.00274625469888639 0.99999497525227321 0.00274624089964933 0.00000754187697494
0.00282340029327037 0.99999468898537192 0.00282338529815011 0.00000797154687881
0.00290248723339825 0.99999438728267132 0.00290247094255786 0.00000842438485608
0.00298356437265341 0.99999406933621704 0.00298354667813624 0.00000890160357304
0.00306668179379993 0.99999373429634364 0.00306666257888060 0.00000940447829838
0.00315189083991967 0.99999338126953607 0.00315186997840375 0.00000993435011355
0.00323924414612772 0.99999300931617918 0.00323922150159607 0.00001049262928706
0.00332879567208605 0.99999261744819767 0.00332877109707957 0.00001108079882132
0.00342060073533537 0.99999220462656924 0.00342057407047528 0.00001170041818074
0.00351471604546568 0.99999176975871451 0.00351468711850458 0.00001235312721020
0.00361119973914681 0.99999131169575262 0.00361116836394478 0.00001304065025389
0.00371011141604046 0.99999082922961646 0.00371007739146057 0.00001376480048445
0.00381151217561593 0.99999032109001906 0.00381147528433269 0.00001452748445329
0.00391546465489233 0.99998978594126908 0.00391542466210639 0.00001533070687337
0.00402203306713060 0.99998922237891907 0.00402198971918223 0.00001617657564621
0.00413128324149909 0.99998862892624452 0.00413123626437265 0.00001706730714568
0.00424328266373747 0.99998800403054322 0.00424323176144824 0.00001800523177157
0.00435810051784378 0.99998734605924666 0.00435804537069803 0.00001899279978683
0.00447580772881061 0.99998665329582925 0.00447574799152893 0.00002003258745269
0.00459647700643676 0.99998592393551256 0.00459641230613000 0.00002112730347723
0.00472018289024125 0.99998515608074756 0.00472011282422757 0.00002227979579293
0.00484700179550780 0.99998434773646827 0.00484692592895835 0.00002349305868035
0.00497701206048777 0.99998349680510124 0.00497692992388772 0.00002477024025539
0.00511029399479115 0.99998260108132020 0.00511020508120150 0.00002611465033862
0.00524692992899518 0.99998165824653584 0.00524683369109997 0.00002752976872629
0.00538700426550136 0.99998066586310042 0.00538690011242341 0.00002901925388345
0.00553060353067233 0.99997962136821772 0.00553049082453944 0.00003058695208055
0.00567781642828068 0.99997852206754501 0.00567769448052294 0.00003223690699627
0.00582873389430284 0.99997736512846358 0.00582860196165992 0.00003397336981033
0.00598344915309181 0.99997614757301068 0.00598330643330774 0.00003580080981106
0.00614205777496347 0.99997486627044729 0.00614190340214446 0.00003772392554422
0.00630465773523204 0.99997351792944644 0.00630449077484108 0.00003974765653030
0.00647134947473111 0.99997209908988727 0.00647116891819111 0.00004187719557963
0.00664223596185777 0.99997060611422472 0.00664204072073261 0.00004411800173537
0.00681742275617789 0.99996903517842262 0.00681721165589863 0.00004647581387660
0.00699701807363218 0.99996738226242321 0.00699678984673284 0.00004895666501500
0.00718113285338304 0.99996564314012981 0.00718088613220789 0.00005156689732040
0.00736988082634361 0.99996381336887918 0.00736961413518474 0.00005431317791245
0.00756337858543135 0.99996188827837729 0.00756309033205217 0.00005720251545713
0.00776174565758951 0.99995986295906825 0.00776143412408635 0.00006024227760929
0.00796510457762103 0.99995773224991458 0.00796476791057134 0.00006344020934418
0.00817358096388041 0.99995549072554846 0.00817321716372203 0.00006680445222306
0.00838730359587034 0.99995313268277375 0.00838691050545204 0.00007034356464062
0.00860640449379111 0.99995065212637468 0.00860597978602978 0.00007406654310396
0.00883101900009173 0.99994804275420290 0.00883056016466690 0.00007798284459563
0.00906128586307333 0.99994529794150611 0.00906079019208402 0.00008210241007580
0.00929734732259646 0.99994241072445311 0.00929681189509964 0.00008643568918159
0.00953934919794507 0.99993937378282294 0.00953877086328886 0.00009099366618410
0.00978744097790165 0.99993617942180979 0.00978681633775944 0.00009578788726738
0.01004177591308910 0.99993281955290136 0.01004110130209359 0.00010083048919625
0.01030251111063623 0.99992928567377992 0.01030178257550467 0.00010613422944350
0.01056980763122566 0.99992556884720318 0.01056902090825883 0.00011171251785070
0.01084383058858378 0.99992165967880464 0.01084298107941248 0.00011757944990037
0.01112474925147435 0.99991754829376600 0.01112383199691715 0.00012374984168123
0.01141273714825885 0.99991322431229690 0.01141174680014423 0.00013023926663253
0.01170797217408787 0.99990867682387152 0.01170690296488291 0.00013706409415760
0.01201063670079016 0.99990389436014449 0.01200948241086496 0.00014424153020143
0.01232091768952680 0.99989886486649338 0.01231967161187134 0.00015178965989187
0.01263900680628044 0.99989357567210924 0.01263766170847588 0.00015972749234890
0.01296510054025069 0.99988801345856215 0.01296364862348180 0.00016807500777192
0.01329940032522892 0.99988216422676957 0.01329783318010810 0.00017685320692037
0.01364211266402747 0.99987601326227638 0.01364042122298260 0.00018608416310872
0.01399344925603997 0.99986954509877501 0.01399162374199948 0.00019579107684327
0.01435362712801185 0.99986274347975934 0.01435165699909943 0.00020599833323419
0.01472286876810145 0.99985559131823321 0.01472074265803082 0.00021673156232318
0.01510140226331490 0.99984807065436321 0.01509910791715083 0.00022801770247410
0.01548946144039943 0.99984016261097952 0.01548698564532546 0.00023988506698129
0.01588728601028222 0.99983184734680797 0.01588461452098757 0.00025236341405801
0.01629512171614406 0.99982310400732466 0.01629223917441231 0.00026548402037558
0.01671322048521913 0.99981391067311043 0.01671011033326888 0.00027927975833226
0.01714184058441495 0.99980424430557469 0.01713848497150762 0.00029378517723997
0.01758124677984827 0.99979408068992104 0.01757762646164103 0.00030903658862610
0.01803171050039576 0.99978339437520969 0.01802780473047678 0.00032507215585762
0.01849351000536036 0.99977215861137425 0.01848929641836018 0.00034193198830502
0.01896693055635693 0.99976034528303204 0.01896238504198270 0.00035965824027419
0.01945226459352329 0.99974792483993380 0.01944736116081222 0.00037829521494593
0.01994981191616558 0.99973486622387275 0.01994452254719922 0.00039788947357435
0.02045987986794964 0.99972113679188390 0.02045417436021199 0.00041848995020803
0.02098278352675240 0.99970670223553759 0.02097662932325180 0.00044014807221072
0.02151884589929111 0.99969152649613335 0.02151220790549738 0.00046291788687191
0.02206839812065011 0.99967557167558574 0.02206123850722532 0.00048685619441207
0.02263177965882894 0.99965879794278578 0.02262405764905093 0.00051202268770196
0.02320933852443741 0.99964116343520637 0.02320101016513017 0.00053848009903142
0.02380143148566798 0.99962262415551284 0.02379244940036107 0.00056629435427892
0.02440842428867771 0.99960313386292854 0.02439873741161826 0.00059553473485081
0.02503069188351596 0.99958264395908580 0.02502024517305011 0.00062627404777664
0.02566861865573760 0.99956110336808845 0.02565735278546378 0.00065858880436580
0.02632259866384477 0.99953845841049083 0.02631044968981744 0.00069255940785034
0.02699303588270355 0.99951465267088979 0.02697993488483330 0.00072827035045931
0.02768034445308640 0.99948962685880349 0.02766621714873848 0.00076581042039097
0.02838494893749406 0.99946331866250393 0.02836971526513353 0.00080527291917206
0.02910728458241535 0.99943566259544492 0.02909085825298046 0.00084675588991621
0.02984779758718633 0.99940658983491371 0.02983008560069266 0.00089036235701792
0.03060694537961556 0.99937602805251857 0.03058784750430059 0.00093620057784414
0.03138519689854526 0.99934390123609884 0.03136460510965532 0.00098438430701165
0.03218303288352287 0.99931012950262754 0.03216083075862056 0.00103503307386610
0.03300094617176236 0.99927462890165608 0.03297700823919136 0.00108827247380732
0.03383944200257849 0.99923731120882964 0.03381363303946366 0.00114423447413540
0.03469903832948169 0.99919808370896912 0.03467121260536218 0.00120305773512307
0.03558026614012720 0.99915684896820767 0.03555026660201971 0.00126488794705234
0.03648366978431528 0.99911350459462556 0.03645132717868029 0.00132987818398701
0.03740980731024578 0.99906794298681889 0.03737493923698051 0.00139818927508759
0.03835925080923396 0.99902005106979141 0.03832166070243985 0.00146999019431126
0.03933258676910150 0.99896971001754831 0.03929206279896939 0.00154545846937745
0.04033041643646027 0.99891679496172092 0.04028673032618040 0.00162478061091823
0.04135335618811271 0.99886117468553759 0.04130626193924770 0.00170815256277319
0.04240203791179861 0.99880271130240883 0.04235127043105198 0.00179578017443030
0.04347710939652324 0.99874125991836749 0.04342238301629232 0.00188787969665707
0.04457923473270795 0.99867666827756418 0.04452024161722424 0.00198467830141111
0.04570909472241026 0.99860877638998335 0.04564550315063995 0.00208641462716468
0.04686738729986726 0.99853741614050606 0.04679883981566582 0.00219333935082526
0.04805482796262192 0.99846241087839427 0.04798093938190596 0.00230571578748248
0.04927215021349814 0.99838357498624875 0.04919250547741173 0.00242382051926136
0.05052010601369838 0.99830071342742288 0.05043425787590414 0.00254794405461288
0.05179946624730336 0.99821362127084579 0.05170693278261763 0.00267839151942479
0.05311102119746032 0.99812208319215301 0.05301128311807169 0.00281548338138848
0.05445558103455493 0.99802587294997236 0.05434807879900964 0.00295955620911185
0.05583397631666756 0.99792475283615412 0.05571810701567016 0.00311096346752248
0.05724705850262371 0.99781847309869609 0.05712217250447972 0.00327007635116091
0.05869570047795467 0.99770677133603114 0.05856109781516690 0.00343728465701924
0.06018079709409436 0.99758937186131380 0.06003572357121077 0.00361299769863617
0.06170326572114475 0.99746598503525830 0.06154690872243394 0.00379764526321538
0.06326404681455111 0.99733630656602434 0.06309553078844446 0.00399167861358910
0.06486410449603795 0.99720001677459158 0.06468248609151790 0.00419557153690374
0.06650442714916396 0.99705677982396934 0.06630868997738318 0.00440982144195738
0.06818602802986343 0.99690624291054986 0.06797507702224459 0.00463495050717090
0.06990994589235242 0.99674803541580725 0.06968260122422766 0.00487150688122413
0.07167724563078517 0.99658176801649967 0.07143223617728081 0.00512006593843522
0.07348901893705817 0.99640703175142942 0.07322497522539871 0.00538123159100494
0.07534638497516680 0.99622339704274920 0.07506183159485143 0.00565563766028681
0.07725049107253269 0.99603041266972070 0.07694383850191332 0.00594394930927845
0.07920251342872818 0.99582760469274134 0.07887204923337507 0.00624686453855770
0.08120365784203479 0.99561447532537295 0.08084753719689858 0.00656511574790813
0.08325516045428624 0.99539050175202048 0.08287139593803695 0.00689947136589195
0.08535828851445464 0.99515513488881047 0.08494473912048010 0.00725073754963102
0.08751434116145264 0.99490779808514129 0.08706870046581269 0.00761975995704946
0.08972465022663369 0.99464788576327501 0.08924443364877055 0.00800742559380995
0.09199058105648784 0.99437476199324992 0.09147311214366587 0.00841466473714110
0.09431353335604026 0.99408775900030333 0.09375592901730642 0.00884245293870027
0.09669494205347298 0.99378617560189475 0.09609409666336774 0.00929181310854518
0.09913627818650540 0.99346927557133358 0.09848884647278572 0.00976381768219411
0.10163904981108016 0.99313628592491410 0.10094142843431349 0.01025959087263677
0.10420480293291505 0.99278639512938027 0.10345311065893620 0.01078031100901150
0.10683512246249820 0.99241875122644341 0.10602517882135662 0.01132721296348790
0.10953163319411467 0.99203245987099686 0.10865893551124531 0.01190159066768068
0.11229600080951070 0.99162658227959211 0.11135569948640141 0.01250479971966856
0.11512993290681373 0.99120013308565635 0.11411680481937646 0.01313826008239477
0.11803518005534595 0.99075207809786248 0.11694359992848938 0.01380345887387959
0.12101353687698176 0.99028133195800705 0.11983744648348690 0.01450195324927277
0.12406684315471646 0.98978675569468855 0.12279971817538858 0.01523537337430932
0.12719698496913259 0.98926715416903277 0.12583179933929503 0.01600542548919922
0.13040589586346518 0.98872127340869198 0.12893508341812657 0.01681389506137141
0.13369555803798455 0.98814779782631146 0.13211097125439425 0.01766265002479638
0.13706800357443627 0.98754534731866894 0.13536086919619322 0.01855364410282261
0.14052531569129359 0.98691247424270623 0.13868618700263194 0.01948892021056663
0.14406963003059803 0.98624766026470789 0.14208833553287939 0.02047061393188541
0.14770313597718226 0.98554931307896043 0.14556872420192027 0.02150095706482117
0.15142807801109151 0.98481576299230256 0.14912875818495100 0.02258228122812796
0.15524675709403857 0.98404525937112552 0.15276983535112931 0.02371702152005304
0.15916153209074718 0.98323596694752524 0.15649334290609537 0.02490772021893680
0.16317482122606436 0.98238596198153350 0.16030065372133198 0.02615703051339959
0.16728910357874052 0.98149322827659602 0.16419312232699590 0.02746772024787763
0.17150692061279876 0.98055565304577952 0.16817208054335356 0.02884267566703814
0.17583087774744235 0.97957102262655160 0.17223883272438628 0.03028490514012374
0.18026364596646696 0.97853701804241433 0.17639465058548007 0.03179754284351963
0.18480796346817505 0.97745121041017569 0.18064076758540723 0.03338385237678704
0.18946663735680741 0.97631105619223912 0.18497837283101659 0.03504723028402654
0.19424254537654129 0.97511389229396606 0.18940860447120650 0.03679120944870569
0.19913863768912329 0.97385693100696291 0.19393254254483713 0.03861946232596681
0.20415793869623522 0.97253725480003383 0.19855120124527020 0.04053580397189574
0.20930354890772015 0.97115181096057224 0.20326552056220712 0.04254419482424512
0.21457864685682115 0.96969740609033328 0.20807635725943313 0.04464874318362565
0.21998649106361770 0.96817070046084164 0.21298447514498542 0.04685370733817164
0.22553042204786899 0.96656820223518591 0.21799053458815146 0.04916349726810638
0.23121386439251218 0.96488626156463786 0.22309508123560420 0.05158267585944548
0.23704032885908735 0.96312106457039681 0.22829853387688118 0.05411595954822341
0.24301341455639519 0.96126862722290707 0.23360117140737724 0.05676821830808049
0.24913681116372985 0.95932478913351960 0.23900311883504263 0.05954447488474850
0.25541430121005887 0.95728520727593858 0.24450433227511020 0.06244990317087932
0.26184976241055608 0.95514534965779763 0.25010458287544179 0.06548982560372567
0.26844717006193480 0.95290048896598567 0.25580343961355279 0.06866970945636727
0.27521059949805765 0.95054569621293938 0.26160025090506162 0.07199516188042432
0.28214422860734223 0.94807583441512822 0.26749412496231867 0.07547192354448941
0.28925234041351428 0.94548555233936027 0.27348390884132423 0.07910586069778922
0.29653932572130703 0.94276927835741131 0.27956816611486995 0.08290295547284590
0.30400968582873861 0.93992121445482757 0.28574515311017856 0.08686929422411020
0.31166803530764092 0.93693533044564403 0.29201279365030919 0.09101105368168742
0.31951910485416191 0.93380535845120693 0.29836865224034942 0.09533448468037918
0.32756774421099982 0.93052478770834834 0.30480990564204319 0.09984589320433179
0.33581892516317297 0.92708685977987326 0.31133331278417831 0.10455161846667270
0.34427774460917804 0.92348456424873215 0.31793518296094309 0.10945800772169986
0.35294942770943377 0.91971063498639172 0.32461134227672689 0.11457138748456189
0.36183933111395455 0.91575754709584822 0.33135709830371746 0.11989803081007801
0.37095294627124453 0.91161751464048679 0.33816720292835795 0.12544412025858021
0.38029590282046266 0.90728248928160626 0.34503581337454520 0.13121570615266534
0.38987397206894958 0.90274415995995383 0.35195645140563442 0.13721865970480693
0.39969307055726322 0.89799395377008706 0.35892196072422317 0.14345862057229819
0.40975926371392990 0.89302303819079565 0.36592446260863715 0.14994093837343062
0.42007876960216695 0.88782232485024382 0.37295530984842579 0.15667060767772165
0.43065796276088625 0.88238247502090572 0.38000503906841188 0.16365219596407324
0.44150337814235968 0.87669390705676908 0.38706332156238743 0.17088976402479650
0.45262171514897287 0.87074680600367849 0.39411891279387490 0.17838677828141211
0.46401984177156408 0.86453113563301587 0.40115960076302265 0.18614601447120158
0.47570479883189981 0.85803665316914102 0.40817215348622282 0.19416945216294695
0.48768380433191477 0.85125292700201094 0.41514226588901842 0.20245815956772781
0.49996425791239840 0.84416935769811308 0.42205450647392312 0.21101216812781851
0.51255374542388010 0.83677520264505234 0.42889226419354787 0.21983033639573124
0.52546004361254284 0.82905960468766249 0.43563769603657665 0.22891020275864726
0.53869112492405435 0.82101162513612325 0.44227167592030425 0.23824782662355548
0.55225516242828776 0.81262028154888910 0.44877374557930266 0.24783761775844890
0.56616053486796702 0.80387459071493972 0.45512206824593837 0.25767215358833584
0.58041583183436296 0.79476361728041733 0.46129338603550069 0.26774198437548502
0.59502985907323669 0.78527652848360252 0.46726298207711853 0.27803542637548817
0.61001164392429819 0.77540265547869314 0.47300464857182384 0.28853834325913319
0.62537044089755356 0.76513156174218566 0.47849066211134439 0.29923391632993374
0.64111573738997951 0.75445311906492096 0.48369176775547679 0.31010240435401520
0.65725725954604997 0.74335759163692072 0.48857717354203423 0.32112089415899231
0.67380497826574814 0.73183572872975933 0.49311455729085346 0.33226304355788749
0.69076911536376417 0.71987886647098343 0.49727008776123055 0.34349881861968656
0.70816014988369025 0.70747903918530497 0.50100846242903474 0.35479422784674242
0.72598882457110636 0.69462910074616080 0.50429296436358995 0.36611105643780145
0.74426615250956230 0.68132285633659118 0.50708554090245994 0.37740660452070418
0.76300342392355458 0.66755520495795850 0.50934690704091257 0.38863343403708878
0.78221221315269041 0.65332229294618271 0.51103667666742392 0.39973912985822152
0.80190438580136192 0.63862167865503461 0.51211352498130025 0.41066608171069996
0.82209210606833905 0.62345250834154764 0.51253538561609158 0.42135129459568105
0.84278784426080278 0.60781570313637234 0.51225968615416728 0.43172623659558607
0.86400438449747485 0.59171415679830885 0.51124362584296512 0.44171673427470848
0.88575483260558963 0.57515294373361547 0.50944449939938063 0.45124292728733689
0.90805262421659516 0.55813953650297921 0.50682007080056435 0.46021929529609307
0.93091153306557273 0.54068403173838930 0.50332900088965882 0.46855477185455530
0.95434567949951532 0.52279938304455620 0.49893133245358440 0.47615296149401454
0.97836953919971692 0.50450163906129608 0.49358903613390215 0.48291247783635827
1.00299795212364229 0.48581018441103219 0.48726662008507432 0.48872742208353831
1.02824613167184142 0.46674798074636425 0.47993180566809218 0.49348802264449770
1.05412967408552505 0.44734180454472056 0.47155627062955691 0.49708145787172053
1.08066456808063083 0.42762247766938616 0.46211646013215640 0.49939288479166682
1.10786720472434341 0.40762508602964531 0.45159446463518316 0.50030669720436671
1.13575438756013658 0.38738918093011615 0.43997896193470704 0.49970803645149781
1.16434334298760955 0.36695895690589175 0.42726621862305214 0.49748457733723939
1.19365173090354681 0.34638339900449872 0.41346114377797377 0.49352860993193864
1.22369765561073907 0.32571639161045118 0.39857838480769853 0.48773943506629569
1.25449967700131948 0.30501678003041688 0.38264345202814048 0.48002608697597210
1.28607682202154683 0.28434837518962602 0.36569385471086469 0.47031039049935813
1.31844859642507584 0.26377989096245158 0.34778022700460381 0.45853035215861415
1.35163499682199428 0.24338480290868511 0.32896741730600232 0.44464387404493810
1.38565652303109221 0.22324111655722179 0.30933550936625875 0.42863276635850195
1.42053419074295095 0.20343103292505899 0.28898073772820126 0.41050701840903137
1.45628954450169479 0.18404049874604497 0.26801625408874258 0.39030926858594539
1.49294467101344797 0.16515862898582886 0.24657269501628037 0.36811939104197999
1.53052221278966094 0.14687698972263338 0.22479849531816914 0.34405909048615047
1.56904538213380018 0.12928873047372894 0.20285988551174591 0.31829636658239630
1.60853797547998734 0.11248755665043519 0.18094050664118141 0.29104967623492917
1.64902438809246266 0.09656653514263812 0.15924057152379811 0.26259158601652521
1.69052962913498273 0.08161672918432056 0.13797549891917976 0.23325166901755517
1.73307933711940887 0.06772566275115967 0.11737394670675244 0.20341836175362732
1.77669979574305481 0.05497561989979301 0.09767517264681005 0.17353945929075504
1.82141795012460173 0.04344179077106837 0.07912565749598119 0.14412089287859139
1.86726142344856183 0.03319028351572815 0.06197493604223988 0.11572340729236642
1.91425853402859070 0.02427603019063942 0.04647059796476723 0.08895673873546733
1.96243831280022230 0.01674062469186629 0.03285244327552782 0.06447089335299182
2.01183052125377682 0.01061014193834682 0.02134580738640083 0.04294414680076550
2.06246566981854107 0.00589299960183414 0.01215410937103725 0.02506743332498415
2.11437503670961435 0.00257793638136149 0.00545072433097626 0.01152487545740192
2.16759068724899695 0.00063219368662679 0.00137033714766984 0.00297033003968051
2.22214549367288994 0.00000000000000000 0.00000000000000000 0.00000000000000000
2.27807315543747224 0.00000000000000000 0.00000000000000000 0.00000000000000000
2.33540822003561610 0.00000000000000000 0.00000000000000000 0.00000000000000000
2.39418610433749990 0.00000000000000000 0.00000000000000000 0.00000000000000000
2.45444311646821856 0.00000000000000000 0.00000000000000000 0.00000000000000000
2.51621647823593220 0.00000000000000000 0.00000000000000000 0.00000000000000000
2.57954434812445133 0.00000000000000000 0.00000000000000000 0.00000000000000000
2.64446584486438763 0.00000000000000000 0.00000000000000000 0.00000000000000000
2.71102107159746009 0.00000000000000000 0.00000000000000000 0.00000000000000000
2.77925114064893686 0.00000000000000000 0.00000000000000000 0.00000000000000000
2.84919819892341808 0.00000000000000000 0.00000000000000000 0.00000000000000000
2.92090545393970480 0.00000000000000000 0.00000000000000000 0.00000000000000000
2.99441720052086069 0.00000000000000000 0.00000000000000000 0.00000000000000000
3.06977884815588897 0.00000000000000000 0.00000000000000000 0.00000000000000000
3.14703694904994746 0.00000000000000000 0.00000000000000000 0.00000000000000000
3.22623922688048914 0.00000000000000000 0.00000000000000000 0.00000000000000000
3.30743460627699770 0.00000000000000000 0.00000000000000000 0.00000000000000000
3.39067324304256434 0.00000000000000000 0.00000000000000000 0.00000000000000000
3.47600655513604151 0.00000000000000000 0.00000000000000000 0.00000000000000000
3.56348725443379166 0.00000000000000000 0.00000000000000000 0.00000000000000000
3.65316937929071806 0.00000000000000000 0.00000000000000000 0.00000000000000000
3.74510832792074400 0.00000000000000000 0.00000000000000000 0.00000000000000000
3.83936089261720204 0.00000000000000000 0.00000000000000000 0.00000000000000000
3.93598529483447246 0.00000000000000000 0.00000000000000000 0.00000000000000000
4.03504122115237340 0.00000000000000000 0.00000000000000000 0.00000000000000000
4.13658986014558039 0.00000000000000000 0.00000000000000000 0.00000000000000000
4.24069394018092005 0.00000000000000000 0.00000000000000000 0.00000000000000000
4.34741776816575598 0.00000000000000000 0.00000000000000000 0.00000000000000000
4.45682726927146344 0.00000000000000000 0.00000000000000000 0.00000000000000000
4.56899002765660445 0.00000000000000000 0.00000000000000000 0.00000000000000000
4.68397532821482443 0.00000000000000000 0.00000000000000000 0.00000000000000000
4.80185419937330771 0.00000000000000000 0.00000000000000000 0.00000000000000000
4.92269945696833222 0.00000000000000000 0.00000000000000000 0.00000000000000000
5.04658574922485403 0.00000000000000000 0.00000000000000000 0.00000000000000000
5.17358960286799618 0.00000000000000000 0.00000000000000000 0.00000000000000000
5.30378947039498971 0.00000000000000000 0.00000000000000000 0.00000000000000000
5.43726577853663340 0.00000000000000000 0.00000000000000000 0.00000000000000000
5.57410097793824999 0.00000000000000000 0.00000000000000000 0.00000000000000000
5.71437959409096319 0.00000000000000000 0.00000000000000000 0.00000000000000000
5.85818827954448906 0.00000000000000000 0.00000000000000000 0.00000000000000000
6.00561586743399545 0.00000000000000000 0.00000000000000000 0.00000000000000000
6.15675342635385281 0.00000000000000000 0.00000000000000000 0.00000000000000000
6.31169431661226454 0.00000000000000000 0.00000000000000000 0.00000000000000000
6.47053424790161991 0.00000000000000000 0.00000000000000000 0.00000000000000000
6.63337133842000792 0.00000000000000000 0.00000000000000000 0.00000000000000000
6.80030617548051186 0.00000000000000000 0.00000000000000000 0.00000000000000000
6.97144187764581069 0.00000000000000000 0.00000000000000000 0.00000000000000000
7.14688415842628810 0.00000000000000000 0.00000000000000000 0.00000000000000000
7.32674139158106996 0.00000000000000000 0.00000000000000000 0.00000000000000000
7.51112467806246364 0.00000000000000000 0.00000000000000000 0.00000000000000000
7.70014791464491921 0.00000000000000000 0.00000000000000000 0.00000000000000000
7.89392786428101179 0.00000000000000000 0.00000000000000000 0.00000000000000000
8.09258422822803780 0.00000000000000000 0.00000000000000000 0.00000000000000000
8.29623971998953458 0.00000000000000000 0.00000000000000000 0.00000000000000000
8.50502014111750348 0.00000000000000000 0.00000000000000000 0.00000000000000000
8.71905445892231157 0.00000000000000000 0.00000000000000000 0.00000000000000000
8.93847488613801389 0.00000000000000000 0.00000000000000000 0.00000000000000000
9.16341696259241445 0.00000000000000000 0.00000000000000000 0.00000000000000000
9.39401963893249281 0.00000000000000000 0.00000000000000000 0.00000000000000000
9.63042536245651881 0.00000000000000000 0.00000000000000000 0.00000000000000000
9.87278016510634870 0.00000000000000000 0.00000000000000000 0.00000000000000000
10.12123375367385592 0.00000000000000000 0.00000000000000000 0.00000000000000000
10.37593960227737711 0.00000000000000000 0.00000000000000000 0.00000000000000000
10.63705504716545391 0.00000000000000000 0.00000000000000000 0.00000000000000000
10.90474138390613312 0.00000000000000000 0.00000000000000000 0.00000000000000000
11.17916396702200110 0.00000000000000000 0.00000000000000000 0.00000000000000000
11.46049231213266140 0.00000000000000000 0.00000000000000000 0.00000000000000000
11.74890020066744611 0.00000000000000000 0.00000000000000000 0.00000000000000000
12.04456578721316795 0.00000000000000000 0.00000000000000000 0.00000000000000000
12.34767170956344451 0.00000000000000000 0.00000000000000000 0.00000000000000000
12.65840520153719595 0.00000000000000000 0.00000000000000000 0.00000000000000000
12.97695820863616412 0.00000000000000000 0.00000000000000000 0.00000000000000000
13.30352750661313799 0.00000000000000000 0.00000000000000000 0.00000000000000000
13.63831482302371079 0.00000000000000000 0.00000000000000000 0.00000000000000000
13.98152696183683652 0.00000000000000000 0.00000000000000000 0.00000000000000000
14.33337593118140774 0.00000000000000000 0.00000000000000000 0.00000000000000000
14.69407907430720606 0.00000000000000000 0.00000000000000000 0.00000000000000000
15.06385920384176380 0.00000000000000000 0.00000000000000000 0.00000000000000000
15.44294473942557566 0.00000000000000000 0.00000000000000000 0.00000000000000000
15.83156984881077634 0.00000000000000000 0.00000000000000000 0.00000000000000000
16.22997459251084607 0.00000000000000000 0.00000000000000000 0.00000000000000000
16.63840507209008024 0.00000000000000000 0.00000000000000000 0.00000000000000000
17.05711358218473350 0.00000000000000000 0.00000000000000000 0.00000000000000000
17.48635876635000130 0.00000000000000000 0.00000000000000000 0.00000000000000000
17.92640577682857028 0.00000000000000000 0.00000000000000000 0.00000000000000000
18.37752643833969302 0.00000000000000000 0.00000000000000000 0.00000000000000000
18.83999941599024197 0.00000000000000000 0.00000000000000000 0.00000000000000000
19.31411038741092412 0.00000000000000000 0.00000000000000000 0.00000000000000000
19.80015221922424828 0.00000000000000000 0.00000000000000000 0.00000000000000000
20.29842514795351960 0.00000000000000000 0.00000000000000000 0.00000000000000000
20.80923696548412138 0.00000000000000000 0.00000000000000000 0.00000000000000000
21.33290320919179095 0.00000000000000000 0.00000000000000000 0.00000000000000000
21.86974735685584292 0.00000000000000000 0.00000000000000000 0.00000000000000000
22.42010102647672909 0.00000000000000000 0.00000000000000000 0.00000000000000000
22.98430418112253548 0.00000000000000000 0.00000000000000000 0.00000000000000000
23.56270533892998742 0.00000000000000000 0.00000000000000000 0.00000000000000000
24.15566178839007350 0.00000000000000000 0.00000000000000000 0.00000000000000000
24.76353980905160768 0.00000000000000000 0.00000000000000000 0.00000000000000000
25.38671489777839696 0.00000000000000000 0.00000000000000000 0.00000000000000000
26.02557200070006616 0.00000000000000000 0.00000000000000000 0.00000000000000000
26.68050575100026833 0.00000000000000000 0.00000000000000000 0.00000000000000000
27.35192071268835790 0.00000000000000000 0.00000000000000000 0.00000000000000000
28.04023163050550949 0.00000000000000000 0.00000000000000000 0.00000000000000000
28.74586368612003895 0.00000000000000000 0.00000000000000000 0.00000000000000000
29.46925276076943234 0.00000000000000000 0.00000000000000000 0.00000000000000000
30.21084570451161966 0.00000000000000000 0.00000000000000000 0.00000000000000000
30.97110061225237487 0.00000000000000000 0.00000000000000000 0.00000000000000000
31.75048710671836716 0.00000000000000000 0.00000000000000000 0.00000000000000000
32.54948662855117902 0.00000000000000000 0.00000000000000000 0.00000000000000000
33.36859273370187395 0.00000000000000000 0.00000000000000000 0.00000000000000000
34.20831139830903567 0.00000000000000000 0.00000000000000000 0.00000000000000000
35.06916133124878598 0.00000000000000000 0.00000000000000000 0.00000000000000000
35.95167429455081276 0.00000000000000000 0.00000000000000000 0.00000000000000000
36.85639543187652123 0.00000000000000000 0.00000000000000000 0.00000000000000000
37.78388360526425060 0.00000000000000000 0.00000000000000000 0.00000000000000000
38.73471174034789044 0.00000000000000000 0.00000000000000000 0.00000000000000000
39.70946718026289091 0.00000000000000000 0.00000000000000000 0.00000000000000000
40.70875204845873441 0.00000000000000000 0.00000000000000000 0.00000000000000000
41.73318362064090081 0.00000000000000000 0.00000000000000000 0.00000000000000000
42.78339470607265582 0.00000000000000000 0.00000000000000000 0.00000000000000000
43.86003403847279003 0.00000000000000000 0.00000000000000000 0.00000000000000000
44.96376667674953609 0.00000000000000000 0.00000000000000000 0.00000000000000000
46.09527441581886364 0.00000000000000000 0.00000000000000000 0.00000000000000000
47.25525620776151925 0.00000000000000000 0.00000000000000000 0.00000000000000000
48.44442859357776143 0.00000000000000000 0.00000000000000000 0.00000000000000000
49.66352614580691238 0.00000000000000000 0.00000000000000000 0.00000000000000000
50.91330192228619467 0.00000000000000000 0.00000000000000000 0.00000000000000000
52.19452793132744972 0.00000000000000000 0.00000000000000000 0.00000000000000000
53.50799560859982762 0.00000000000000000 0.00000000000000000 0.00000000000000000
54.85451630601411210 0.00000000000000000 0.00000000000000000 0.00000000000000000
56.23492179290818882 0.00000000000000000 0.00000000000000000 0.00000000000000000
57.65006476984611083 0.00000000000000000 0.00000000000000000 0.00000000000000000
59.10081939534592266 0.00000000000000000 0.00000000000000000 0.00000000000000000
60.58808182586222557 0.00000000000000000 0.00000000000000000 0.00000000000000000
62.11277076935834884 0.00000000000000000 0.00000000000000000 0.00000000000000000
63.67582805280798652 0.00000000000000000 0.00000000000000000 0.00000000000000000
65.27821920397775557 0.00000000000000000 0.00000000000000000 0.00000000000000000
66.92093404785131838 0.00000000000000000 0.00000000000000000 0.00000000000000000
68.60498731806112005 0.00000000000000000 0.00000000000000000 0.00000000000000000
70.33141928370677931 0.00000000000000000 0.00000000000000000 0.00000000000000000
72.10129639194813933 0.00000000000000000 0.00000000000000000 0.00000000000000000
73.91571192676798319 0.00000000000000000 0.00000000000000000 0.00000000000000000
75.77578668431220876 0.00000000000000000 0.00000000000000000 0.00000000000000000
77.68266966522593009 0.00000000000000000 0.00000000000000000 0.00000000000000000
