0.00000000000000000 0.00000000000001869 -0.00000000000016844
0.00000803691858821 0.00000000003657218 -0.00000000032963700
0.00001627608382214 0.00000000014999321 -0.00000000135193761
0.00002472258517794 0.00000000034606647 -0.00000000311920974
0.00003338164020696 0.00000000063093861 -0.00000000568685504
0.00004225859775861 0.00000000101111820 -0.00000000911353736
0.00005135894128453 0.00000000149349540 -0.00000001346136000
0.00006068829222575 0.00000000208536267 -0.00000001879605238
0.00007025241348520 0.00000000279443659 -0.00000002518716635
0.00008005721298752 0.00000000362888074 -0.00000003270828298
0.00009010874732849 0.00000000459732987 -0.00000004143723003
0.00010041322551633 0.00000000570891526 -0.00000005145631089
0.00011097701280709 0.00000000697329153 -0.00000006285254553
0.00012180663463655 0.00000000840066466 -0.00000007571792393
0.00013290878065115 0.00000001000182167 -0.00000009014967291
0.00014429030884027 0.00000001178816171 -0.00000010625053677
0.00015595824977253 0.00000001377172886 -0.00000012412907265
0.00016791981093872 0.00000001596524658 -0.00000014389996130
0.00018018238120394 0.00000001838215402 -0.00000016568433400
0.00019275353537190 0.00000002103664413 -0.00000018961011656
0.00020564103886395 0.00000002394370388 -0.00000021581239125
0.00021885285251595 0.00000002711915643 -0.00000024443377750
0.00023239713749579 0.00000003057970565 -0.00000027562483244
0.00024628226034473 0.00000003434298278 -0.00000030954447235
0.00026051679814551 0.00000003842759569 -0.00000034636041584
0.00027510954382059 0.00000004285318056 -0.00000038624965018
0.00029006951156369 0.00000004764045633 -0.00000042939892184
0.00030540594240800 0.00000005281128193 -0.00000047600525241
0.00032112830993456 0.00000005838871650 -0.00000052627648130
0.00033724632612421 0.00000006439708272 -0.00000058043183667
0.00035376994735689 0.00000007086203344 -0.00000063870253582
0.00037070938056186 0.00000007781062173 -0.00000070133241676
0.00038807508952269 0.00000008527137459 -0.00000076857860246
0.00040587780134090 0.00000009327437044 -0.00000084071219946
0.00042412851306234 0.00000010185132070 -0.00000091801903270
0.00044283849847019 0.00000011103565546 -0.00000100080041826
0.00046201931504903 0.00000012086261367 -0.00000108937397611
0.00048168281112405 0.00000013136933800 -0.00000118407448488
0.00050184113318000 0.00000014259497455 -0.00000128525478070
0.00052250673336427 0.00000015458077772 -0.00000139328670261
0.00054369237717882 0.00000016737022053 -0.00000150856208661
0.00056541115136561 0.00000018100911060 -0.00000163149381116
0.00058767647199056 0.00000019554571212 -0.00000176251689656
0.00061050209273086 0.00000021103087412 -0.00000190208966100
0.00063390211337086 0.00000022751816533 -0.00000205069493632
0.00065789098851174 0.00000024506401607 -0.00000220884134633
0.00068248353650041 0.00000026372786731 -0.00000237706465112
0.00070769494858301 0.00000028357232756 -0.00000255592916051
0.00073354079828885 0.00000030466333776 -0.00000274602922040
0.00076003705105043 0.00000032707034464 -0.00000294799077561
0.00078720007406556 0.00000035086648309 -0.00000316247301318
0.00081504664640769 0.00000037612876783 -0.00000339017009024
0.00084359396939061 0.00000040293829499 -0.00000363181295079
0.00087285967719401 0.00000043138045405 -0.00000388817123594
0.00090286184775643 0.00000046154515067 -0.00000416005529239
0.00093361901394232 0.00000049352704099 -0.00000444831828418
0.00096515017499008 0.00000052742577797 -0.00000475385841296
0.00099747480824826 0.00000056334627039 -0.00000507762125246
0.00103061288120706 0.00000060139895514 -0.00000542060220280
0.00106458486383255 0.00000064170008354 -0.00000578384907097
0.00109941174121137 0.00000068437202236 -0.00000616846478380
0.00113511502651358 0.00000072954357022 -0.00000657561024029
0.00117171677428171 0.00000077735029036 -0.00000700650731033
0.00120923959405423 0.00000082793486039 -0.00000746244198742
0.00124770666433187 0.00000088144744005 -0.00000794476770313
0.00128714174689537 0.00000093804605781 -0.00000845490881166
0.00132756920148356 0.00000099789701732 -0.00000899436425322
0.00136901400084080 0.00000106117532471 -0.00000956471140529
0.00141150174614306 0.00000112806513781 -0.00001016761013135
0.00145505868281224 0.00000119876023838 -0.00001080480703734
0.00149971171672838 0.00000127346452856 -0.00001147813994629
0.00154548843084995 0.00000135239255284 -0.00001218954260228
0.00159241710225229 0.00000143577004667 -0.00001294104961563
0.00164052671959486 0.00000152383451326 -0.00001373480166143
0.00168984700102802 0.00000161683582992 -0.00001457305094443
0.00174040841255050 0.00000171503688548 -0.00001545816694403
0.00179224218682874 0.00000181871425033 -0.00001639264245339
0.00184538034248986 0.00000192815888081 -0.00001737909992802
0.00189985570390012 0.00000204367685967 -0.00001842029815940
0.00195570192144113 0.00000216559017441 -0.00001951913929036
0.00201295349229625 0.00000229423753558 -0.00002067867618965
0.00207164578176010 0.00000242997523681 -0.00002190212020397
0.00213181504508436 0.00000257317805902 -0.00002319284930693
0.00219349844987322 0.00000272424022082 -0.00002455441666493
0.00225673409904250 0.00000288357637758 -0.00002599055964150
0.00232156105435645 0.00000305162267161 -0.00002750520926232
0.00238801936055692 0.00000322883783609 -0.00002910250016456
0.00245615007009965 0.00000341570435549 -0.00003078678105511
0.00252599526851315 0.00000361272968532 -0.00003256262570384
0.00259759810039561 0.00000382044753426 -0.00003443484449913
0.00267100279606609 0.00000403941921196 -0.00003640849659428
0.00274625469888639 0.00000427023504564 -0.00003848890267512
0.00282340029327037 0.00000451351586919 -0.00004068165838042
0.00290248723339825 0.00000476991458847 -0.00004299264840834
0.00298356437265341 0.00000504011782650 -0.00004542806134415
0.00306668179379993 0.00000532484765287 -0.00004799440524576
0.00315189083991967 0.00000562486340153 -0.00005069852402589
0.00323924414612772 0.00000594096358143 -0.00005354761467143
0.00332879567208605 0.00000627398788491 -0.00005654924534281
0.00342060073533537 0.00000662481929863 -0.00005971137439806
0.00351471604546568 0.00000699438632243 -0.00006304237038896
0.00361119973914681 0.00000738366530156 -0.00006655103307866
0.00371011141604046 0.00000779368287804 -0.00007024661553297
0.00381151217561593 0.00000822551856725 -0.00007413884734007
0.00391546465489233 0.00000868030746619 -0.00007823795901605
0.00402203306713060 0.00000915924310006 -0.00008255470765690
0.00413128324149909 0.00000966358041415 -0.00008710040390036
0.00424328266373747 0.00001019463891870 -0.00009188694026456
0.00435810051784378 0.00001075380599417 -0.00009692682093337
0.00447580772881061 0.00001134254036546 -0.00010223319306243
0.00459647700643676 0.00001196237575339 -0.00010781987968334
0.00472018289024125 0.00001261492471272 -0.00011370141428718
0.00484700179550780 0.00001330188266606 -0.00011989307717336
0.00497701206048777 0.00001402503214372 -0.00012641093365329
0.00511029399479115 0.00001478624723998 -0.00013327187420374
0.00524692992899518 0.00001558749829682 -0.00014049365666892
0.00538700426550136 0.00001643085682675 -0.00014809495061582
0.00553060353067233 0.00001731850068680 -0.00015609538395235
0.00567781642828068 0.00001825271951661 -0.00016451559192354
0.00582873389430284 0.00001923592045400 -0.00017337726860697
0.00598344915309181 0.00002027063414212 -0.00018270322103445
0.00614205777496347 0.00002135952104321 -0.00019251742607391
0.00630465773523204 0.00002250537807433 -0.00020284509021176
0.00647134947473111 0.00002371114558174 -0.00021371271238348
0.00664223596185777 0.00002497991467093 -0.00022514815000743
0.00681742275617789 0.00002631493491057 -0.00023718068838493
0.00699701807363218 0.00002771962242941 -0.00024984111363786
0.00718113285338304 0.00002919756842608 -0.00026316178936361
0.00736988082634361 0.00003075254811284 -0.00027717673719651
0.00756337858543135 0.00003238853011538 -0.00029192172147438
0.00776174565758951 0.00003410968635193 -0.00030743433821876
0.00796510457762103 0.00003592040241597 -0.00032375410864823
0.00817358096388041 0.00003782528848828 -0.00034092257745510
0.00838730359587034 0.00003982919080523 -0.00035898341608746
0.00860640449379111 0.00004193720371156 -0.00037798253129093
0.00883101900009173 0.00004415468232753 -0.00039796817917717
0.00906128586307333 0.00004648725586150 -0.00041899108509980
0.00929734732259646 0.00004894084160094 -0.00044110456963247
0.00953934919794507 0.00005152165961631 -0.00046436468095888
0.00978744097790165 0.00005423624821401 -0.00048883033399999
0.01004177591308910 0.00005709148017658 -0.00051456345662013
0.01030251111063623 0.00006009457983013 -0.00054162914327104
0.01056980763122566 0.00006325314098097 -0.00057009581645097
0.01084383058858378 0.00006657514576575 -0.00060003539637460
0.01112474925147435 0.00007006898446141 -0.00063152347927012
0.01141273714825885 0.00007374347630378 -0.00066463952474020
0.01170797217408787 0.00007760789136595 -0.00069946705264563
0.01201063670079016 0.00008167197355036 -0.00073609384999372
0.01232091768952680 0.00008594596475101 -0.00077461218833754
0.01263900680628044 0.00009044063024531 -0.00081511905221737
0.01296510054025069 0.00009516728537780 -0.00085771637920248
0.01329940032522892 0.00010013782360151 -0.00090251131211952
0.01364211266402747 0.00010536474594552 -0.00094961646408267
0.01399344925603997 0.00011086119198133 -0.00099915019697153
0.01435362712801185 0.00011664097236371 -0.00105123691403553
0.01472286876810145 0.00012271860302612 -0.00110600736733677
0.01510140226331490 0.00012910934111419 -0.00116359898077872
0.01548946144039943 0.00013582922274554 -0.00122415618950600
0.01588728601028222 0.00014289510268825 -0.00128783079649901
0.01629512171614406 0.00015032469605500 -0.00135478234722767
0.01671322048521913 0.00015813662211505 -0.00142517852327201
0.01714184058441495 0.00016635045033086 -0.00149919555586248
0.01758124677984827 0.00017498674873201 -0.00157701866033824
0.01803171050039576 0.00018406713474429 -0.00165884249257294
0.01849351000536036 0.00019361432859812 -0.00174487162846849
0.01896693055635693 0.00020365220944620 -0.00183532106766989
0.01945226459352329 0.00021420587432731 -0.00193041676271289
0.01994981191616558 0.00022530170011949 -0.00203039617487498
0.02045987986794964 0.00023696740863338 -0.00213550885806022
0.02098278352675240 0.00024923213500363 -0.00224601707211580
0.02151884589929111 0.00026212649954456 -0.00236219642704591
0.02206839812065011 0.00027568268324394 -0.00248433655965617
0.02263177965882894 0.00028993450707796 -0.00261274184424028
0.02320933852443741 0.00030491751533911 -0.00274773213899685
0.02380143148566798 0.00032066906317819 -0.00288964356994181
0.02440842428867771 0.00033722840857179 -0.00303882935417181
0.02503069188351596 0.00035463680893692 -0.00319566066442078
0.02566861865573760 0.00037293762262500 -0.00336052753693846
0.02632259866384477 0.00039217641553942 -0.00353383982482546
0.02699303588270355 0.00041240107313233 -0.00371602819905427
0.02768034445308640 0.00043366191804882 -0.00390754519950529
0.02838494893749406 0.00045601183370015 -0.00410886633846912
0.02910728458241535 0.00047950639406086 -0.00432049125916899
0.02984779758718633 0.00050420399999875 -0.00454294495197265
0.03060694537961556 0.00053016602246267 -0.00477677903110303
0.03138519689854526 0.00055745695286735 -0.00502257307476580
0.03218303288352287 0.00058614456103132 -0.00528093603174769
0.03300094617176236 0.00061630006104188 -0.00555250769769676
0.03383944200257849 0.00064799828543720 -0.00583796026440924
0.03469903832948169 0.00068131786811520 -0.00613799994561007
0.03558026614012720 0.00071634143639897 -0.00645336868288444
0.03648366978431528 0.00075315581270658 -0.00678484593553647
0.03740980731024578 0.00079185222629580 -0.00713325055834770
0.03835925080923396 0.00083252653557690 -0.00749944277138085
0.03933258676910150 0.00087527946150633 -0.00788432622610474
0.04033041643646027 0.00092021683260167 -0.00828885017235126
0.04135335618811271 0.00096744984214124 -0.00871401173077694
0.04240203791179861 0.00101709531813553 -0.00916085827565378
0.04347710939652324 0.00106927600668887 -0.00963048993308930
0.04457923473270795 0.00112412086939381 -0.01012406219990614
0.04570909472241026 0.00118176539542850 -0.01064278868860634
0.04686738729986726 0.00124235192906334 -0.01118794400414805
0.04805482796262192 0.00130603001330629 -0.01176086675834400
0.04927215021349814 0.00137295675045146 -0.01236296272796167
0.05052010601369838 0.00144329718033336 -0.01299570816288971
0.05179946624730336 0.00151722467711231 -0.01366065325077782
0.05311102119746032 0.00159492136546136 -0.01435942574492591
0.05445558103455493 0.00167657855706032 -0.01509373476239724
0.05583397631666756 0.00176239720832903 -0.01586537475937224
0.05724705850262371 0.00185258840038647 -0.01667622969122734
0.05869570047795467 0.00194737384225029 -0.01752827736484879
0.06018079709409436 0.00204698639832714 -0.01842359399081417
0.06170326572114475 0.00215167064130441 -0.01936435894357954
0.06326404681455111 0.00226168343157200 -0.02035285973759782
0.06486410449603795 0.00237729452435425 -0.02139149722760819
0.06650442714916396 0.00249878720578966 -0.02248279104171188
0.06818602802986343 0.00262645895920526 -0.02362938525543013
0.06990994589235242 0.00276062216290642 -0.02483405431552137
0.07167724563078517 0.00290160482084055 -0.02609970922231807
0.07348901893705817 0.00304975132750653 -0.02742940397888655
0.07534638497516680 0.00320542326857362 -0.02882634231610719
0.07725049107253269 0.00336900025867714 -0.03029388470209252
0.07920251342872818 0.00354088081789277 -0.03183555564415390
0.08120365784203479 0.00372148328848588 -0.03345505129225225
0.08325516045428624 0.00391124679349258 -0.03515624735138157
0.08535828851445464 0.00411063223876842 -0.03694320731073490
0.08751434116145264 0.00432012336019745 -0.03882019099748834
0.08972465022663369 0.00454022781768967 -0.04079166346104156
0.09199058105648784 0.00477147833772499 -0.04286230419462658
0.09431353335604026 0.00501443390617021 -0.04503701669963645
0.09669494205347298 0.00526968101305074 -0.04732093839620895
0.09913627818650540 0.00553783495111139 -0.04971945088488532
0.10163904981108016 0.00581954116984222 -0.05223819056042930
0.10420480293291505 0.00611547668668366 -0.05488305957825525
0.10683512246249820 0.00642635155721312 -0.05766023717399408
0.10953163319411467 0.00675291040584952 -0.06057619133113544
0.11229600080951070 0.00709593401877212 -0.06363769079281090
0.11512993290681373 0.00745624100063989 -0.06685181741053778
0.11803518005534595 0.00783468949642486 -0.07022597881689480
0.12101353687698176 0.00823217897990988 -0.07376792141124681
0.12406684315471646 0.00864965210997740 -0.07748574363926922
0.12719698496913259 0.00908809665568979 -0.08138790954333988
0.13040589586346518 0.00954854749129909 -0.08548326256121748
0.13369555803798455 0.01003208866158347 -0.08978103953696998
0.13706800357443627 0.01053985551806297 -0.09429088490866240
0.14052531569129359 0.01107303692635716 -0.09902286503078968
0.14406963003059803 0.01163287754411297 -0.10398748257445468
0.14770313597718226 0.01222068016929738 -0.10919569095192738
0.15142807801109151 0.01283780815763690 -0.11465890869436246
0.15524675709403857 0.01348568790741841 -0.12038903370060738
0.15916153209074718 0.01416581141007854 -0.12639845727608498
0.16317482122606436 0.01487973886320849 -0.13270007785084223
0.16728910357874052 0.01562910134266168 -0.13930731426468179
0.17150692061279876 0.01641560352976056 -0.14623411849440743
0.17583087774744235 0.01724102648749689 -0.15349498766414346
0.18026364596646696 0.01810723048020316 -0.16110497518643646
0.18480796346817505 0.01901615782888117 -0.16907970084501520
0.18946663735680741 0.01996983579280062 -0.17743535960473727
0.19424254537654129 0.02097037946831645 -0.18618872893726329
0.19913863768912329 0.02201999469177359 -0.19535717438855174
0.20415793869623522 0.02312098093319125 -0.20495865311054309
0.20930354890772015 0.02427573416584757 -0.21501171505465799
0.21457864685682115 0.02548674969210907 -0.22553550145427437
0.21998649106361770 0.02675662490688000 -0.23654974023805847
0.22553042204786899 0.02808806197504937 -0.24807473794333146
0.23121386439251218 0.02948387039572512 -0.26013136764868350
0.23704032885908735 0.03094696942660620 -0.27274105245393532
0.24301341455639519 0.03248039033310816 -0.28592574391425013
0.24913681116372985 0.03408727842635447 -0.29970789483255966
0.25541430121005887 0.03577089485072123 -0.31411042577001336
0.26184976241055608 0.03753461807165277 -0.32915668450417507
0.26844717006193480 0.03938194501658794 -0.34487039770143557
0.27521059949805765 0.04131649181141212 -0.36127561393779323
0.28214422860734223 0.04334199404778308 -0.37839663712296084
0.28925234041351428 0.04546230651778978 -0.39625794940978609
0.29653932572130703 0.04768140233485277 -0.41488412246165962
0.30400968582873861 0.05000337135944546 -0.43429971597097933
0.31166803530764092 0.05243241784122452 -0.45452916225468293
0.31951910485416191 0.05497285717029567 -0.47559663555570203
0.32756774421099982 0.05762911163537034 -0.49752590477543074
0.33581892516317297 0.06040570506627945 -0.52034016816045492
0.34427774460917804 0.06330725622680633 -0.54406186839399329
0.35294942770943377 0.06633847082649977 -0.56871248662263940
0.36183933111395455 0.06950413198817867 -0.59431231367180826
0.37095294627124453 0.07280908901051980 -0.62088019682111673
0.38029590282046266 0.07625824425253015 -0.64843326045935390
0.38987397206894958 0.07985653793621933 -0.67698659876876222
0.39969307055726322 0.08360893067652460 -0.70655293882794612
0.40975926371392990 0.08752038351300946 -0.73714227235289820
0.42007876960216695 0.09159583520548786 -0.76876145439953547
0.43065796276088625 0.09584017656345659 -0.80141376757373062
0.44150337814235968 0.10025822153137051 -0.83509845020971740
0.45262171514897287 0.10485467476699413 -0.86981018736906068
0.46401984177156408 0.10963409543352996 -0.90553856367739571
0.47570479883189981 0.11460085689233870 -0.94226747731163196
0.48768380433191477 0.11975910201464555 -0.97997451495211851
0.49996425791239840 0.12511269378886389 -1.01863028790109600
0.51255374542388010 0.13066516090665553 -1.05819773031370823
0.52546004361254284 0.13641963803435872 -1.09863136102363801
0.53869112492405435 0.14237880043805448 -1.13987651154846525
0.55225516242828776 0.14854479268171306 -1.18186852372074291
0.56616053486796702 0.15491915111954518 -1.22453192142875067
0.58041583183436296 0.16150271991533494 -1.26777956291986582
0.59502985907323669 0.16829556039142157 -1.31151178072408681
0.61001164392429819 0.17529685352082205 -1.35561551884528808
0.62537044089755356 0.18250479545842993 -1.39996347889533634
0.64111573738997951 0.18991648607559231 -1.44441328773987521
0.65725725954604997 0.19752781055112822 -1.48880670400772575
0.67380497826574814 0.20533331419253809 -1.53296888137511633
0.69076911536376417 0.21332607077325494 -1.57670770985775732
0.70816014988369025 0.22149754487782405 -1.61981326184093355
0.72598882457110636 0.22983744885955507 -1.66205736819062366
0.74426615250956230 0.23833359529823703 -1.70319335795486504
0.76300342392355458 0.24697174609542288 -1.74295599713436000
0.78221221315269041 0.25573545951183485 -1.78106166166229540
0.80190438580136192 0.26460593699788421 -1.81720879146264136
0.82209210606833905 0.27356187180381669 -1.85107866664878129
0.84278784426080278 0.28257930183213287 -1.88233655339303119
0.86400438449747485 0.29163146986141608 -1.91063327428091467
0.88575483260558963 0.30068869425730027 -1.93560724519917526
0.90805262421659516 0.30971825437464628 -1.95688703659085794
0.93091153306557273 0.31868429516559993 -1.97409450691651278
0.95434567949951532 0.32754775575315337 -1.98684854624956042
0.97836953919971692 0.33626632827676617 -1.99476948210809057
1.00299795212364229 0.34479445282486842 -1.99748416623981906
1.02824613167184142 0.35308335549859515 -1.99463176400998066
1.05412967408552505 0.36108113769686206 -1.98587025764491298
1.08066456808063083 0.36873292361046428 -1.97088362745490175
1.10786720472434341 0.37598107542680215 -1.94938968578509608
1.13575438756013658 0.38276548471450450 -1.92114848360671853
1.16434334298760955 0.38902394809223478 -1.88597117278852910
1.19365173090354681 0.39469263759200351 -1.84372919468696428
1.22369765561073907 0.39970667231682422 -1.79436357842801741
1.25449967700131948 0.40400079962174756 -1.73789411474316546
1.28607682202154683 0.40751019300395108 -1.67442811046791507
1.31844859642507584 0.41017136861175263 -1.60416835263471702
1.35163499682199428 0.41192322493989120 -1.52741989318919558
1.38565652303109221 0.41270820292916055 -1.44459518245545415
1.42053419074295095 0.41247356004006497 -1.35621705577093676
1.45628954450169479 0.41117275072528164 -1.26291904562968149
1.49294467101344797 0.40876689305449126 -1.16544248037115050
1.53052221278966094 0.40522630000044563 -1.06462985760364814
1.56904538213380018 0.40053204392658670 -0.96141401112084635
1.60853797547998734 0.39467751009243390 -0.85680273392526329
1.64902438809246266 0.38766989193070123 -0.75185860155991635
1.69052962913498273 0.37953156333251320 -0.64767400063811720
1.73307933711940887 0.37030125549460319 -0.54534164090960791
1.77669979574305481 0.36003495603471758 -0.44592107567863282
1.82141795012460173 0.34880643411529694 -0.35040231658600379
1.86726142344856183 0.33670729172472080 -0.25966792554745904
1.91425853402859070 0.32384643164722610 -0.17445551584125696
1.96243831280022230 0.31034883522544787 -0.09532318854551106
2.01183052125377682 0.29635354288659388 -0.02262067389740556
2.06246566981854107 0.28201074563298584 0.04353044338545550
2.11437503670961435 0.26747791758655698 0.10324396517656671
2.16759068724899695 0.25291494156382555 0.15686038006500944
2.22214549367288994 0.23847824370013843 0.20491905066010685
2.27807315543747224 0.22431399170999078 0.24810908683805824
2.33540822003561610 0.21055049527700712 0.28719785534583991
2.39418610433749990 0.19729004991470664 0.32293809738632040
2.45444311646821856 0.18460053616672800 0.35595694286369928
2.51621647823593220 0.17250724223970335 0.38663326502577022
2.57954434812445133 0.16099486064157043 0.41501026711986544
2.64446584486438763 0.15004875389739164 0.44097549509547046
2.71102107159746009 0.13965757675960433 0.46441269764792353
2.77925114064893686 0.12980865335968528 0.48520603346597996
2.84919819892341808 0.12048818918759346 0.50324084557957394
2.92090545393970480 0.11168146094536456 0.51840464289426835
2.99441720052086069 0.10337298795811209 0.53058829302588439
3.06977884815588897 0.09554668310697224 0.53968742999899144
3.14703694904994746 0.08818598614109842 0.54560407729120453
3.22623922688048914 0.08127398170040522 0.54824848618644129
3.30743460627699770 0.07479350082133453 0.54754118854535438
3.39067324304256434 0.06872721118985878 0.54341526342519719
3.47600655513604151 0.06305769618650588 0.53581881798245068
3.56348725443379166 0.05776752437138166 0.52471768380837813
3.65316937929071806 0.05283931397192551 0.51009833118938019
3.74510832792074400 0.04825579094750591 0.49197100107907810
3.83936089261720204 0.04399984433894449 0.47037305113100952
3.93598529483447246 0.04005458006510098 0.44537250238378984
4.03504122115237340 0.03640337160571781 0.41707175788554479
4.13658986014558039 0.03302991075492469 0.38561144419430987
4.24069394018092005 0.02991825599753831 0.35117429764092040
4.34741776816575598 0.02705287814480740 0.31398898483193860
4.45682726927146344 0.02441870411611584 0.27433370638324694
4.56899002765660445 0.02200115523931793 0.23253939438963103
4.68397532821482443 0.01978618130238750 0.18899227047673151
4.80185419937330771 0.01776028904551419 0.14413549110286938
4.92269945696833222 0.01591056315509891 0.09846958323308914
5.04658574922485403 0.01422468163418254 0.05255133655503543
5.17358960286799618 0.01269092351610835 0.00699082634211335
5.30378947039498971 0.01129816975606929 -0.03755375257948623
5.43726577853663340 0.01003589865870509 -0.08038374970843885
5.57410097793824999 0.00889417474518115 -0.12077043427214722
5.71437959409096319 0.00786363370522323 -0.15796827302293626
5.85818827954448906 0.00693546378371451 -0.19123118294144745
6.00561586743399545 0.00610138416981921 -0.21983169241546241
6.15675342635385281 0.00535362279934453 -0.24308289695020158
6.31169431661226454 0.00468489316778028 -0.26036284784743841
6.47053424790161991 0.00408837160027925 -0.27114091956742653
6.63337133842000792 0.00355767582493626 -0.27500553951366208
6.80030617548051186 0.00308684419733892 -0.27169235769904215
6.97144187764581069 0.00267031679131761 -0.26111187694216276
7.14688415842628810 0.00230291771836513 -0.24337521543143709
7.32674139158106996 0.00197983839010437 -0.21881646358401988
7.51112467806246364 0.00169662215641845 -0.18800995892503503
7.70014791464491921 0.00144914924516964 -0.15178046157792013
7.89392786428101179 0.00123362224956375 -0.11120421066941617
8.09258422822803780 0.00104655195131737 -0.06759872010790603
8.29623971998953458 0.00088474283755238 -0.02249927293469528
8.50502014111750348 0.00074527879167314 0.02237963988169609
8.71905445892231157 0.00062550848510125 0.06519923932741797
8.93847488613801389 0.00052303050073339 0.10406819380249563
9.16341696259241445 0.00043567850295925 0.13713073858229194
9.39401963893249281 0.00036150610318095 0.16266911451238941
9.63042536245651881 0.00029877182833562 0.17921680888408148
9.87278016510634870 0.00024592422473710 0.18567711931081715
10.12123375367385592 0.00020158704176614 0.18143922039319504
10.37593960227737711 0.00016454487821184 0.16648240243517881
10.63705504716545391 0.00013372917439076 0.14145684975683359
10.90474138390613312 0.00010820471587046 0.10772846233249697
11.17916396702200110 0.00008715681246313 0.06737510211431050
11.46049231213266140 0.00006987905408645 0.02312243510284620
11.74890020066744611 0.00005576184342947 -0.02178902417381153
12.04456578721316795 0.00004428168114281 -0.06380947648575522
12.34767170956344451 0.00003499118932772 -0.09935417457314856
12.65840520153719595 0.00002750997171037 -0.12513382479830809
12.97695820863616412 0.00002151622005502 -0.13851706039992409
13.30352750661313799 0.00001673909419963 -0.13788983877789254
13.63831482302371079 0.00001295186334040 -0.12296692725473779
13.98152696183683652 0.00000996573121881 -0.09500253022554025
14.33337593118140774 0.00000762435657591 -0.05684757516611548
14.69407907430720606 0.00000579900050195 -0.01280718529702204
15.06385920384176380 0.00000438425431664 0.03172986110569979
15.44294473942557566 0.00000329432166831 0.07088880550681798
15.83156984881077634 0.00000245978423773 0.09909382087976423
16.22997459251084607 0.00000182481870026 0.11195407953168682
16.63840507209008024 0.00000134481770332 0.10712114896398960
17.05711358218473350 0.00000098436258243 0.08495184112810177
17.48635876635000130 0.00000071551673882 0.04880311571751256
17.92640577682857028 0.00000051639340591 0.00480829183662023
18.37752643833969302 0.00000036996309881 -0.03894529532697123
18.83999941599024197 0.00000026307034517 -0.07380333916676700
19.31411038741092412 0.00000018562554054 -0.09231628721802489
19.80015221922424828 0.00000012994813135 -0.09006382304133319
20.29842514795351960 0.00000009023629843 -0.06708785092992987
20.80923696548412138 0.00000006214139047 -0.02845945978720707
21.33290320919179095 0.00000004243035074 0.01638364785202880
21.86974735685584292 0.00000002871928351 0.05563963330223425
22.42010102647672909 0.00000001926522319 0.07820373826657190
22.98430418112253548 0.00000001280496987 0.07708091725428311
23.56270533892998742 0.00000000843110813 0.05210510138559780
24.15566178839007350 0.00000000549777494 0.01086099930863465
24.76353980905160768 0.00000000354959154 -0.03295762909227436
25.38671489777839696 0.00000000226855029 -0.06374526548958293
26.02557200070006616 0.00000000143477601 -0.06968215031433640
26.68050575100026833 0.00000000089777980 -0.04792519777390520
27.35192071268835790 0.00000000055563007 -0.00691312709239201
28.04023163050550949 0.00000000034002517 0.03594153501751422
28.74586368612003895 0.00000000020569348 0.06116624255519144
29.46925276076943234 0.00000000012296617 0.05637697430939494
30.21084570451161966 0.00000000007262340 0.02341288148474676
30.97110061225237487 0.00000000004236013 -0.02091835553665584
31.75048710671836716 0.00000000002439445 -0.05238619577326727
32.54948662855117902 0.00000000001386554 -0.05257913582471774
33.36859273370187395 0.00000000000777586 -0.02084551839311539
34.20831139830903567 0.00000000000430110 0.02318835743611851
35.06916133124878598 0.00000000000234572 0.05040804214096142
35.95167429455081276 0.00000000000126091 0.04156233030261890
36.85639543187652123 0.00000000000066779 0.00257211038738017
37.78388360526425060 0.00000000000034833 -0.03715258231088827
38.73471174034789044 0.00000000000017888 -0.04577318632816042
39.70946718026289091 0.00000000000009040 -0.01563888330292286
40.70875204845873441 0.00000000000004494 0.02726098907578337
41.73318362064090081 0.00000000000002197 0.04362569691428126
42.78339470607265582 0.00000000000001056 0.01740884053351924
43.86003403847279003 0.00000000000000498 -0.02544542478514721
44.96376667674953609 0.00000000000000231 -0.03998834380924354
46.09527441581886364 0.00000000000000105 -0.00996450876143820
47.25525620776151925 0.00000000000000047 0.03044155945888522
48.44442859357776143 0.00000000000000021 0.03274316791591918
49.66352614580691238 0.00000000000000009 -0.00617430774515196
50.91330192228619467 0.00000000000000004 -0.03550004772145661
52.19452793132744972 0.00000000000000002 -0.01508006100943741
53.50799560859982762 0.00000000000000001 0.02605840520792065
54.85451630601411210 0.00000000000000000 0.02670027649097343
56.23492179290818882 0.00000000000000000 -0.01414220956688794
57.65006476984611083 0.00000000000000000 -0.03034780412158831
59.10081939534592266 0.00000000000000000 0.00529753475183584
60.58808182586222557 0.00000000000000000 0.03003366202180437
62.11277076935834884 0.00000000000000000 -0.00119183783655025
63.67582805280798652 0.00000000000000000 -0.02865643557773455
65.27821920397775557 0.00000000000000000 0.00175137441719541
66.92093404785131838 0.00000000000000000 0.02701729195937565
68.60498731806112005 0.00000000000000000 -0.00648570071197729
70.33141928370677931 0.00000000000000000 -0.02384976156760914
72.10129639194813933 0.00000000000000000 0.01427008624899867
73.91571192676798319 0.00000000000000000 0.01636623789750509
75.77578668431220876 0.00000000000000000 -0.02173468772843978
77.68266966522593009 0.00000000000000000 -0.00237719860503113
