0.00000000000000000 0.38440175183890718 -1.35959671499745061
0.00000803691858821 0.38440175183846720 -1.35959671509922475
0.00001627608382214 0.38440175183710301 -1.35959671541502125
0.00002472258517794 0.38440175183474473 -1.35959671596094456
0.00003338164020696 0.38440175183131831 -1.35959671675410854
0.00004225859775861 0.38440175182674557 -1.35959671781263625
0.00005135894128453 0.38440175182094366 -1.35959671915570968
0.00006068829222575 0.38440175181382480 -1.35959672080363503
0.00007025241348520 0.38440175180529618 -1.35959672277789712
0.00008005721298752 0.38440175179525971 -1.35959672510122487
0.00009010874732849 0.38440175178361141 -1.35959672779766039
0.00010041322551633 0.38440175177024144 -1.35959673089262800
0.00011097701280709 0.38440175175503372 -1.35959673441300777
0.00012180663463655 0.38440175173786556 -1.35959673838721762
0.00013290878065115 0.38440175171860713 -1.35959674284529020
0.00014429030884027 0.38440175169712137 -1.35959674781896478
0.00015595824977253 0.38440175167326351 -1.35959675334177477
0.00016791981093872 0.38440175164688034 -1.35959675944914760
0.00018018238120394 0.38440175161781021 -1.35959676617849912
0.00019275353537190 0.38440175158588247 -1.35959677356934860
0.00020564103886395 0.38440175155091688 -1.35959678166342202
0.00021885285251595 0.38440175151272327 -1.35959679050477855
0.00023239713749579 0.38440175147110039 -1.35959680013992346
0.00024628226034473 0.38440175142583649 -1.35959681061794835
0.00026051679814551 0.38440175137670757 -1.35959682199066245
0.00027510954382059 0.38440175132347754 -1.35959683431273892
0.00029006951156369 0.38440175126589698 -1.35959684764186539
0.00030540594240800 0.38440175120370335 -1.35959686203890229
0.00032112830993456 0.38440175113661906 -1.35959687756805292
0.00033724632612421 0.38440175106435159 -1.35959689429703934
0.00035376994735689 0.38440175098659235 -1.35959691229728508
0.00037070938056186 0.38440175090301615 -1.35959693164411499
0.00038807508952269 0.38440175081327976 -1.35959695241695444
0.00040587780134090 0.38440175071702115 -1.35959697469955199
0.00042412851306234 0.38440175061385928 -1.35959699858020100
0.00044283849847019 0.38440175050339181 -1.35959702415197858
0.00046201931504903 0.38440175038519514 -1.35959705151300203
0.00048168281112405 0.38440175025882234 -1.35959708076668595
0.00050184113318000 0.38440175012380234 -1.35959711202202360
0.00052250673336427 0.38440174997963938 -1.35959714539387910
0.00054369237717882 0.38440174982581055 -1.35959718100329474
0.00056541115136561 0.38440174966176455 -1.35959721897781094
0.00058767647199056 0.38440174948692107 -1.35959725945180843
0.00061050209273086 0.38440174930066839 -1.35959730256686595
0.00063390211337086 0.38440174910236236 -1.35959734847213398
0.00065789098851174 0.38440174889132417 -1.35959739732472951
0.00068248353650041 0.38440174866683879 -1.35959744929015436
0.00070769494858301 0.38440174842815328 -1.35959750454272665
0.00073354079828885 0.38440174817447448 -1.35959756326604553
0.00076003705105043 0.38440174790496706 -1.35959762565347053
0.00078720007406556 0.38440174761875145 -1.35959769190862811
0.00081504664640769 0.38440174731490129 -1.35959776224595053
0.00084359396939061 0.38440174699244123 -1.35959783689123159
0.00087285967719401 0.38440174665034388 -1.35959791608222047
0.00090286184775643 0.38440174628752827 -1.35959800006923870
0.00093361901394232 0.38440174590285570 -1.35959808911583635
0.00096515017499008 0.38440174549512768 -1.35959818349947503
0.00099747480824826 0.38440174506308211 -1.35959828351224910
0.00103061288120706 0.38440174460539100 -1.35959838946164813
0.00106458486383255 0.38440174412065581 -1.35959850167134610
0.00109941174121137 0.38440174360740492 -1.35959862048204938
0.00113511502651358 0.38440174306408892 -1.35959874625236621
0.00117171677428171 0.38440174248907760 -1.35959887935974510
0.00120923959405423 0.38440174188065440 -1.35959902020143919
0.00124770666433187 0.38440174123701365 -1.35959916919553669
0.00128714174689537 0.38440174055625442 -1.35959932678203232
0.00132756920148356 0.38440173983637627 -1.35959949342396191
0.00136901400084080 0.38440173907527442 -1.35959966960859147
0.00141150174614306 0.38440173827073360 -1.35959985584866860
0.00145505868281224 0.38440173742042311 -1.35960005268373596
0.00149971171672838 0.38440173652189058 -1.35960026068151385
0.00154548843084995 0.38440173557255519 -1.35960048043935400
0.00159241710225229 0.38440173456970189 -1.35960071258576720
0.00164052671959486 0.38440173351047402 -1.35960095778202872
0.00168984700102802 0.38440173239186598 -1.35960121672386780
0.00174040841255050 0.38440173121071564 -1.35960149014323872
0.00179224218682874 0.38440172996369670 -1.35960177881019217
0.00184538034248986 0.38440172864730893 -1.35960208353483014
0.00189985570390012 0.38440172725787125 -1.35960240516937314
0.00195570192144113 0.38440172579151044 -1.35960274461032449
0.00201295349229625 0.38440172424415253 -1.35960310280074870
0.00207164578176010 0.38440172261151184 -1.35960348073266557
0.00213181504508436 0.38440172088908042 -1.35960387944956951
0.00219349844987322 0.38440171907211668 -1.35960430004907384
0.00225673409904250 0.38440171715563271 -1.35960474368569595
0.00232156105435645 0.38440171513438259 -1.35960521157377623
0.00238801936055692 0.38440171300284864 -1.35960570499055389
0.00245615007009965 0.38440171075522717 -1.35960622527940078
0.00252599526851315 0.38440170838541432 -1.35960677385321160
0.00259759810039561 0.38440170588699041 -1.35960735219797901
0.00267100279606609 0.38440170325320361 -1.35960796187654354
0.00274625469888639 0.38440170047695332 -1.35960860453253995
0.00282340029327037 0.38440169755077164 -1.35960928189454000
0.00290248723339825 0.38440169446680511 -1.35960999578041131
0.00298356437265341 0.38440169121679441 -1.35961074810190308
0.00306668179379993 0.38440168779205403 -1.35961154086945313
0.00315189083991967 0.38440168418345017 -1.35961237619725339
0.00323924414612772 0.38440168038137762 -1.35961325630857255
0.00332879567208605 0.38440167637573580 -1.35961418354134178
0.00342060073533537 0.38440167215590332 -1.35961516035403585
0.00351471604546568 0.38440166771071121 -1.35961618933184969
0.00361119973914681 0.38440166302841483 -1.35961727319319214
0.00371011141604046 0.38440165809666493 -1.35961841479651335
0.00381151217561593 0.38440165290247535 -1.35961961714747281
0.00391546465489233 0.38440164743219180 -1.35962088340648624
0.00402203306713060 0.38440164167145702 -1.35962221689664720
0.00413128324149909 0.38440163560517443 -1.35962362111205715
0.00424328266373747 0.38440162921747112 -1.35962509972658596
0.00435810051784378 0.38440162249165732 -1.35962665660306614
0.00447580772881061 0.38440161541018475 -1.35962829580297528
0.00459647700643676 0.38440160795460315 -1.35963002159659618
0.00472018289024125 0.38440160010551350 -1.35963183847370406
0.00484700179550780 0.38440159184251971 -1.35963375115479734
0.00497701206048777 0.38440158314417749 -1.35963576460290625
0.00511029399479115 0.38440157398794078 -1.35963788403599328
0.00524692992899518 0.38440156435010570 -1.35964011493999926
0.00538700426550136 0.38440155420575040 -1.35964246308254588
0.00553060353067233 0.38440154352867367 -1.35964493452734270
0.00567781642828068 0.38440153229132895 -1.35964753564932805
0.00582873389430284 0.38440152046475579 -1.35965027315058062
0.00598344915309181 0.38440150801850742 -1.35965315407704535
0.00614205777496347 0.38440149492057452 -1.35965618583611025
0.00630465773523204 0.38440148113730543 -1.35965937621508637
0.00647134947473111 0.38440146663332264 -1.35966273340061705
0.00664223596185777 0.38440145137143361 -1.35966626599909413
0.00681742275617789 0.38440143531253851 -1.35966998305810072
0.00699701807363218 0.38440141841553283 -1.35967389408895567
0.00718113285338304 0.38440140063720435 -1.35967800909040815
0.00736988082634361 0.38440138193212586 -1.35968233857353460
0.00756337858543135 0.38440136225254168 -1.35968689358791117
0.00776174565758951 0.38440134154824851 -1.35969168574911370
0.00796510457762103 0.38440131976647046 -1.35969672726763058
0.00817358096388041 0.38440129685172780 -1.35970203097923581
0.00838730359587034 0.38440127274569796 -1.35970761037692345
0.00860640449379111 0.38440124738707093 -1.35971347964445610
0.00883101900009173 0.38440122071139637 -1.35971965369163583
0.00906128586307333 0.38440119265092282 -1.35972614819136473
0.00929734732259646 0.38440116313442918 -1.35973297961859618
0.00953934919794507 0.38440113208704740 -1.35974016529126751
0.00978744097790165 0.38440109943007594 -1.35974772341332528
0.01004177591308910 0.38440106508078398 -1.35975567311993117
0.01030251111063623 0.38440102895220507 -1.35976403452498285
0.01056980763122566 0.38440099095292130 -1.35977282877104200
0.01084383058858378 0.38440095098683541 -1.35978207808181417
0.01112474925147435 0.38440090895293100 -1.35979180581729731
0.01141273714825885 0.38440086474502233 -1.35980203653173626
0.01170797217408787 0.38440081825148931 -1.35981279603452565
0.01201063670079016 0.38440076935499945 -1.35982411145422377
0.01232091768952680 0.38440071793221714 -1.35983601130580345
0.01263900680628044 0.38440066385349497 -1.35984852556134572
0.01296510054025069 0.38440060698255279 -1.35986168572431532
0.01329940032522892 0.38440054717613725 -1.35987552490761998
0.01364211266402747 0.38440048428366658 -1.35989007791563732
0.01399344925603997 0.38440041814685488 -1.35990538133041583
0.01435362712801185 0.38440034859931854 -1.35992147360225268
0.01472286876810145 0.38440027546616284 -1.35993839514488268
0.01510140226331490 0.38440019856354590 -1.35995618843549448
0.01548946144039943 0.38440011769822136 -1.35997489811983807
0.01588728601028222 0.38440003266705780 -1.35999457112266664
0.01629512171614406 0.38439994325653287 -1.36001525676378754
0.01671322048521913 0.38439984924220216 -1.36003700688000739
0.01714184058441495 0.38439975038813995 -1.36005987595326383
0.01758124677984827 0.38439964644635222 -1.36008392124526334
0.01803171050039576 0.38439953715615938 -1.36010920293895077
0.01849351000536036 0.38439942224354678 -1.36013578428714843
0.01896693055635693 0.38439930142048279 -1.36016373176874028
0.01945226459352329 0.38439917438420096 -1.36019311525276732
0.01994981191616558 0.38439904081644588 -1.36022400817084077
0.02045987986794964 0.38439890038268071 -1.36025648769828988
0.02098278352675240 0.38439875273125268 -1.36029063494448121
0.02151884589929111 0.38439859749251759 -1.36032653515277913
0.02206839812065011 0.38439843427791737 -1.36036427791061221
0.02263177965882894 0.38439826267901195 -1.36040395737017783
0.02320933852443741 0.38439808226646011 -1.36044567248030179
0.02380143148566798 0.38439789258894835 -1.36048952723001038
0.02440842428867771 0.38439769317206474 -1.36053563090441498
0.02503069188351596 0.38439748351711450 -1.36058409835351402
0.02566861865573760 0.38439726309987515 -1.36063505027455212
0.02632259866384477 0.38439703136928627 -1.36068861350863202
0.02699303588270355 0.38439678774607317 -1.36074492135227332
0.02768034445308640 0.38439653162129817 -1.36080411388466316
0.02838494893749406 0.38439626235483837 -1.36086633831139081
0.02910728458241535 0.38439597927378333 -1.36093174932546934
0.02984779758718633 0.38439568167075167 -1.36100050948651274
0.03060694537961556 0.38439536880211828 -1.36107278961896072
0.03138519689854526 0.38439503988615220 -1.36114876923030326
0.03218303288352287 0.38439469410105603 -1.36122863695026930
0.03300094617176236 0.38439433058290484 -1.36131259099204249
0.03383944200257849 0.38439394842347752 -1.36140083963656400
0.03469903832948169 0.38439354666797582 -1.36149360174106593
0.03558026614012720 0.38439312431262429 -1.36159110727301647
0.03648366978431528 0.38439268030214602 -1.36169359787072697
0.03740980731024578 0.38439221352710595 -1.36180132743191540
0.03835925080923396 0.38439172282111694 -1.36191456273158451
0.03933258676910150 0.38439120695789775 -1.36203358407063968
0.04033041643646027 0.38439066464817989 -1.36215868595674117
0.04135335618811271 0.38439009453645057 -1.36229017781893047
0.04240203791179861 0.38438949519752585 -1.36242838475767436
0.04347710939652324 0.38438886513294335 -1.36257364833200256
0.04457923473270795 0.38438820276716612 -1.36272632738554300
0.04570909472241026 0.38438750644358610 -1.36288679891327313
0.04686738729986726 0.38438677442031699 -1.36305545897094738
0.04805482796262192 0.38438600486576552 -1.36323272362920012
0.04927215021349814 0.38438519585396763 -1.36341902997442976
0.05052010601369838 0.38438434535967786 -1.36361483715866849
0.05179946624730336 0.38438345125319867 -1.36382062750069455
0.05311102119746032 0.38438251129493395 -1.36403690764079255
0.05445558103455493 0.38438152312965251 -1.36426420975161866
0.05583397631666756 0.38438048428044547 -1.36450309280774329
0.05724705850262371 0.38437939214236017 -1.36475414391655669
0.05869570047795467 0.38437824397569215 -1.36501797971330618
0.06018079709409436 0.38437703689891672 -1.36529524782314571
0.06170326572114475 0.38437576788123995 -1.36558662839319722
0.06326404681455111 0.38437443373474628 -1.36589283569771891
0.06486410449603795 0.38437303110612103 -1.36621461981957149
0.06650442714916396 0.38437155646792281 -1.36655276841132922
0.06818602802986343 0.38437000610938060 -1.36690810853943812
0.06990994589235242 0.38436837612668723 -1.36728150861494968
0.07167724563078517 0.38436666241276085 -1.36767388041452476
0.07348901893705817 0.38436486064644271 -1.36808618119536551
0.07534638497516680 0.38436296628109906 -1.36851941590803272
0.07725049107253269 0.38436097453259038 -1.36897463951103227
0.07920251342872818 0.38435888036657240 -1.36945295939119505
0.08120365784203479 0.38435667848508803 -1.36995553789409796
0.08325516045428624 0.38435436331240730 -1.37048359496861338
0.08535828851445464 0.38435192898007042 -1.37103841092990808
0.08751434116145264 0.38434936931108610 -1.37162132934534742
0.08972465022663369 0.38434667780323117 -1.37223376004750719
0.09199058105648784 0.38434384761139961 -1.37287718227886169
0.09431353335604026 0.38434087152893881 -1.37355314797260863
0.09669494205347298 0.38433774196791159 -1.37426328517386254
0.09913627818650540 0.38433445093821594 -1.37500930160591150
0.10163904981108016 0.38433099002549043 -1.37579298838567010
0.10420480293291505 0.38432735036772669 -1.37661622389255056
0.10683512246249820 0.38432352263050773 -1.37748097779518086
0.10953163319411467 0.38431949698078072 -1.37838931523952479
0.11229600080951070 0.38431526305907171 -1.37934340120239440
0.11512993290681373 0.38431080995003525 -1.38034550501393993
0.11803518005534595 0.38430612615123422 -1.38139800505181642
0.12101353687698176 0.38430119954002534 -1.38250339361035257
0.12406684315471646 0.38429601733842883 -1.38366428194669688
0.12719698496913259 0.38429056607583972 -1.38488340550544708
0.13040589586346518 0.38428483154943816 -1.38616362932358350
0.13369555803798455 0.38427879878213528 -1.38750795361520018
0.13706800357443627 0.38427245197788590 -1.38891951953586568
0.14052531569129359 0.38426577447418386 -1.39040161512548432
0.14406963003059803 0.38425874869153614 -1.39195768142584697
0.14770313597718226 0.38425135607970706 -1.39359131877003928
0.15142807801109151 0.38424357706049511 -1.39530629323767963
0.15524675709403857 0.38423539096679016 -1.39710654326803740
0.15916153209074718 0.38422677597764676 -1.39899618642360291
0.16317482122606436 0.38421770904907032 -1.40097952629096234
0.16728910357874052 0.38420816584020195 -1.40306105950587368
0.17150692061279876 0.38419812063456249 -1.40524548288706197
0.17583087774744235 0.38418754625597218 -1.40753770065661654
0.18026364596646696 0.38417641397874891 -1.40994283172640222
0.18480796346817505 0.38416469343174969 -1.41246621702259700
0.18946663735680741 0.38415235249576396 -1.41511342681530361
0.19424254537654129 0.38413935719376591 -1.41789026802093643
0.19913863768912329 0.38412567157344474 -1.42080279143211774
0.20415793869623522 0.38411125758141279 -1.42385729882887624
0.20930354890772015 0.38409607492844006 -1.42706034991968655
0.21457864685682115 0.38408008094497276 -1.43041876904556631
0.21998649106361770 0.38406323042618140 -1.43393965158316172
0.22553042204786899 0.38404547546567985 -1.43763036996663285
0.23121386439251218 0.38402676527697477 -1.44149857923627667
0.23704032885908735 0.38400704600168067 -1.44555222202295064
0.24301341455639519 0.38398626050336887 -1.44979953284916174
0.24913681116372985 0.38396434814587516 -1.45424904162525803
0.25541430121005887 0.38394124455479789 -1.45890957620740958
0.26184976241055608 0.38391688136072144 -1.46379026385152167
0.26844717006193480 0.38389118592268956 -1.46890053140268173
0.27521059949805765 0.38386408103023767 -1.47425010402538970
0.28214422860734223 0.38383548458212641 -1.47984900225565896
0.28925234041351428 0.38380530923988626 -1.48570753715794068
0.29653932572130703 0.38377346205392782 -1.49183630331174144
0.30400968582873861 0.38373984405990313 -1.49824616934924215
0.31166803530764092 0.38370434984281804 -1.50494826574045004
0.31951910485416191 0.38366686706599040 -1.51195396945824667
0.32756774421099982 0.38362727596195345 -1.51927488516869635
0.33581892516317297 0.38358544878195694 -1.52692282252229505
0.34427774460917804 0.38354124920040622 -1.53490976907928922
0.35294942770943377 0.38349453167051628 -1.54324785840656076
0.36183933111395455 0.38344514072675057 -1.55194933277202818
0.37095294627124453 0.38339291022951238 -1.56102649986438924
0.38029590282046266 0.38333766254717005 -1.57049168291730901
0.38987397206894958 0.38327920766973050 -1.58035716350468869
0.39969307055726322 0.38321734224851356 -1.59063511630737442
0.40975926371392990 0.38315184855528345 -1.60133753502269216
0.42007876960216695 0.38308249335375566 -1.61247614853027721
0.43065796276088625 0.38300902667627978 -1.62406232644164317
0.44150337814235968 0.38293118049714109 -1.63610697297327690
0.45262171514897287 0.38284866729383837 -1.64862040811559951
0.46401984177156408 0.38276117848691416 -1.66161223499004818
0.47570479883189981 0.38266838274756393 -1.67509119212956414
0.48768380433191477 0.38256992416241181 -1.68906498950596240
0.49996425791239840 0.38246542024313490 -1.70354012693211909
0.51255374542388010 0.38235445976783256 -1.71852169343902239
0.52546004361254284 0.38223660044085322 -1.73401314627825687
0.53869112492405435 0.38211136635539322 -1.75001606797056497
0.55225516242828776 0.38197824524332236 -1.76652989995710485
0.56616053486796702 0.38183668549528033 -1.78355165133775095
0.58041583183436296 0.38168609293199868 -1.80107558108740884
0.59502985907323669 0.38152582730839979 -1.81909285235850859
0.61001164392429819 0.38135519852910604 -1.83759115733566358
0.62537044089755356 0.38117346255330958 -1.85655431127820347
0.64111573738997951 0.38097981696680477 -1.87596181456647870
0.65725725954604997 0.38077339619548367 -1.89578838157921181
0.67380497826574814 0.38055326633564801 -1.91600343562259434
0.69076911536376417 0.38031841957444623 -1.93657056931241511
0.70816014988369025 0.38006776817163052 -1.95744697021086322
0.72598882457110636 0.37980013797554818 -1.97858281198106023
0.74426615250956230 0.37951426144270684 -1.99992061183606440
0.76300342392355458 0.37920877013112969 -2.02139455582032213
0.78221221315269041 0.37888218663834222 -2.04292979404171016
0.80190438580136192 0.37853291595223282 -2.06444170924355541
0.82209210606833905 0.37815923618661590 -2.08583516288740078
0.84278784426080278 0.37775928867255876 -2.10700372423430515
0.86400438449747485 0.37733106737798588 -2.12782888989236696
0.88575483260558963 0.37687240763249236 -2.14817930194559370
0.90805262421659516 0.37638097413508825 -2.16790997584542344
0.93091153306557273 0.37585424822896257 -2.18686155097223134
0.95434567949951532 0.37528951443201325 -2.20485957829471202
0.97836953919971692 0.37468384621927919 -2.22171386453553010
1.00299795212364229 0.37403409106217195 -2.23721789256704717
1.02824613167184142 0.37333685473916328 -2.25114834242446848
1.05412967408552505 0.37258848494836205 -2.26326474224833163
1.08066456808063083 0.37178505426211012 -2.27330927780174141
1.10786720472434341 0.37092234248831291 -2.28100679880305091
1.13575438756013658 0.36999581852150287 -2.28606506098595119
1.16434334298760955 0.36900062178594001 -2.28817524527537897
1.19365173090354681 0.36793154341697526 -2.28701280705140997
1.22369765561073907 0.36678300733976732 -2.28223870233490223
1.25449967700131948 0.36554905145479372 -2.27350104855824942
1.28607682202154683 0.36422330918988999 -2.26043728221082718
1.31844859642507584 0.36279899169308993 -2.24267686608709393
1.35163499682199428 0.36126887104136496 -2.21984461760970886
1.38565652303109221 0.35962526486536378 -2.19156471590936297
1.42053419074295095 0.35786002284883883 -2.15746544335181545
1.45628954450169479 0.35596451569258597 -2.11718472887568199
1.49294467101344797 0.35392962711656162 -2.07037652642283376
1.53052221278966094 0.35174574963362115 -2.01671807354510157
1.56904538213380018 0.34940278491344601 -1.95591805555676346
1.60853797547998734 0.34689014954468017 -1.88772565997559827
1.64902438809246266 0.34419678726831282 -1.81194051710453174
1.69052962913498273 0.34131118869577154 -1.72842345626878391
1.73307933711940887 0.33822141964545938 -1.63710797995988955
1.77669979574305481 0.33491515946500994 -1.53801233096566436
1.82141795012460173 0.33137975049353779 -1.43125193124717787
1.86726142344856183 0.32760226015950811 -1.31705195333143177
1.91425853402859070 0.32356955715385050 -1.19575969395679516
1.96243831280022230 0.31926840292344061 -1.06785633457061224
2.01183052125377682 0.31468556014448307 -0.93396762752591067
2.06246566981854107 0.30980791929757995 -0.79487292605362792
2.11437503670961435 0.30462264454013455 -0.65151192344890807
2.16759068724899695 0.29911734009871116 -0.50498837981913736
2.22214549367288994 0.29328023749790505 -0.35657005598051400
2.27807315543747224 0.28710040427478417 -0.20768403391127191
2.33540822003561610 0.28056797394114236 -0.05990657285366958
2.39418610433749990 0.27367439614563333 0.08505327955786769
2.45444311646821856 0.26641270598041933 0.22537710632571112
2.51621647823593220 0.25877780955253177 0.35916813008545662
2.57954434812445133 0.25077719574208701 0.48450593239595940
2.64446584486438763 0.24246078316459799 0.59954507210513508
2.71102107159746009 0.23388681353893279 0.70251744434899688
2.77925114064893686 0.22511090196355132 0.79175055499153879
2.84919819892341808 0.21618592571420311 0.86570219093115963
2.92090545393970480 0.20716193614954564 0.92299777596308563
2.99441720052086069 0.19808608530939964 0.96247008821076374
3.06977884815588897 0.18900257014406585 0.98320053527616857
3.14703694904994746 0.17995258881645590 0.98456119630196404
3.22623922688048914 0.17097430689028428 0.96625656299271478
3.30743460627699770 0.16210283621787483 0.92836350167749715
3.39067324304256434 0.15337022219229782 0.87136798849274510
3.47600655513604151 0.14480544297144601 0.79619667178734110
3.56348725443379166 0.13643442221281774 0.70424117751721493
3.65316937929071806 0.12828005537770790 0.59737291895126077
3.74510832792074400 0.12036225472631329 0.47794583403513496
3.83936089261720204 0.11269801326839234 0.34878452493747808
3.93598529483447246 0.10530148959296247 0.21315510725345410
4.03504122115237340 0.09818411537053809 0.07471628699270152
4.13658986014558039 0.09135472375755151 -0.06255166575030081
4.24069394018092005 0.08481969827288360 -0.19444181004654734
4.34741776816575598 0.07858313896148444 -0.31664022234943501
4.45682726927146344 0.07264704229898143 -0.42487063258839131
4.56899002765660445 0.06701149051868885 -0.51506214310652598
4.68397532821482443 0.06167484544601270 -0.58353686254788062
4.80185419937330771 0.05663394228293029 -0.62721187540910350
4.92269945696833222 0.05188427798031096 -0.64380702182203986
5.04658574922485403 0.04742019094181220 -0.63204819624851183
5.17358960286799618 0.04323502788548068 -0.59185212814444910
5.30378947039498971 0.03932129543004701 -0.52447680457297696
5.43726577853663340 0.03567079584622105 -0.43262004375675250
5.57410097793824999 0.03227474517694016 -0.32044710103478879
5.71437959409096319 0.02912387584744093 -0.19352994047879696
5.85818827954448906 0.02620852501076960 -0.05868244325504957
6.00561586743399545 0.02351871023789665 0.07631891923414855
6.15675342635385281 0.02104419689915589 0.20313241418761607
6.31169431661226454 0.01877455847915999 0.31335988909162305
6.47053424790161991 0.01669923310047892 0.39914830981856297
6.63337133842000792 0.01480757890495892 0.45385206639692505
6.80030617548051186 0.01308892817512382 0.47270741685406586
6.97144187764581069 0.01153264259983980 0.45345863516653867
7.14688415842628810 0.01012816890408433 0.39686211337455851
7.32674139158106996 0.00886509401558882 0.30698834738241426
7.51112467806246364 0.00773320025724126 0.19124492505778853
7.70014791464491921 0.00672251789046736 0.06005288649156541
7.89392786428101179 0.00582337480362113 -0.07386344763756060
8.09258422822803780 0.00502644238965505 -0.19657608093246506
8.29623971998953458 0.00432277548108212 -0.29439133883945029
8.50502014111750348 0.00370384704456795 -0.35551432817538725
8.71905445892231157 0.00316157613852215 -0.37176156077757683
8.93847488613801389 0.00268834888312880 -0.34008414660632624
9.16341696259241445 0.00227703326087455 -0.26363021500701561
9.39401963893249281 0.00192098669604070 -0.15206756529550494
9.63042536245651881 0.00161405768142566 -0.02094327327213499
9.87278016510634870 0.00135058177746782 0.11003723824667599
10.12123375367385592 0.00112537198356149 0.21975554147164866
10.37593960227737711 0.00093370507149463 0.28917496176951751
10.63705504716545391 0.00077130382581649 0.30507440215006365
10.90474138390613312 0.00063431611472478 0.26330788445051001
11.17916396702200110 0.00051929182027189 0.17078117346570640
11.46049231213266140 0.00042315764001149 0.04539046970566309
11.74890020066744611 0.00034319094802422 -0.08653873764393440
12.04456578721316795 0.00027699304872698 -0.19527964516796043
12.34767170956344451 0.00022246214815220 -0.25448561425342558
12.65840520153719595 0.00017776686842514 -0.24831811678918778
12.97695820863616412 0.00014132029296612 -0.17699073219567044
13.30352750661313799 0.00011175502045363 -0.05872000038641013
13.63831482302371079 0.00008789952965469 0.07336628369502443
13.98152696183683652 0.00006875580933264 0.17956439611459149
14.33337593118140774 0.00005347861406718 0.22558833245142951
14.69407907430720606 0.00004135629642993 0.19485073079482715
15.06385920384176380 0.00003179323613955 0.09654053011292371
15.44294473942557566 0.00002429397400575 -0.03460676173606760
15.83156984881077634 0.00001844889399940 -0.14872064466505458
16.22997459251084607 0.00001392147393677 -0.19934157786148637
16.63840507209008024 0.00001043702394019 -0.16377442188966970
17.05711358218473350 0.00000777277326391 -0.05618708943346348
17.48635876635000130 0.00000574926757071 0.07459063875324427
17.92640577682857028 0.00000422292845881 0.16501398082063148
18.37752643833969302 0.00000307967366528 0.16796445174550720
18.83999941599024197 0.00000222950675884 0.08029831884064177
19.31411038741092412 0.00000160194313763 -0.05013773385134246
19.80015221922424828 0.00000114218996830 -0.14698491656583915
20.29842514795351960 0.00000080797801247 -0.14970173826813593
20.80923696548412138 0.00000056695029184 -0.05500156525589527
21.33290320919179095 0.00000039453625336 0.07424492417770996
21.86974735685584292 0.00000027222968821 0.14649592367265118
22.42010102647672909 0.00000018620778539 0.10700731097169826
22.98430418112253548 0.00000012623490854 -0.01494203324206024
23.56270533892998742 0.00000008479748751 -0.12071783058810159
24.15566178839007350 0.00000005642976119 -0.11954151820216026
24.76353980905160768 0.00000003719231357 -0.01116279526680208
25.38671489777839696 0.00000002427240801 0.10405007281569152
26.02557200070006616 0.00000001568121260 0.11318037341005015
26.68050575100026833 0.00000001002636102 0.00580294005503686
27.35192071268835790 0.00000000634292951 -0.10401923493681872
28.04023163050550949 0.00000000396920981 -0.09322709275202791
28.74586368612003895 0.00000000245621547 0.02643605216046408
29.46925276076943234 0.00000000150263890 0.10928733437458850
30.21084570451161966 0.00000000090854098 0.04930272643949401
30.97110061225237487 0.00000000054275846 -0.07414925913604936
31.75048710671836716 0.00000000032026543 -0.08948920616197498
32.54948662855117902 0.00000000018660382 0.02574659539986075
33.36859273370187395 0.00000000010732432 0.09723751980061834
34.20831139830903567 0.00000000006091204 0.01226784777182597
35.06916133124878598 0.00000000003410273 -0.08918432360038360
35.95167429455081276 0.00000000001882811 -0.03347244943948834
36.85639543187652123 0.00000000001024720 0.07930930984104645
37.78388360526425060 0.00000000000549573 0.03984115588994615
38.73471174034789044 0.00000000000290341 -0.07443570696745795
39.70946718026289091 0.00000000000151040 -0.03404935627657264
40.70875204845873441 0.00000000000077339 0.07497799276011317
41.73318362064090081 0.00000000000038964 0.01654454307144154
42.78339470607265582 0.00000000000019307 -0.07561861649025528
43.86003403847279003 0.00000000000009405 0.01262312945379212
44.96376667674953609 0.00000000000004502 0.06530920001230471
46.09527441581886364 0.00000000000002117 -0.04720370785767536
47.25525620776151925 0.00000000000000977 -0.03142582620816060
48.44442859357776143 0.00000000000000443 0.06637793428439705
49.66352614580691238 0.00000000000000197 -0.02385785271861241
50.91330192228619467 0.00000000000000086 -0.04023621620305702
52.19452793132744972 0.00000000000000037 0.06095909826535600
53.50799560859982762 0.00000000000000015 -0.02739227940817632
54.85451630601411210 0.00000000000000006 -0.02434722759655192
56.23492179290818882 0.00000000000000003 0.05434195003904074
57.65006476984611083 0.00000000000000001 -0.04842917723364869
59.10081939534592266 0.00000000000000000 0.01787567264456686
60.58808182586222557 0.00000000000000000 0.01693646842885110
62.11277076935834884 0.00000000000000000 -0.04089061410432380
63.67582805280798652 0.00000000000000000 0.04903895912247289
65.27821920397775557 0.00000000000000000 -0.04428107421847564
66.92093404785131838 0.00000000000000000 0.03256283447147675
68.60498731806112005 0.00000000000000000 -0.01916596719213652
70.33141928370677931 0.00000000000000000 0.00757952592652757
72.10129639194813933 0.00000000000000000 0.00065391002772096
73.91571192676798319 0.00000000000000000 -0.00530044001834357
75.77578668431220876 0.00000000000000000 0.00653118359477271
77.68266966522593009 0.00000000000000000 -0.00455712895040677
