0.0081008599565359201 0.0050125174983976246 0.0024889833976974611
0.0050170455902739594 0.0080999792012730609 0.0024886193078367883
-0.0050920404283143718 -0.0050974914004196601 -0.0063950131112247045
0.02082749236427274 0.020825698325466564 5.2777600811515461e-06
0.0081075655074807976 0.0050182730562918542 -0.0024750656187928696
0.0050209209465564347 0.0081063980718935127 -0.0024757868331366836
-0.0025218589250114625 -0.0025262477289240415 1.1206696597065216e-05
-0.0050815391249009207 -0.0050838242103847841 0.0064077258549465436
0.011593912513384132 0.0033686714116968721 0.0033836965776632508
-0.0032201306949571117 -0.0074778348596109242 -0.0057094788658043349
-0.0032240037153584674 -0.0057288398505644378 -0.0074674687730639545
0.012024965346472722 0.0007628069574912009 0.0045776130029643175
0.00060251503441711464 -0.00020195383190172366 0.000600346610284576
-0.0033060547319433841 0.00042916351460637844 0.001110003912148454
-0.0026555994860865753 0.0013454329243326969 0.0010504917948195164
0.0010486394316482528 0.00010204052282536576 1.0921340438429362e-05
0.00061361663070080212 -0.00019675617978875981 -0.00057552774389930375
-0.0032993657288083482 0.00043656046234603993 -0.0010832698507939466
-0.00416973699967317 0.00092389988242347939 1.8695055290249626e-05
0.012040216728294556 0.0007733142083539632 -0.0045649216270297142
0.011618683424919831 0.0033822040659233117 -0.0033770346830290978
-0.0032028657256154523 -0.0074592441876497302 0.0057166727573604295
-0.002640711242518216 0.0013585725033438514 -0.0010262688657649817
-0.0032009893386931087 -0.0057087013723650694 0.0074634053233828181
0.0080810551938457226 0.0024711380023621768 0.0050058443239072306
-0.0051034655417069082 -0.0064165883329538875 -0.0051013284191169083
0.0050053734921648527 0.0024731573960544099 0.0080817810460881521
0.012013322854695042 0.0045585700048803258 0.00076849995827977602
0.00058568323556116566 0.00057566064368567722 -0.00018992136684676825
-0.0026612296549878957 0.0010210674523333111 0.0013659612109266227
-0.0033216043949825928 0.0010811840908675915 0.00043294452425935782
0.00055981902279704119 -0.00012195671197414706 -9.9968897063064215e-05
0.00045116848615911215 -0.00091109841418345635 -0.00088252779716394751
-0.0050222874105613621 0.00039702929354532924 8.7614283539349841e-06
-0.0050288087172265534 -2.7694097939199647e-05 0.00042602989257876423
-2.6741544490818583e-05 -0.0023769274214482067 1.6209042745868982e-05
0.00046515607987114896 -0.00090824303354072281 0.00091568471639213609
-0.0050134289583546416 0.00040293364513058726 3.1037820186504469e-05
-0.0054735994882533084 -0.00029209317057818509 2.449667624804935e-05
0.00058248490799023712 -0.0001137107957287992 0.00012094084642995731
0.00061920258450621764 0.00058251072229669571 0.00020091137914612922
-0.0026382038122707108 0.0010355516187257291 -0.0013519411946787642
-0.0050103218017653961 -2.0862893233672972e-05 -0.00039321009977853955
0.012044246241536266 0.0045711332748742811 -0.00077143477525314997
0.0081132457112950175 0.002479012168040114 -0.0050201167089551756
-0.0050784079727658757 -0.0064007099892809697 0.0050840433393391539
-0.0032932392732296879 0.0010913899517309158 -0.00043507792212425225
0.005026848880805279 0.00248133404416318 -0.008111643781493174
0.020807936135676608 -3.948697610235368e-06 0.020808816891798015
0.0080761204985474108 -0.0024815272590788732 0.0050019271830124088
-0.0025430224699329491 -8.3429981699626301e-06 -0.0025422767332482755
0.0050027773646354346 -0.0024825829664742063 0.0080766905973945497
0.0010197895838844236 -8.2264324349988054e-06 9.9459150347480218e-05
0.0005783248372636671 -0.00059348559464112967 -0.00019309316910501306
-0.0041879233836896934 -1.3069540298329363e-05 0.00093646913417500834
-0.0033256647765419951 -0.0011008805445904455 0.00042802403173833347
-4.7410242368646754e-05 -1.1162644673537903e-05 -0.0023577227364760963
0.00044213659245003617 0.00088904225518892863 -0.00088371302790572238
-0.0054809308341979227 -1.5950618717857708e-05 -0.00025578182389264124
-0.0050335430399686245 5.0825253878285015e-07 0.00042335985407936029
0.00078960624512407207 -1.2286144177288337e-05 1.8987294393436684e-05
0.00045685709667392512 0.0008871544608410884 0.00091788449641723154
-0.0054709049355176004 -1.5145628540216844e-05 0.00030264819942289083
-0.0054783081884265949 0.00026285149664454931 2.5328709639205856e-05
-2.0567717337083378e-05 -1.0110360302724516e-05 0.0023825264690391932
0.00061285706688047367 -0.00059758465131819769 0.00020457496464482486
-0.0041618290634048705 -1.0807609315232015e-05 -0.00091929103901161829
-0.0050140004496082831 -3.1249022376606263e-06 -0.00038908876164367033
0.0010569157873042087 -6.4127354888112242e-06 -0.00010192443036583019
0.0081100991541370425 -0.0024865341844093926 -0.0050166411826675656
-0.0025145945779462839 -6.0596478511658063e-06 0.00252286232082488
-0.0032957965989595687 -0.0011064726679169143 -0.00043019563514974895
0.020833355905727085 -2.6943259007730206e-06 -0.020831186883166548
0.0050258008298502228 -0.0024876267319603133 -0.0081076710024031075
-0.0051103703274450671 0.0064077355185041662 -0.0051112855839367151
0.012001937747259293 -0.0045678413769387081 0.0007610120741036769
0.011576570320952315 -0.0033736991064013569 0.0033749067756167067
-0.0026698599080184158 -0.0010383225605724417 0.001358172134600037
-0.0032353611009664452 0.0057244545671062937 -0.0074805672027455986
0.00054397676900951909 0.00010700811668327027 -0.00010427689155358827
0.00058136419608463899 0.00019419974888415297 0.00059785744291276314
-0.005031409991378826 -0.00041874745569846976 6.4660507196575342e-06
-0.0026681790447596362 -0.0013553936646293562 0.0010432013486238983
-4.2921024014419811e-05 0.0023603145144102831 1.7092857395296317e-05
0.00059354976120368371 0.000189187198432987 -0.00057046014860532245
-0.0050214625028446062 -0.00042305152359266274 3.6585337601860587e-05
-0.0041817834673621105 -0.00093514839985313943 2.1157191420392867e-05
0.00056899590178669402 0.00010047745241583686 0.00012689685426434463
0.011604854974728495 -0.0033862365033132365 -0.0033670817005782652
-0.0026443636359729538 -0.0010496651941451639 -0.0013429359917680214
-0.0026504060586256565 -0.0013669370617564345 -0.0010156725480588236
0.012036070946775479 -0.0045782654827794108 -0.00076393926866995861
-0.0050820503821737348 0.0063941959319732886 0.0050925368355624733
-0.0032079807243148664 0.0057056757030041526 0.0074759184812278265
-0.0032340026611495107 0.0074813410127439611 -0.0057227840655934767
0.012003318231118667 -0.00076009009468947777 0.0045698367022171593
0.0080800530960647744 -0.0050025816754939983 0.0024855744938173281
-0.0033207119711288163 -0.00042781417120866313 0.0011067941551223188
-0.0051062778661726885 0.0051103576176624475 -0.0064045053889568507
0.0010253922446259106 -0.00010092741870348075 1.2507570207723466e-05
0.008087921675100182 -0.0050085445180198373 -0.0024688540132413658
-0.0033121090309111306 -0.00043514094603367402 -0.0010751847687784041
-0.0025350152639258237 0.0025386237323230415 1.3690359363746986e-05
0.012021984344718014 -0.00077097780682259544 -0.0045552773697066255
-0.0032125866083497811 0.0074620349317826365 0.005730689426785741
-0.0050927692609722451 0.0050950749395123783 0.006419619552444706
0.0050059233263323524 -0.0080789356411516654 0.0024849847459433444
0.020812143241111067 -0.020810664250860762 6.4190638850457663e-06
0.0050111013476493984 -0.0080872768307181184 -0.0024691979946978517
-0.0074684230625504614 -0.0032242496883031742 -0.0057087260092689406
0.0033774485731574311 0.011597660650430214 0.0033850869117554652
-0.0057178963563970543 -0.0032258991007451335 -0.0074642751844266261
0.00076997374757336798 0.012025697206519533 0.0045775976856979473
0.00043740170187488842 -0.0033107768395792586 0.0011089385783710068
-0.0001950477433193393 0.00060609160598424066 0.00059776718905273063
0.0013570058343046558 -0.0026584934781311064 0.0010494169650019122
0.00010730412440432616 0.0010489030309483211 9.0194130846006472e-06
0.00044113527622231775 -0.0033023241666100163 -0.0010847792324616139
-0.00019364172926419529 0.00061525711323863865 -0.000579234979033642
0.00093099446846625828 -0.004172131734904402 1.4816283337493306e-05
0.000775453592033226 0.012040161739179951 -0.004566463440611508
-0.0074576691576077794 -0.0032039267264063875 0.0057153788144249044
0.0033824758121147437 0.011619001133591609 -0.0033791129989420828
0.0013606243624079803 -0.0026421253916781469 -0.0010293271078984502
-0.0057093696644304331 -0.0032019529034041324 0.0074619969203577399
-0.0074736950475542008 -0.0057293632705596766 -0.0032226802940106196
-0.0057192961494075198 -0.0074796527609232305 -0.0032202514430979606
0.0033768985219767749 0.0033697354848418598 0.011591601647075263
-0.0061878642274626593 -0.0061963521894733281 -0.006182147235351051
0.0032302251478921302 0.0026413352923799188 0.0026668791590115024
0.0026549120753267172 0.0032209214602549013 0.0026676358402062793
0.0026545383623035783 0.0026416038787853797 0.0032369104239081828
0.0025298589709872366 0.002519704082289285 0.0027413457937208686
-0.001826860939878501 -0.00061705892516895748 -4.4738155832723737e-05
-0.00060580375996668878 -0.0018352744164734968 -4.6714875323318928e-05
-4.0356545854468144e-05 -5.4035685717894759e-05 0.00015559541686461544
-0.003228681035841484 -0.0032359135439704086 1.780776561016574e-05
-0.0018222504311791168 -0.00060967081973637425 8.4565516324384602e-05
-0.00060429974497065112 -0.0018267284888094681 8.1924562331967351e-05
-0.00073295284434573638 -0.00074165067381738747 2.3130652063175001e-05
0.0025381973102815598 0.0025351476728446183 -0.0027179031346533178
0.0032437242606574556 0.0026607258993774758 -0.0026522166689362599
0.0026614020542452196 0.0032422905972112857 -0.0026534899587613596
-3.7072651190810693e-05 -3.9901005653667621e-05 -0.00012256584339273005
-0.0061724533907344522 -0.0061730056435693199 0.0061791161337452719
-0.0074558239036532099 -0.005707751507330671 0.0032057992681451498
-0.0057089020681676365 -0.0074561099082464787 0.0032055917329128873
0.0026635591070186112 0.0026639237395279783 -0.0032364693936951421
0.0033861241443686996 0.003387081363624755 -0.011621229571105264
0.00076490867755069514 0.004559761499542723 0.0120125884167797
0.00042779148582798153 0.0010819298235781516 -0.0033201392932462642
0.0013551509423274371 0.001021952520170946 -0.0026605243407003629
-0.00019684186931968211 0.00057754334964425086 0.00058404317632072475
0.0025247112855887209 0.0027099757198670452 0.0025312615884508544
-0.0018318478235493213 -8.2809266795440815e-05 -0.0005958268569604692
-4.0157326192084928e-05 0.00012049660097690961 -2.8136485426984907e-05
-0.00060597444288236707 -8.1152289286046749e-05 -0.0018275388229648632
-0.0011926490689559797 -0.00022444997874899341 -0.00018951318589365869
-0.00088876565459282213 -7.1706642081484031e-05 -2.9530683988470351e-05
-0.0005564286074877504 -0.00054394007097837696 -0.00041131997048121644
-0.000554942592195688 -0.00045249684492647155 -0.00050960721155184161
-0.0013192393958096093 -0.00010572197327817488 2.5347260125114438e-05
-0.0008838132314905315 -6.7493976925783663e-05 8.1143301707939982e-05
-0.00055533340710194566 -0.00053748666029482012 0.00046091146611799624
-0.00025740751174416925 -1.4379752398081122e-05 2.9451018669452394e-05
-0.0011831342657114231 -0.00021271675090739486 0.00022463756020518928
-0.0018172967398410022 -7.2640214896022644e-05 0.00061695609434389348
-3.4514180668070404e-05 0.00013647279554125256 5.0445041411386292e-05
-0.00055206852937640433 -0.00044460823905972068 0.00055237833030516675
0.0025422390997267672 0.0027280684914157633 -0.002532372857687492
0.0004471975115427064 0.0010931739307960217 0.0032992120149450003
0.0013653076203127945 0.001039688735544443 0.0026413801818578387
-0.00059726789391648409 -6.899239596908969e-05 0.0018298666112663291
0.00078048929769702121 0.0045734942553701087 -0.012044573536952013
-0.00018770676239112988 0.00058692409388113101 -0.00062398372037206912
9.6373804678989532e-05 -6.3882240553195802e-06 0.0010203291052621249
0.00042656687798385421 -0.0010988734655117327 -0.0033257020497622011
0.00092987734832082549 -9.3902333862479393e-06 -0.0041877126453010649
-0.00019618248320217601 -0.00058953822922098314 0.00057822292766520744
-0.0032394343705842532 -1.2295941598745152e-05 -0.0032366673569304743
-0.0018325353145388454 5.6350280671045041e-05 -0.00059967585768901598
-0.0007305222802070964 -1.3609003623945094e-05 -0.00072371792239885719
-0.00060358752290546745 5.9186165305372254e-05 -0.0018317853118893508
-0.0013240084948678698 -1.6080408376364397e-05 -7.5678020223882711e-05
-0.00088836455346896618 4.0558699710176918e-05 -3.0461403405044956e-05
-0.00025546908996982524 -1.5515766735381908e-05 2.6814943608505167e-05
-0.00055096574383365824 0.00042476865253013687 -0.00051146420790849521
-0.0005465508668328024 -1.6939306878824237e-05 2.9327163458236495e-05
-0.00088297601552339588 3.8438104697178892e-05 8.4266050008071464e-05
-0.00025442442471312432 -1.4200812528951182e-05 3.0612991028622648e-05
-0.00025239301082830446 -1.400074034779851e-05 3.0764824952801856e-05
-0.0013136309453276012 -1.3844900577348177e-05 0.0001168625669797699
-0.0018165971347345133 5.1458761647167666e-05 0.00062192456576675847
-0.00072444796854034431 -1.0106842298397227e-05 0.00074983180039281199
-0.00054705718312472859 0.00042166229979274537 0.00055646675589342493
-0.0032203110205080787 -8.6535466099172039e-06 0.0032367603446955486
0.00044734645038294594 -0.0011044178765517751 0.003304025277528432
0.00094060640237070769 -5.5054261160029842e-06 0.0041657166739152325
-0.00059376738385153176 5.4609652128226587e-05 0.0018345669004558524
0.00011297803607267102 -4.0442430373402145e-06 -0.0010582271136552169
-0.00018603327443776001 -0.0005929871090291761 -0.00062051199025282833
0.00076252152658064752 -0.0045670018429029161 0.01200174513954584
-0.0074786301533465603 0.0057255648730346088 -0.0032369265161946003
0.0013571325227291562 -0.0010345812229848581 -0.0026703585580747685
0.0033769243462503378 -0.0033728127155061662 0.011577507375720771
0.002522218228494761 -0.0027260543069791057 0.0025217569609717839
0.0032269139056734794 -0.0026513987108790354 0.0026563373757767092
-3.4559377983451564e-05 -0.00014027934051766755 -3.4055030693088599e-05
0.0026581989946390548 -0.0026500791169575145 0.0032254878066390364
-0.0011934377079421093 0.00020170455194415816 -0.00019433343804300626
-0.0018276230241183302 0.0006038760514727843 -4.676302662568664e-05
-0.00054792145442853087 0.00052117457435649803 -0.00041208944855230118
-3.1760478680235838e-05 4.1204208253567664e-05 0.00015059921009850713
-0.0013184230406858037 8.188726637447239e-05 2.7588820488249907e-05
-0.0018219798032179328 0.00059756308014067194 9.2037708579280157e-05
-0.00054569748918387715 0.00051693993278691965 0.00046641538059286855
-0.00072158745941964717 0.00072874064020471711 2.6587329807134336e-05
-0.001182460697886772 0.00019323330426615644 0.00023294274542519822
0.0032439564920257709 -0.0026680369467007936 -0.0026390784839871633
-2.6979052833400036e-05 -0.00015096292488563177 5.8786254126463704e-05
-2.6463695421437348e-05 2.9782463625673857e-05 -0.00011216711668599055
0.0025427216585500361 -0.002739297080126457 -0.0025225821231622423
-0.00745673683656254 0.0057054429504979857 0.0032174167719272052
0.001369828596799822 -0.0010468403003557445 0.0026495549591854855
0.002670432720623131 -0.0026688102222712923 -0.0032247535358713069
0.00078034874045302218 -0.0045780316792601774 -0.012037148119585664
0.0033893675867573431 -0.0033885424457584419 -0.011612829069300038
-0.00571962506913195 0.0074821787829294885 -0.0032352372683659291
-0.0061943749275643577 0.0061997199798307055 -0.0061975519051871092
-0.0074751631899927133 0.0032369256918366148 -0.0057219184563671917
0.0026603248941508913 -0.0032208134309181062 0.0026572963987139741
-0.0057178521998522266 0.0032365731363017129 -0.0074777956209157153
0.002526288701866909 -0.0025189425850284742 0.0027333710020358845
0.00043419598886607872 0.003324150537320283 0.0011064101698265872
-0.00059536540958343058 0.0018340959094481973 -4.7720077667592529e-05
0.0013635060057763015 0.0026702779730716567 0.0010434437454077618
-0.0032298330424158929 0.0032360474147098469 2.1373296472326273e-05
0.00043948370958780362 0.0033149138785261191 -0.0010761667116486705
-0.00059276752246386569 0.0018261830181574526 9.0450745523700692e-05
0.00094087711059538627 0.0041838303216313712 1.8580564293204149e-05
0.0025377276707857122 -0.0025342796721108669 -0.0027051712692199156
-0.007459995359968742 0.0032136847544963071 0.0057299577660018183
0.0026700949776345718 -0.003241617543409861 -0.0026400621895820379
0.0013693421565818646 0.0026517564662210638 -0.0010179636263785109
-0.0061739840107041186 0.006175647811044703 0.0061937704030810333
-0.005704343795636997 0.007457584463034083 0.0032169109075733675
-0.0057044989120592152 0.0032084356147877224 0.007475144981906808
0.0033790126858401722 -0.011578905293105237 0.0033763323876996524
0.00076538491971382813 -0.012004097069617229 0.0045705838969245377
-0.00018882708101018264 -0.00058405241504433554 0.00059673404729254967
0.00010520805572542609 -0.0010260011389806216 1.1785384860437561e-05
-0.00018669628562481143 -0.00059512196824086368 -0.00057248635366355036
0.00077342244934123735 -0.012022265276382081 -0.0045567250524140091
0.0033872475240344134 -0.011605474683166295 -0.0033688145615104002
-0.0064067855064653713 -0.005102875602084945 -0.0050950508283902829
0.0024777808456968552 0.0080893651428964423 0.0050133166941272594
0.0024800383600493709 0.0050077381175061744 0.0080916205151665126
0.004567143444837763 0.012020135204639792 0.00077251700577900804
0.0010335447685468763 -0.0026611008363715714 0.0013672826444332238
0.00058358205528888471 0.00059702727501368758 -0.00018864583561334185
0.0010922386267199682 -0.0033180710963028699 0.00043862654614546231
-0.00011372838129465731 0.00056700805247826319 -0.00010163334934802995
0.00040632928313992273 -0.0050226713357219583 3.1978686981194368e-06
-0.00090536024228343075 0.00046009281122248811 -0.00088909491842801332
-1.7408105623377666e-05 -0.0050259872094545561 0.00042191891786968658
-0.0023725609287225079 -2.2047757758746891e-05 1.0324447523897373e-05
0.00040606156342623502 -0.0050139613102114858 2.442342467613007e-05
-0.00090680614314778824 0.00046818977287336246 0.00090791170309324635
-0.00028696265682644445 -0.0054724818421547586 1.4430926630923882e-05
-0.00011341871851613364 0.00058367969460499975 0.00011629981628661495
0.0010344603758745989 -0.0026389998272082055 -0.0013551370925995966
0.00058112775096284244 0.00061868900932118441 0.00019726789879604409
-2.084148180202172e-05 -0.0050104993854580213 -0.00040057441323055514
0.0045699382434767101 0.012043961198945696 -0.00077317532646513907
-0.006402297402802095 -0.0050787863440807336 0.0050835427726730036
0.0024771689129264923 0.0081117130659407212 -0.0050205967120729167
0.0010890781241948955 -0.0032942121351471135 -0.00043708200263337734
0.0024796147723244099 0.0050260184749204538 -0.0081108215565246534
0.0045679464584478862 0.00076173126719744546 0.012018805700406802
0.0010351170686132599 0.0013450936387268452 -0.0026574464914313933
0.0010938307520573405 0.00042485868063316047 -0.0033118641328700725
0.00058755457017797439 -0.00020279006767860339 0.00059166626581380697
0.0027240066713061215 0.0025181527502199002 0.0025349730074097003
0.00013681415260380695 -5.3665315177098716e-05 -2.7863164268891445e-05
-6.8661383418053734e-05 -0.0018373858566642096 -0.00059520187693102829
-6.5392700262949786e-05 -0.00061676771188530076 -0.0018241548751601526
-0.0002106918139504493 -0.0012006996637215167 -0.00019191778132615872
-0.00053105729824283378 -0.00056770867336318671 -0.00041413185228101192
-6.1303845164651093e-05 -0.00089360598860733706 -3.7557695786894015e-05
-0.00043774191968908661 -0.00056695346684096869 -0.00051304685943483717
-9.745063659517177e-05 -0.0013247841680171938 1.9158552340136897e-05
-0.00053209042568584533 -0.00056047625607781907 0.00045742857022665134
-6.3840955932582697e-05 -0.00088627593107029894 7.176255752644879e-05
-5.5459101360382241e-06 -0.00026474873169134183 2.202007523637185e-05
-0.00021127992192132398 -0.0011853859377616593 0.00022017875706696854
0.0001362264299731178 -3.4991195978461816e-05 4.8410688388279572e-05
-7.3930203943341292e-05 -0.0018177626735579662 0.00061232629783035983
-0.00044307318605577251 -0.00055400394839789317 0.00054660932821209659
0.0027263504442460807 0.0025418360788333257 -0.0025336030790259765
0.0010376351159015894 0.0013660882669601787 0.002641053444414578
0.0010900958056860694 0.00044650193146392506 0.0032991424880142936
-7.1665653535211759e-05 -0.00059683914607334856 0.0018280945485570669
0.0045720050208167429 0.00078056876494746381 -0.012044216407425205
0.00058417944271692312 -0.00018730683092432364 -0.00062282803098098142
-0.00011095906911088964 -0.00012071097143648486 0.00055357683877379571
0.00041302806467400201 -2.2997451545604588e-05 -0.005029809115964335
-8.194561536820213e-06 0.00040009969995298262 -0.0050267607473941586
-0.00089396243669768668 -0.00090503975886413424 0.00044234940245360763
-0.00020637520016881183 -0.0002224051077689491 -0.0011883138466013243
-0.00052418626721387044 -0.00044971338511449717 -0.00054556154182514331
-0.00043221215431396494 -0.00054045721591829935 -0.00054602973933469997
-4.6797671396507983e-05 -6.4452645290672132e-05 -0.00088611562028356435
-0.00067758761385797368 -0.00069355098026232468 -0.00066032649121321087
-0.00014541512173859487 -0.00026895049788154584 -0.00022972654369403692
-0.00025544853840705437 -0.00015833809081692793 -0.00023311660080393851
-0.00024884386766987898 -0.00026553147467061093 -0.00013065495705458176
-0.00019470634727569112 -0.00020436096142173389 2.6482332805896497e-05
-0.00014687246390598094 -0.00026474433143523779 0.00028461636857239603
-0.00025864635324680368 -0.00015246053412307713 0.00028069314687364361
-6.4849251175013258e-05 -7.4875315700741174e-05 2.7902736391188409e-05
-0.00067946069147125287 -0.00068187779406926954 0.00070010010879459675
-0.00052580232573272738 -0.0004391511256755503 0.00057260500069638285
-0.00043994862186638018 -0.00052548515252023582 0.00057032127025085884
-0.00025536195610578901 -0.00025749966718904653 0.00017347258204575148
-0.00020631947411031855 -0.00020469467481797282 0.0011920144209327168
0.00041413064789223375 -1.1384620855130461e-05 0.0050096878314399747
-1.4848932825819068e-05 0.00041638609285390743 0.0050095938517786187
-5.5483855913435827e-05 -5.2711508003106084e-05 0.00089151833232263404
-0.00010908796429261527 -0.00010694893866602072 -0.00059047794167039168
-0.00089968453714892006 -0.00089634199548616761 -0.00048167194917139201
-0.0023653603857255691 -5.5827349980526592e-06 -5.0783380895446468e-05
0.00041708960223064409 8.1138858032551769e-06 -0.005034043597318163
-0.00026786987051092642 -5.7137675437699198e-06 -0.0054839100448922616
-0.00089019793448351391 0.0008980135910574388 0.00043878843484834642
-8.6342861013959777e-05 -9.8890517883060007e-06 -0.0013215801794472075
-0.00051825655822804986 0.00042872583522102442 -0.00054782785194789512
1.1826422955468693e-05 -7.5944080173066465e-06 -0.00024926956816836965
-4.02922364304084e-05 5.1300403468422043e-05 -0.00088840958710314382
-0.00018585994656935851 -1.2122062091355039e-05 -0.00017491320384249579
-0.00013763715018747511 0.00024579736714800359 -0.00022959414355995078
-5.801808268408946e-05 -7.9432790040855786e-06 -4.2633178825299115e-05
-0.00024039963978899086 0.00025025641455343663 -0.00013098338648725723
-0.00017818221590758417 -1.1722188992317122e-05 3.0714261865054364e-05
-0.00013866772207012893 0.00024461663285174769 0.00028720233768634077
-6.1675510396423634e-05 -6.0722534561935352e-06 9.7893283258247091e-05
-5.5094867119642038e-05 6.1503465624499973e-05 2.9693935950048687e-05
-0.00018775695260644942 -8.9965495691355031e-06 0.00022114769647655567
-0.00051877350432735672 0.00042571214622655459 0.00057618485907228974
3.8150590034948508e-06 -3.2265959923383723e-06 0.00027750992407469947
-0.00024619020529531696 0.00024894955311319581 0.00017629364719584629
-8.6578503906189694e-05 -5.3251423066909959e-06 0.0013263854129744431
0.00041876259571460464 4.6252223484214442e-06 0.0050126598738403682
-0.00027613689920203441 -8.3743991435230003e-07 0.0054641213670609916
-4.8273582412592427e-05 4.8894624839022221e-05 0.00089362862176111443
-0.0023634359903002954 -2.1861613621788855e-06 7.8530677194972674e-06
-0.00089576837141747514 0.00089586906669606857 -0.00048053484210875547
-0.00010675843441576571 0.0001127811995261384 0.00054451580978731292
0.0010426358310042085 -0.0013514195647682048 -0.0026684410763077536
1.5699229935012613e-06 -0.00040905718955475926 -0.0050321614306378416
0.0005957351309969582 0.00019927194683342319 0.00058317398487787216
-0.00019755753527158455 0.00020787249002084845 -0.0011944811422886063
0.00015059855273428277 4.3497258933717059e-05 -3.359492518138676e-05
-0.00041822972991328731 0.00052857203714215951 -0.00054807890295541814
-4.9658152884252978e-05 0.00061002668876119842 -0.0018294946129872082
-0.00066475376301879433 0.0006753177109680656 -0.00066208069819324693
-0.00051241849307874141 0.00055622487596107073 -0.00041338615582045166
-0.00023804661492578814 0.00014624848967166278 -0.000231483988481759
-0.0004162872278793257 0.00055922991336895172 -0.00051330221324068746
-0.00017974123213719345 0.00018660240852406799 2.9518041585325557e-05
-0.00051253538627941682 0.00055064788174355819 0.0004644919532155675
-0.00024036656995819956 0.00014322930272609715 0.00028538687249032065
1.905223048393659e-05 0.0002582210033930102 2.6635209986499158e-05
-0.00066542232677594933 0.00066843427976993907 0.00070658825411329049
0.00015259072366845467 2.8952136532606025e-05 5.8090591799313338e-05
-0.000424314079340724 0.0005204718483400293 0.0005753266029909853
-0.00042010875202802203 0.00054933138996981698 0.00055351107850475263
-0.00019577621169977863 0.00019681779257793613 0.0011987947386594368
0.0010477145877639772 -0.0013685532695881764 0.0026489447712922335
-4.1780538991388952e-06 -0.00041786531288143643 0.0050127045575355713
-5.4477243835390342e-05 0.00059461669787677597 0.0018338958519726089
-0.00010341728436311873 0.00010401616386116418 -0.00058600861936001277
0.00059323447910023322 0.00018689176694366375 -0.00062065316383965331
0.0045719850452575848 -0.0007609179090667719 0.012005361337894227
-0.0064019326281340577 0.0051099167146622217 -0.0051070868471573966
0.0011062330930819864 -0.00042545424416043896 -0.0033204226664735404
0.0024868010988477688 -0.0050045370025888431 0.0080823479944258231
0.0027346491805746824 -0.0025182459001651322 0.0025249534149446667
0.0010460154679922317 0.0026698830131120024 0.0013602844794016592
-4.8239099259012925e-05 0.0018361127335601527 -0.00059833103031230563
0.0011070983713991724 0.0033233495331263692 0.00043269139244729181
-0.0001928481659726341 0.0011992152062992652 -0.000194973091693446
0.00042498582381491398 0.0050318076521380234 3.9870988218659474e-06
-3.504859226075832e-05 0.00089263416400285145 -3.4639910882135173e-05
5.1098731871675383e-06 0.0050321458420451845 0.00042192799231711726
-7.6330781444016859e-05 0.00132318820605594 2.3697814930160595e-05
0.00042545355015002331 0.0050220167218172594 3.2139001186936981e-05
-3.6743037925046855e-05 0.00088505941949475544 7.8747672520849336e-05
-0.00026060159036577954 0.0054776322574114598 1.8987963811547387e-05
-0.00019159499286771568 0.0011844984994818213 0.00023016036232027131
0.0010495053011665332 0.0026446294879375887 -0.0013447062022195998
-5.1840891162040881e-05 0.0018171361564288079 0.00061980273291977047
2.793295610744215e-06 0.0050137785650589952 -0.00039332249275791562
0.0027398282967127162 -0.0025417872561844575 -0.0025233135121331468
-0.0063936252216560971 0.005081880463121048 0.0050917237676671671
0.0011040947861616717 -0.00044695205471473863 0.0033039813360293603
0.0011054594300951746 0.0032955965475288305 -0.00043081967303729173
0.0045786602832822328 -0.00077988091203371 -0.012037738769665574
0.0024875002950222906 -0.0050256573560026841 -0.0081087817738157569
0.0024852037764988011 -0.008080935681524638 0.0050066484121178614
0.0045729686224345485 -0.012006099202450975 0.00076436877632572731
0.00059812527695975821 -0.00058548319673327456 -0.00019093793836137251
-0.00010179567023324467 -0.00054939483074872516 -0.00010441833371608103
-0.0008861840348923615 -0.00044850557409928079 -0.00088731901521571922
-0.0023575031122624775 3.9534205919574935e-05 1.3738182722238661e-05
-0.00088708505613729134 -0.00045990288302309897 0.00091259861883727367
-0.0001002086140639779 -0.00057069944528093976 0.0001239866615391044
0.0005965080253057134 -0.00061352028459703192 0.00020239773739719105
0.0045781808373432939 -0.012036759514084606 -0.00076491552359835642
0.0024863014062507984 -0.0081103887977482594 -0.005016869567500663
-4.6667160140945432e-07 0.020815647810719928 0.020818155374844605
-8.1700089174077703e-07 -0.0025372003332309271 -0.0025315420273336895
-0.0024796537536749238 0.008089097396727335 0.0050114481742667494
-0.0024802479121744806 0.0050089423300951844 0.008090670154719256
-2.2497273818887518e-06 0.0010332748594110985 0.00010498489339921336
-4.1579536301245524e-06 -0.0041819024073871123 0.00093725579017919509
-0.00059057357911987548 0.00059510486472977211 -0.00019190980129213657
-0.0010963471065471436 -0.0033168636656837314 0.00043534951750779304
-5.9317749272286514e-06 -3.4164415387661923e-05 -0.0023619052033438839
-9.4688036047486778e-06 -0.0054766658913514695 -0.00026627848615982762
0.00089176227195856736 0.00045517070555114742 -0.00089271644074962332
5.4370696094801086e-06 -0.0050257337564151286 0.00041670708331176189
-9.5465026442179211e-06 0.00079730698764802674 8.9141642260893905e-06
-1.2671305431010745e-05 -0.0054690235329384928 0.00029048631742526507
0.00088863312427214433 0.00046159587243646896 0.00090700495628407503
0.00026612063233294106 -0.0054740407286870624 1.1106976084840844e-05
-1.0112571609581661e-05 -1.9383169167508981e-05 0.0023755334261128412
-1.1960418262633251e-05 -0.0041627734775191733 -0.00092481157851063717
-0.00059757535709504162 0.00061198291040866519 0.00019949507920198877
-1.9821135024603015e-06 -0.0050133414345196704 -0.000399484768550608
-7.68156477064574e-06 0.0010553505871736934 -0.00010377062414790414
-7.8466975420281778e-06 -0.0025161384752501073 0.0025229750247756349
-0.0024869861653579912 0.0081070926813599405 -0.0050165326617465193
-0.0011067513103993564 -0.0032975377557079703 -0.00043304188087078994
-3.6586586381102311e-06 0.020832159805940612 -0.0208301727378826
-0.0024883734984541303 0.0050236512224489669 -0.0081060554841562715
6.755199629057638e-07 9.6283538595339294e-05 0.0010330947839734079
2.9483497698072633e-06 0.00092321635799094074 -0.0041787474201056976
-0.0010928303653666145 0.00042841865087746896 -0.0033134908051757599
-0.00058296968320422759 -0.00019875976937174357 0.00059326207854232824
-8.746938311552292e-07 -0.0032414055247238943 -0.0032306868590164838
1.9891043615951141e-07 -0.00074083079976029634 -0.00072434316727478844
6.3696977447730903e-05 -0.0018329077873522562 -0.00059984296834873503
6.9035444138062054e-05 -0.00061016154106120096 -0.0018267353956463209
-5.6647577780068799e-06 -0.0013272910431333454 -8.1653720857344301e-05
-5.1049607811605205e-06 -0.00026405503683552407 1.7739274598488791e-05
4.6310413342629061e-05 -0.00088948831316245096 -4.2738291559539054e-05
0.00043326772903864698 -0.00055894451338222347 -0.00051825372123655983
-1.0940596159642391e-05 -0.00054815272202831181 1.6707326019973114e-05
-9.7833894339124632e-06 -0.00025758484663743924 2.0221245354901531e-05
4.1427245747317212e-05 -0.00088301672610210089 6.9911110743908268e-05
-8.3983476590568943e-06 -0.00025699784019001074 1.7496800314592151e-05
-1.2847012017023862e-05 -0.0013139715207175781 0.00010744199070730309
-1.0880094731853998e-05 -0.00072456053945601161 0.000744032074764226
5.1614530303539265e-05 -0.0018168879114755137 0.00061417168384386527
0.00042328958631193659 -0.00054824857944415356 0.00054534271685731535
-1.1004040544036751e-05 -0.0032211267529869397 0.0032337665585892668
-8.7990961642764371e-06 0.0009405852993584333 0.0041654732412023162
-0.0011055742736676812 0.00044574863709511607 0.003303936953237292
5.2987425243061385e-05 -0.0005942645991130652 0.0018302684923850827
-6.18676301088812e-06 0.00011225314263936959 -0.0010567829903586016
-0.00059503630631404147 -0.00018686341534486831 -0.00061761206413707501
5.1888314103013553e-06 -0.0023736941293682492 -4.1962181478066938e-05
1.0001053798759799e-05 -0.00028283655061874088 -0.0054810698293496843
1.8917893458014463e-05 0.00040725051789348722 -0.0050257061629189132
0.00090763715796155213 -0.00090041745833507251 0.00044738652501383029
5.9684817144189807e-06 -0.00010050371588039321 -0.001318893670312217
9.267590806221887e-06 -5.772158535344122e-06 -0.00024997172104260766
0.0004405822904785883 -0.00053133190880736217 -0.00054980372677938165
6.5379516428238835e-05 -5.6104987777616337e-05 -0.00088673582646577932
2.3782709633492787e-06 -0.00020024988272626697 -0.00017902152840519738
4.9451001337916207e-06 -7.1445495836294608e-05 -4.572929383047904e-05
0.00025455647105013669 -0.00014815433396484477 -0.00023852807240270092
0.00026262361925046197 -0.00025529647151936334 -0.00013510443226194926
-3.1989611160146403e-06 -0.00018666495035695341 2.3009107282673287e-05
-2.8123364558221701e-07 -6.755141694773795e-05 9.4008452484122245e-05
0.00024869974064568054 -0.00014304413319625215 0.000276801786312265
6.892999483302663e-05 -6.4411477007112307e-05 2.2498672632209476e-05
-7.0662232256082189e-06 -0.00018980269964163552 0.00021448322734615147
-4.3121575419555811e-06 4.3644417850107695e-06 0.00027472061474358178
0.00042466270284013887 -0.00051910184579549083 0.00056921506661968436
0.00025014319448063383 -0.00024835101770033377 0.00016924990847465727
-8.1765499547664692e-06 -8.5248375916876736e-05 0.0013234167721755286
-5.4711992764689765e-06 -0.00027271282710886966 0.0054634909021982654
1.1263924414838802e-06 0.00041962344088805181 0.0050122543920215175
4.5373584739738489e-05 -4.6134973103578147e-05 0.00089049042700937151
-5.695783201548415e-06 -0.0023620015170956283 9.4681257457682882e-06
0.00089164534803057283 -0.00089318028687043315 -0.00047827581620485827
9.9719916350983471e-06 -1.9988147025936553e-06 0.00077945419495427165
1.5669731186000769e-05 0.00027773980840701829 -0.0054825924120259521
0.00029177848032137742 2.4727176187515529e-07 -0.0054796846398978503
0.00091143404514561113 0.00090003748149517936 0.00044759613136629867
1.4223927876790201e-05 -3.2413278284332022e-06 -0.00054671435096549886
1.7423989147355589e-05 -1.2580654412880397e-06 -0.00025017135266523945
1.3800098994137381e-05 3.18653171948164e-07 -0.00025136832952598551
7.2129114813768586e-05 5.6088211580676294e-05 -0.00088657514813663264
1.2264290926686162e-05 -3.5400555612330106e-06 -0.00016795106572676936
1.4677172169081794e-05 6.5978585877698079e-05 -4.4227782312140831e-05
7.6976329788827435e-05 1.9081631946498131e-06 -4.7218069335373076e-05
0.00027094519773390241 0.0002572395931093594 -0.00013358765477042376
7.7768993654485033e-06 -1.9450947289155585e-06 2.7293039243569211e-05
9.8240985572716996e-06 6.5730507668416375e-05 9.6258176069479091e-05
7.0293740793497751e-05 4.0555716533088614e-06 9.2496803756081077e-05
7.8293498878292576e-05 6.9915109625362157e-05 2.4903022158229318e-05
2.2495094164664933e-06 1.1082324770498614e-07 0.00020970231129171049
4.1335357100305733e-06 -2.3063877714107753e-06 0.0002764925175165571
-4.1698931442306236e-06 5.3183866360653477e-06 0.00027336532820406291
0.00025881549701388916 0.00025756576827866938 0.00017056765202146454
-1.842307557164456e-06 1.8453570930177274e-06 0.0005514282648975315
2.8393790859604493e-07 0.00027664327744698306 0.005463743457653201
0.00027113532575915775 4.8042271445056845e-06 0.0054633979291697343
5.1757704372609602e-05 5.6305122736741239e-05 0.00088987707054834393
-2.2777457224613397e-06 1.7861760519520701e-06 -0.00081729668994831497
0.00089518250579099633 0.0009000740389945327 -0.0004811865581504861
1.2462945442717894e-05 0.0023702852273347753 -4.5027766062936611e-05
1.6766052159740565e-05 -0.00092665573133404147 -0.0041826809377975534
2.9066653047274869e-05 -0.00040801502526913364 -0.0050257467058536214
-0.00057425174176265316 0.00019763077207018628 0.00059284529098466241
1.9235339431487645e-05 9.4887324761937057e-05 -0.0013206630546709888
2.065841428694634e-05 0.00073694068932815321 -0.00072415733911358553
0.00045489105792424561 0.00053170780501369174 -0.00054805442985812562
8.5388123637478066e-05 0.00060936148236300555 -0.0018256394836708659
1.9289209445090514e-05 0.00019474464787307859 -0.00017747722297994196
1.9882409783119401e-05 0.00026150601662222324 2.1680032865691135e-05
0.00027188367383587382 0.00015159098006307156 -0.00023450910000283331
0.00045495116839126717 0.00056042379918583903 -0.0005138235951124997
1.6075615807205258e-05 0.00018382822753695242 2.694667324539976e-05
1.5902220631595612e-05 0.00025673755292422024 2.5264723848051371e-05
0.00026622922073443576 0.00014950304752784759 0.00028002769482787977
1.5290814709613911e-05 0.00026058126498488697 2.2845004223485011e-05
1.06732077537873e-05 0.0001897431735563836 0.00021819242302176966
1.0120866416295174e-05 0.00072477407110720267 0.00074774692472068585
0.00043894382661425975 0.00052650431640834214 0.00056998825409868004
0.00044461600634299297 0.00055229114374751552 0.00054770041572870009
5.2830805501127344e-06 8.7465477961469235e-05 0.0013252215383558045
4.9250561646048437e-06 -0.00093981284224174937 0.004165499156455716
1.0033216640451255e-05 -0.00041329754121606846 0.0050091133250575823
6.8175627935376619e-05 0.0005973593992531118 0.0018288668862062208
1.6779101502118102e-06 0.002364247394903434 7.431419237255172e-06
-0.00058767864243448029 0.00018852973634933849 -0.00062412344592941739
1.0839727558022774e-05 -9.7086305151885665e-05 0.0010278166047179671
1.2650527461359589e-05 0.0025393125595420825 -0.0025356339036275051
-0.0010790566030229351 -0.00042982791145730116 -0.0033131462410720103
-0.0024718589901214349 -0.005009254806267377 0.0080899461406995169
1.8401520372999596e-05 0.0032403656829182626 -0.0032326346114020833
1.7188521903481175e-05 0.0041848364691262716 0.00093790720860262604
8.4955527717460092e-05 0.0018327276965757022 -0.00059627282325624108
-0.0010796071499333682 0.0033163686389173631 0.00043770284359331162
2.0440866334795427e-05 0.0013266658748116715 -7.8713646083770255e-05
1.7740024758472873e-05 0.0054787673660715991 -0.00026158279599932722
7.2346007361302474e-05 0.00089065295752750978 -3.6650248258929524e-05
2.8445505003527253e-05 0.0050251589745180713 0.00042272780021974791
1.8646464831083713e-05 0.00054826337305840991 2.2083925729277738e-05
1.4638915179435862e-05 0.0054695805763846448 0.00029550393014874537
6.7497194331923432e-05 0.00088391639926237837 7.359780827745352e-05
0.000292125240025969 0.0054715909901776882 1.5724238295965426e-05
1.3710781771614034e-05 0.0013135852946170425 0.0001121103882951158
9.5422236434303294e-06 0.0041613679017681038 -0.00092160122194948524
7.1800303620165207e-05 0.0018164206149469185 0.00061435551040649801
2.0121733032828115e-05 0.0050094675108549739 -0.00039859185833941344
8.0332625721710058e-06 0.0032203068188837451 0.0032362882647734049
5.2107709801264386e-06 0.0025141357845996004 0.0025229178231052363
-0.0010939811272121028 -0.00044699869064268052 0.0032992226950799911
-0.0010922712506595644 0.0032928460439215807 -0.00043533687424716428
3.5583643100920661e-06 -0.00011290200027154517 -0.0010587980670189031
-0.0024820763442022099 -0.0050270906331233677 -0.0081117226597505546
5.9598581929152397e-06 -0.020812423363639893 0.020814197614426773
-0.0024703766222917076 -0.0080882814424947554 0.005012158636453783
1.1196616178725035e-05 -0.0010279180441650662 0.00010388170312481543
-0.00057512555573482579 -0.00059589494811786137 -0.00018860936145111259
1.3425486074298027e-05 3.9009246046318741e-05 -0.0023593526306509563
0.0009111709113207773 -0.00045839887458774429 -0.00088808992762112249
1.2668939304873077e-05 -0.00079485882174135298 1.2787540384374444e-05
0.00090785367255281587 -0.00046785250714210863 0.00090953856034987999
9.2995209740004173e-06 1.9392045750083863e-05 0.0023784953295515232
-0.00058309994166611738 -0.000619243516021095 0.00019894494578719026
5.4631709793593939e-06 -0.0010574362526362888 -0.00010219315821232929
-0.0024794593706184897 -0.0081133414067022253 -0.0050198818299946046
2.1642142308367679e-06 -0.020833916733999105 -0.020831603853601381
0.0064062570352991597 -0.0051002181284501473 -0.005098518353839402
-0.0045693787716037677 0.01201854607374702 0.00076769512661957148
-0.0010382499213000946 -0.0026594132507259359 0.001358938993485908
-0.0033783983700689741 0.011593392655025982 0.003377237017339801
0.005718034202357029 -0.0032233526095169036 -0.007471585422394623
0.00010711326861498381 0.00056094473669644632 -0.00010872543237910382
-0.0004175326574606794 -0.0050239087582715563 -5.3110525845823358e-06
0.00019190960751227788 0.00059514714896156799 0.00058962965183138351
-0.0013594940888792899 -0.0026584460836855794 0.0010381922175317121
0.0023615091034582419 -3.326788917595077e-05 5.9728966632634072e-06
-0.0004214057769079385 -0.0050182235193725576 2.2379714808824758e-05
0.00018955841487554553 0.00059922869054996513 -0.00058064754574487811
-0.00093602506539619676 -0.0041763165396584423 7.2126697259764568e-06
0.00010173664599369533 0.00057093281606100839 0.00011830158753499062
-0.0010482116669175796 -0.0026450822127337451 -0.0013499705424494766
-0.0033848521387353937 0.011604288406089049 -0.0033723593828948223
-0.0013660791403969064 -0.0026496099442988976 -0.0010267217375748948
-0.0045773473654547132 0.012033988011828008 -0.00076660229522702286
0.0063948759606348542 -0.0050848885404243555 0.0050924051359376755
0.0057074403915271053 -0.0032104503018211199 0.0074726893254359545
-0.0045668138847364519 0.00076641431321722558 0.012018066417143508
-0.001031513908563271 0.0013551120682335316 -0.0026583457956314478
0.0057201368418821055 -0.0074722235979160813 -0.0032236156275522892
-0.0033753412162635969 0.0033785453714776262 0.011593801853664851
-0.0027246587275611815 0.0025254621674844703 0.0025293154749179104
-0.00013633513660068477 -4.0529716443708265e-05 -3.5672097168763101e-05
-0.0026557638402793784 0.0032304627980494832 0.002656729264974126
-0.0026530281321876636 0.0026567534089472588 0.0032314347423250283
0.00020393482969842619 -0.0011927740154454227 -0.00020180463401792853
0.00052433059286844698 -0.00055346947509835151 -0.00042449579883525391
0.00060164680627870369 -0.0018267099445200339 -5.9286799289824405e-05
3.9332012354919871e-05 -3.6491986085522657e-05 0.00014305403378771534
8.3863444482953637e-05 -0.0013183819717709228 1.1904053928287805e-05
0.00051855062527206828 -0.00054817765583725848 0.00045183479046894803
0.00059727597972183228 -0.0018219456799054999 7.7170458503096162e-05
0.00072747381681586448 -0.00072518394797589452 1.1945514935379725e-05
0.00019478205232352041 -0.0011824858810560528 0.00022045164287676569
-0.0001510748685514666 -2.8050940346053199e-05 4.9664314133984061e-05
-0.0026674394841233093 0.0032419414462659668 -0.0026476789431143823
2.9129229533681909e-05 -2.8687071944551721e-05 -0.00012501162170201752
-0.0027391877706915528 0.0025409374221021107 -0.0025269545318567588
-0.0010481308204743122 0.0013675712302316906 0.0026485060393623768
0.0057068111664920502 -0.0074600474644412182 0.0032168255051437007
-0.0026690120155849952 0.0026676137784287257 -0.0032298850413422769
-0.004578168226561625 0.00077805175197695952 -0.012034407754855092
-0.003387915895398684 0.0033865587907836894 -0.011609631576469697
0.00011718049820094441 -0.00011168079454572052 0.00055978829179458445
-0.00040082645638271066 -1.0209938085530103e-05 -0.0050250760581185714
-0.0013517878691451999 0.0010377192485079216 -0.0026579644144166126
0.00020084598596843825 0.000589316388898101 0.00059660309053543269
0.00021413450870063884 -0.00020728238311609222 -0.001190880253461014
0.00053688071446554467 -0.00043254064019229352 -0.00055091191011932827
4.3231533410829958e-05 0.00014186908074071813 -3.6427361106010228e-05
0.00061234424583627583 -6.1053670819734545e-05 -0.0018277283114394151
0.00068087894023175183 -0.00067569106268649658 -0.00066952934044616635
0.00015220705808336615 -0.00024926759816916336 -0.00023960866402917484
0.00055583658885559263 -0.0005202377941780985 -0.00042478335280170834
0.00056073365464825043 -0.00042770024958492699 -0.00051985207260735211
0.00018964380783346513 -0.0001861935430669771 1.7039613664603525e-05
0.00014516417641272203 -0.00024562312153764382 0.00027538954313497744
0.00054969858575940641 -0.00051655777853454408 0.00045080332495092375
0.0002580554390758424 1.1909988734527578e-05 1.5641430558562444e-05
0.00066865486192031775 -0.00066773831879119393 0.00069524708891852355
0.00051838579293533469 -0.00042473264380411531 0.00056776809143119363
2.7306111000858596e-05 0.00015039773245248021 4.8630253511282469e-05
0.00054763512652520848 -0.00042257071910082461 0.00054274451199465474
0.00019477175958237838 -0.00019628321231206707 0.0011934825061661782
-0.00042160402261099328 -2.7390940973215437e-06 0.0050119122549705554
-0.001369679553455988 0.0010458123391698807 0.0026486840708975119
0.00059246332492578864 -5.4225650230940763e-05 0.0018288421968636352
0.00010197252096782322 -0.00010378119679930933 -0.00058247779854463111
0.0001851643751002211 0.00059371874338479049 -0.00061625928297057327
0.0023779119509055977 1.9553556912615128e-06 -3.7314338995537034e-05
-0.00039681091506373382 1.4797770334330871e-05 -0.005023581774830357
-0.00092257282581322062 4.3815793855186126e-06 -0.004176993671545632
0.00020255289657092118 -0.00058403443701897254 0.00059942883409852109
0.00010555428588543951 3.2980118636875408e-06 -0.0013199214080685082
0.00054320026390894524 0.00043978930087841756 -0.00054897569138472502
0.00074125368446726063 6.5971520084636045e-06 -0.00072703082811337717
0.00061565266609471623 7.1141159992892133e-05 -0.0018254456102630439
0.00020376831209651774 4.8904502872212948e-06 -0.00018146103048103675
0.00015983053103752929 0.00026094680657345675 -0.00023693282416673651
0.00026420744860626436 9.5410862096580907e-06 1.4883698611531132e-05
0.00056561203194324357 0.00044289705336049217 -0.00051704984127203066
0.00018894858055238197 7.2685823859288751e-06 2.0765481812040743e-05
0.0001525523697223953 0.00026147726870268334 0.00027687000228554537
0.00025680705290085488 1.1704884090483651e-05 1.6495981264113446e-05
0.00026357834733810412 8.5153232296748463e-06 1.7624003796438623e-05
0.00018983602186620712 8.8399117405448392e-06 0.00021172895293843997
0.00052408730820307928 0.00044086622621224961 0.00056723526832422365
0.00072244094543549126 1.1167004286132066e-05 0.00074083601982228534
0.00055177553614285787 0.00044410300232970853 0.00054212689680197424
8.3321413193509597e-05 8.1073716725861089e-06 0.0013218929858646873
-0.00041829337983287427 1.5594579966053786e-05 0.0050091210788945732
-0.00094275388266631445 8.3578228874404677e-06 0.004165310074722599
0.00059441786999936451 7.2451233864893069e-05 0.0018259719573935915
0.0023602900096863387 5.0278192949047517e-06 1.0385417831478092e-05
0.00018591263878731058 -0.00058338998009920852 -0.00062151313480076492
0.00012229539394204708 0.00011338891500536907 0.00056279845735092079
-0.0010217996703501993 -0.0013547881140747041 -0.0026546273795505552
-0.0013476364151461307 -0.0010327255306064693 -0.002653421507714505
-0.0033723562749309269 -0.0033782582939845987 0.011600003508582628
0.00022394377623735759 0.00021150036000911604 -0.0011884890624714243
-0.00012088016632684132 4.3636502831096314e-05 -3.0340161929409779e-05
5.0993657772591323e-05 -0.00013245320419032116 -3.1192608243135148e-05
-0.0026455521188264294 -0.0026537108336512861 0.0032380591692793099
0.00069401605761622862 0.00068347809335420886 -0.00066501560020504336
0.00054327785614881677 0.00056005393845486398 -0.00041780685110397566
0.00056573036752186165 0.00053487750221441264 -0.00041942818308996578
5.0631355603054256e-05 4.383715462558723e-05 0.00015090319412421104
0.00020425127754654886 0.00019804235291641479 2.1165254382078283e-05
0.00053678760548217367 0.00055607763663370483 0.00045436314546347124
0.00055823604762870039 0.00053375259067637302 0.0004518740729041242
0.00073954712520586923 0.00073521521726352109 1.6303708274228488e-05
0.00068092755048896562 0.00068048024267828807 0.00069556241337920136
-0.00013767594877897625 3.4346273182617247e-05 4.7113977631603595e-05
3.2593681264542857e-05 -0.00013531865347489761 4.4952918048064502e-05
3.7962392347660166e-05 3.7677123522820836e-05 -0.0001274776823185172
0.00020289038024173193 0.00020737953083886282 0.0011901090231480895
-0.0010410620790216464 -0.0013642182307796291 0.002640982528472606
-0.0013679894960161045 -0.00103580502961073 0.0026408413324115268
-0.002665543374673974 -0.0026623504317248624 -0.0032377646514428491
0.00010552225297293864 0.00011017246232953931 -0.00058993257115655525
-0.0033881680047626694 -0.0033848960525120981 -0.011620944412973819
-0.0045600544802747887 -0.00076797226190825573 0.012021721052528864
0.0064149062441789216 0.0050974700890520364 -0.0050942926759126482
0.0057249829656460293 0.0074698821465780437 -0.0032163765971693582
-0.0027111006599769274 -0.0025263761170350985 0.0025346896730127151
-0.0010226939782692762 0.002656339228599037 0.0013662679384675511
-0.0026458491656901882 -0.0032307421963641203 0.0026663731109914418
0.005724182897458293 0.0032185097751859359 -0.0074629249096082812
0.00022330937361882337 0.0011939016321002383 -0.00019409259179508563
-0.00039818638072262966 0.0050195072031464201 1.883544425231021e-06
0.00061417116722160998 0.0018281165095430881 -5.0993659384072264e-05
-0.0013492089512979308 0.0026520060416892555 0.0010476087715182774
0.00010485924432870186 0.0013200286357280969 1.7144888782082308e-05
-0.00040310326200443804 0.0050121028231429844 2.3489377076046512e-05
0.00060832394689682226 0.0018226179225026048 7.7314191166666033e-05
-0.00092538552546275678 0.0041683697155410959 1.1101255977439541e-05
0.00021226087827055115 0.0011826652225206699 0.00021908430323312885
-0.0010356704701427314 0.0026379606282303778 -0.0013543175671682475
-0.0026615792831309283 -0.003243420507536109 -0.0026549509152766068
-0.0013585957381391036 0.0026402090747925204 -0.0010313646638787973
-0.0027286644895200534 -0.0025424372309289485 -0.0025331776317763519
0.0063998392362776858 0.0050782769430236865 0.0050842127362863247
0.0057071363720448401 0.0074567730617272456 0.0032057118450681686
0.0057087865395868027 0.0032015449908090613 0.0074627424469607406
-0.0045743805461414813 -0.00078025507900715855 -0.012044598662443116
-0.0045601708116554864 -0.012022251525266864 0.00077235267342422309
-0.0033724506159203559 -0.011602462217369998 0.0033853019478501186
0.00012084302927217738 -0.00056868644809655844 -0.00010239438130354474
0.00020003054810740497 -0.00060983852641365152 0.00059575463631196621
0.0023763302408428286 2.1383621897114787e-05 9.5631791983650478e-06
0.00019607145279196801 -0.00061630030488283964 -0.00058153515935082778
0.00011368636380912778 -0.00058375909787545307 0.00011647455561559269
-0.0033819260376715963 -0.011618474773006565 -0.0033789604425962776
-0.0045713030503898829 -0.01204407362556436 -0.00077206228899472009
0.0074709292438352145 -0.003222926702104533 -0.0057194896455914201
-0.00076731062459178996 0.012018578625999105 0.0045685164945729016
-0.0004342240213565658 -0.0033133396965893697 0.001097711388952705
-0.0050100968698751696 0.008090339285304126 0.0024811842393697948
0.0050982905945139122 -0.0050979744274729268 -0.0064055614163749351
-0.00010417421568847821 0.0010347665689967893 3.5563282806784825e-06
-0.0004374753511045816 -0.0033096133552086549 -0.0010874403026041959
-0.0050119671449125516 0.00809301772392154 -0.0024760425294075867
0.0025317722433701954 -0.0025309260425610521 4.0078698472479026e-06
-0.0007712119434745944 0.01202461230508186 -0.0045628473441440276
0.0074626619020470315 -0.0032136416904449713 0.0057240556203884164
0.0050932351701262618 -0.005092894861196259 0.0064117273327216374
0.0074733104863087679 -0.0057167954209583456 -0.0032234527487534003
0.0061891502401994029 -0.0061875950932767845 -0.0061894762484493333
-0.0032295167398874959 0.0026587754493174959 0.0026566521647812999
0.0032232500404173236 -0.0074698268955536266 -0.0057194234302278147
0.0032230546589229574 -0.005715514434163245 -0.0074720982201886225
-0.0025278149025581916 0.0025290199686921686 0.0027277311849202238
0.0018277205491046623 -0.00059920783544472971 -5.9153337121823236e-05
0.0033137131311265218 0.00043550053993978463 0.0010979865519542078
0.0026584177263051104 0.0013613438107540959 0.001037974199694828
0.0032312176294939073 -0.0032298632207450355 7.2643016564965707e-06
0.0018229048608349482 -0.00059602264085285438 7.6609369672390733e-05
0.0033101869397972866 0.00043833129651611432 -0.0010876340850838604
0.0041763657181522421 0.00093770551546158341 6.828283347055242e-06
-0.0025354184197004855 0.0025361909234519605 -0.0027167568023384516
-0.003242212038785833 0.0026666386328579742 -0.0026486855373402461
0.0032138192480618178 -0.0074630258211540353 0.0057239150372982153
0.0026496343793552817 0.0013660922534778149 -0.0010280331424660826
0.0061768825044147737 -0.0061776432224813962 0.0061898837552682943
0.0074592882529895231 -0.0057084055364852631 0.0032168828676127871
0.0032104573117100639 -0.0057089149361928696 0.007472156390869452
-0.00076599208262972387 0.0045710107752601516 0.012019892342072284
-0.00042956262870234158 0.0010992062494127172 -0.0033125787244988199
0.0050989502611635202 -0.0064020833123899536 -0.0050982800381887735
-0.0050114703055819275 0.002483755643709216 0.0080932535106036287
-0.0025253342150603486 0.0027300620537886208 0.0025286439964542192
0.0018317784630409691 -5.7986073353878226e-05 -0.00060141723406728252
0.0026581702002034849 0.0010417908168499617 0.0013584230090984482
0.0033136482465101823 0.001100763976058123 0.00043448025796326045
0.0011929891289305652 -0.00019995771720968353 -0.00020245162305176771
0.00088886938127994732 -4.2949112509982259e-05 -4.4393737788718838e-05
0.005023214324224012 0.00041983103905826971 -5.5826269672061405e-06
0.0050236162451570386 -2.0999583395078835e-06 0.00041586614098712603
0.0013187502793960935 -8.1463149185854143e-05 1.085144543603248e-05
0.00088235335462879681 -4.0715024435707627e-05 6.6860478523311925e-05
0.005017890241673071 0.00042172032158507952 2.0433327047984545e-05
0.0054723718960477726 -0.00026518862265525626 9.1072106367819739e-06
0.0011823277478936784 -0.00019465738799555755 0.00021846086428075956
0.0018157591918580322 -5.2895268367682963e-05 0.00061141269275712313
0.0026450713428650564 0.0010466390001595874 -0.0013520797636736737
0.005012434021825548 1.1042872413076588e-06 -0.00040288583516905735
-0.0025417595526778382 0.0027369528721848035 -0.0025281638182756746
-0.00044662275632232306 0.0011039104578703495 0.0033041734724233236
0.00508509104702213 -0.0063970724553950413 0.0050925331930603505
0.0032977509827977749 0.001104827808417099 -0.00043429881570578488
-0.00077869139170833046 0.0045759428156686805 -0.012033721642672432
-0.0050232305641060796 0.002486750343696136 -0.0081042398424210921
-9.8463191690657294e-05 3.3100108221238796e-06 0.0010382278687610944
-0.0004292106186465478 -0.0010901798346238142 -0.0033094764119603001
0.0025327546032479697 4.8629261084597635e-06 -0.0025304261113085402
-0.0050124018809212341 -0.0024787509826149105 0.0080959462710051729
0.0032384264535915857 6.7055877146953199e-06 -0.0032319223603326903
0.0018334765738669235 7.3140062261894121e-05 -0.0005984844524798891
0.0041779411388364173 8.2894622679565065e-06 0.00093530331826578391
0.0033120923877305829 -0.0010894799428445658 0.00043790848265669259
0.0013250478929765796 9.7256264453690207e-06 -8.4401871128638145e-05
0.00089056980918923495 6.423815798309681e-05 -4.1502309745850181e-05
0.0054737075572884198 1.1565830295458135e-05 -0.00026883627633342804
0.0050216255298298224 2.0255870149494073e-05 0.00041910041434025541
0.00054646961671364906 1.2771301829555412e-05 1.3334866491035456e-05
0.00088341594322204758 6.4938904946747347e-05 6.7040825672116055e-05
0.0054672514574607136 1.280482854474052e-05 0.00028680868538617159
0.0054694354686453794 0.00028796263850850112 1.0394482088705462e-05
0.0013120754382314145 1.2849422765505112e-05 0.00010307899958359276
0.0018154503317116477 7.4562561896377756e-05 0.00060889726109377394
0.0041620062785393801 1.1038843402493144e-05 -0.00092777658494993804
0.0050090206332787717 2.1067779018772714e-05 -0.00040474065540989194
0.0032193507139470215 1.024859306446229e-05 0.0032320017535996544
-0.00044803044323507438 -0.0010893423059858873 0.0032993531313861048
0.0025166985857444741 7.2921398981217598e-06 0.0025236291942446788
0.0032941507174509858 -0.0010885935769199898 -0.00043812878940730393
-0.00011286660259092734 5.6403274648546729e-06 -0.0010544927108168123
-0.0050253296492490454 -0.0024787994537778871 -0.008108673024099948
-0.00076628885184376844 -0.0045680047788376173 0.012025676521672711
0.0074734392925677618 0.0057177135430261207 -0.0032155642488715993
0.0050960847813665468 0.0064069306148719024 -0.0050921273482878015
-0.0025239626101956668 -0.0027218566352652756 0.0025347117252567815
-0.0032272085738351526 -0.0026530389828985598 0.0026659333689375902
0.0026545124044981415 -0.001031222298701786 0.0013651455761945291
0.0032188663681229314 0.0057176405890656959 -0.007462929939197116
0.0011960957519663289 0.00021419163243506512 -0.00019595997899777282
0.0018309300671523843 0.00060878772788764291 -5.2068037646456431e-05
0.0050183034051843548 -0.00040381483100552129 -7.9028123856794046e-07
0.0026523918322369257 -0.0013544655323874898 0.0010467386119609691
0.0013212660357081966 0.00010000862778136688 1.3958245346280184e-05
0.0018241031078637469 0.00060609859706024555 7.5797069766446858e-05
0.0050112525312473897 -0.00040455753693760229 1.9515414909794461e-05
0.0041684686891791068 -0.00092861877007475069 9.5321627822453751e-06
0.0011826233125186735 0.0002122121255514362 0.00021543664175542468
-0.003244123953432731 -0.0026596563536128073 -0.0026563479310797288
0.0026380876432321883 -0.0010330723869790403 -0.0013579104133289361
0.0026405441046980847 -0.0013584943939052567 -0.0010335905269643255
-0.0025438189907658576 -0.0027244482366700243 -0.0025348222313536215
0.007455134487564229 0.0057106056443787341 0.0032058281509146332
0.00507905212145735 0.0064040810061285758 0.0050843673789330085
0.0032015437003526364 0.0057116008952242912 0.0074616994674283361
-0.00078128058531896742 -0.0045703388274272137 -0.012042462546059314
0.006189563603732468 0.0061854167072374119 -0.0061793386964080314
0.0074712492283590445 0.0032158822360029262 -0.005707927424610776
0.0032171651377347998 0.0074675960128377577 -0.0057082452039617874
-0.0025254255704183471 -0.0025291234097417868 0.0027384054835363283
-0.00043317409639007424 0.0033042143529947495 0.0011052212940522415
0.0033053730236408544 -0.0004361356043349247 0.0011051046972717828
0.0050910839025738383 0.0050897178386344255 -0.0063954430394718535
0.0032327179858513745 0.0032304091257786822 1.0965394684013844e-05
-0.00043779645283894165 0.003299126200526508 -0.001089476283298661
0.0032998435425723744 -0.00043933662683491646 -0.0010901312327456481
0.0025223786995581914 0.0025211966947375763 6.2888563450702957e-06
-0.0025367410973935805 -0.0025371692746664091 -0.0027228750335400445
0.0074589365613233569 0.0032034224097974946 0.0057141346756396302
0.0032033789101770381 0.007459523080108995 0.0057133299703758687
0.0050828081522781288 0.0050824458789930239 0.006403728381822963
0.0061723462986550178 0.0061738770885982081 0.006178270108936997
-0.00076698613125985877 -0.01203219919019595 0.00457697244497802
-0.0050168872327036752 -0.0081055825959664655 0.0024869940808189845
-0.00010415945170857348 -0.0010527884371629888 5.8002860999578789e-06
-0.0050198622027846198 -0.0081096455134445581 -0.0024790794321727372
-0.00077379610608232586 -0.012041333035938554 -0.0045687533359978988
-0.0080904656606764734 0.0050106080708130947 0.0024811968873426071
-0.02081711598834949 0.020817226476348538 1.8405140979822967e-06
-0.0080927549587413838 0.0050125887255222153 -0.0024763827818571511
-0.011594099814796732 0.003379886732134749 0.0033769618719896918
-0.012018380592543239 0.00076799866924199796 0.0045683720566315087
-0.00059582979889276832 -0.00019069543394559631 0.00058986040670169662
-0.0010348472634702753 0.0001048580179100673 3.5947619856279859e-06
-0.0006001441294342701 -0.00018893176640958839 -0.00058138767457340153
-0.012024578064972783 0.00077158303280981362 -0.0045632805125005024
-0.011604265543614357 0.0033841914348317599 -0.0033735839468928973
-0.0080919759888681136 0.0024828035880816255 0.0050116914566316079
-0.01201995390667455 0.0045718978243939569 0.00076728728318967176
-0.00059789483704680239 0.00059326613536137419 -0.00019294975309160729
-0.00056241414530759301 -0.00010509383119730164 -0.00010891482016857357
-0.00045689407460116726 -0.00089022352182893476 -0.00089372541246200438
3.2287208030357464e-05 -0.0023607412131017788 5.325026097988944e-06
-0.00046242708225436528 -0.00088912390564517617 0.00090505663097986992
-0.00057124455086848651 -0.00010259956305867486 0.00011674982251587591
-0.00061083862408013376 0.00059572038011154412 0.00019770727383706162
-0.012033053151184218 0.0045756801210596184 -0.00076729908178169918
-0.0081053795505199051 0.002485278496317302 -0.0050159785917784387
-0.020819214299787836 2.2793726368563562e-06 0.020820726385409417
-0.0080953052383930801 -0.002476472600301584 0.0050145531108585165
-0.0010379030007223069 5.0017936569466965e-06 0.00010440856981688037
-0.00060211894739771975 -0.00058159621472658339 -0.00019020971533276632
3.0560569709893199e-05 7.7840151328732264e-06 -0.0023632341400032174
-0.00046320088335469016 0.00090686570997153238 -0.00089159752060986625
-0.00079922730855934237 9.6689758887709515e-06 6.3571023592117187e-06
-0.00046949658776987641 0.00090717706629705357 0.00090433300411550265
1.9876492091117689e-05 9.3408921232707432e-06 0.00237237734932349
-0.00061729709014072924 -0.00058116055412064569 0.00019506051191869704
-0.0010533786627240555 6.7987570903690158e-06 -0.00010449418227898325
-0.0081098460123908145 -0.0024765968694128119 -0.0050195488029902095
-0.020830168966416922 3.3849021204392298e-06 -0.020828548746667428
-0.012026313788874811 -0.0045663172471640994 0.00077264983225284762
-0.011604509253643452 -0.0033768775524182365 0.0033848916955841659
-0.00057198228463947276 0.00011564073014019589 -0.00010393768801731339
-0.00061111859180273736 0.000196829240398427 0.00059475571343753256
1.9781170338104047e-05 0.0023737404096360248 6.7177682141618396e-06
-0.00061712941890961631 0.00019538089875953141 -0.00058317325277847045
-0.00058369283295298829 0.00011455608396226859 0.00011334851508529266
-0.011618135153720085 -0.0033805243675347741 -0.0033807229713267869
-0.012042181208114925 -0.0045683503018813486 -0.00077331787469454849
-0.012032132153762478 -0.0007695047708326094 0.004576579195847497
-0.0081055535833575235 -0.0050181650828919318 0.0024866583782028953
-0.0010531375653892142 -0.00010586881887840894 5.2489206560727324e-06
-0.0081090585262794147 -0.0050206381920395249 -0.0024793824077350944
-0.012041305750910733 -0.00077376125430678915 -0.0045693864984827758
-0.02082952441948277 -0.020829724637391325 2.6241591212276203e-06
