0.099161809767674428 0.11039255579374029 0.027951139793066748
0.042216890919768997 0.0082986271921473391 0.038229158101617283
0.0077963641758617098 -0.031773421670308978 0.010726736367144364
0.078963279584740947 0.037099151430071579 0.035481597418080164
-0.03663839961911057 -0.060767287440747456 0.057201565325147481
0.10198747342624426 0.020840868072947098 0.057022440816404313
-0.0021185259211098286 -0.012684387536565662 -0.018324262816262885
0.018878048572177165 0.018485999674387563 0.00092617128971384226
-0.12880745544956987 -0.095470482009712546 0.00033993695187058614
-0.14119338493315528 -0.033002005450344644 -0.071151846462550516
-0.065666597235850305 -0.071829016982843552 0.12619509247239738
-0.213909976908847 -0.063900907168284768 0.081072618661369167
0.13949986167277248 0.040509589454413616 0.036910914188539375
-0.012697502172321063 -0.0085026877479037807 0.167094579892305
0.17133352281280478 0.049772263310831774 -0.046948994686918544
0.074742301907520653 0.011771197085186133 0.092689566448076341
-0.068328378548391133 0.029072399712073323 -0.06108573709478269
0.038073717452069583 0.018157532561169872 0.019107183837443489
-0.22832248464941607 0.045425848362792218 -0.029329009089401094
-0.10601272218176146 0.10238976151133068 -0.056247071626627676
-0.15331105028049702 0.04754840892886044 0.18204267688553838
-0.17013823156121533 0.15030753942618708 0.083921062317193512
0.095315253390005003 0.031604087255158994 0.085331963014259188
0.023696673158398372 0.081548090512488944 0.1515844034483779
0.19956156235437836 0.01488495694907507 -0.1825150752452997
0.19542163885365563 -0.0068994461981889861 -0.062378902745953209
0.046769115374405243 0.048731353328210505 0.014534074727125713
-0.056885818847131203 0.15052728005923924 0.018154754526366376
0.080661093370316211 0.039834986401329105 0.043631394085366877
0.0084759332856120008 0.12642239236752612 0.1134604349289707
0.057615702078978745 0.074612381357573587 0.061047780118667988
0.19151546245732443 -0.00060275464942485791 0.0044558092322141713
0.17927182967935845 -0.0090971736737947336 0.024033075459672662
0.12610123010264915 -0.032247596858660424 0.061722394224956179
0.16797433401681569 -0.062115553955122346 0.019919981379788815
0.17134479572371908 -0.16392712024651249 0.030466282933859258
-0.0220572455390931 0.049301843052510168 0.037979219788390882
-0.077792628868498206 0.0038583783500518044 0.0031657336604816321
0.0080792452048312029 0.085625376448078105 0.038859377666809976
-0.11300655402270027 -0.041982702114782715 0.058612681523015041
-0.024820797742973379 0.096348329922346432 0.061229816542858889
-0.088758135762453255 -0.062503487094410989 -0.038565806726656132
-0.11325604533721359 -0.065563005920452513 -0.045380809799708086
-0.11381485750605946 -0.070191995986849345 -0.053937015748388648
-0.072679569705583563 -0.040830575695166953 -0.0018265279102061985
-0.21933330598403139 -0.16417786980018548 -0.011259961610811928
-0.23063486910819186 -0.18904829727729022 -0.01369043367345547
-0.29631833336427582 -0.23198672489652503 -0.13591105234644332
-0.11826986898463737 -0.083638703423828897 0.062458293569858707
-0.16652607049869514 -0.12457158235555818 0.16454051899552213
-0.18926260524820254 -0.13787984458164881 0.16680257425510689
-0.40026986822675392 -0.32853203630711092 0.1086694990963671
0.0051434606988456626 0.035880034045468578 0.076362126431187449
0.030004326792647536 0.028868275317782084 0.061947001016280985
-0.022121683652680815 0.053474905905855401 0.06821662028828758
-0.21208468899633212 -0.14789342127910982 0.2709525214488685
-0.0049362570053861276 0.040395234948292419 -0.0055974181310569516
-0.03822636448426938 0.01759974853837076 0.029816885614922316
-0.083747140669810996 -0.016955068669292448 -0.0068968943607251561
-0.083113253897798403 -0.028099520092798508 -0.039449463467947039
-0.23275284463062088 -0.048683295373185546 -0.15046515921836601
-0.29854913270142253 -0.17379456057955892 -0.20859393156025513
-0.24193874796183212 -0.052548742476747894 -0.19464561182071369
-0.27053987607930829 -0.15553223685440049 -0.119517546105156
-0.47467483904303026 -0.12654748166473206 -0.081451526791155887
-0.5623898294915507 -0.3732883055055834 -0.11247264779001453
-0.56780988166974888 -0.16445823321624248 -0.33360556908304617
-0.36947945642010432 -0.2242267534071184 0.10235288082441257
-0.41128947088312789 -0.10635040643406578 0.29147926321372464
-0.50996552161445352 -0.33580517246820901 0.351431436432035
-0.74854910149245113 -0.24087358472432152 0.14802674085484605
-0.16259344159226216 -0.098899935147129303 0.24717554646278259
-0.087511261232463139 -0.0097010450425262327 0.18977763743843787
-0.1823071971202469 -0.091645722418080444 0.25625827444400789
-0.4656882068830458 -0.12448355680829311 0.51440329137193819
0.05507113507697816 0.043596949187428131 -0.019219234248768906
0.081591968101459328 0.052116223646754396 -0.16153645374239256
0.015314015210272695 0.049225052216937196 -0.14302195860690881
-0.1114414964973913 -0.0034720049965361781 0.12150052170588725
-0.026704112146639286 0.016634557449743102 0.049397459006137762
-0.13613075917935222 0.02233111712176308 -0.074979687300393658
-0.1482594068877795 0.030651381983894034 -0.099375118950977337
-0.20723176031065971 0.12854009276837614 -0.12554884977495895
-0.42183908744560938 0.056067572526446896 -0.31710363473387349
-0.22591141715454757 0.1259852187203645 -0.16181538022286279
-0.38813164869412886 0.056167707755039452 -0.19615267675033163
-0.434850435179789 0.24591980938773372 -0.065146409660585727
-0.75628048665031966 0.086981362953966385 -0.18788648967629287
-0.53807982486202022 0.29527502536627936 -0.30419590024240029
-0.53487502813532206 0.072106482626266774 0.12470005770097063
-0.36855175611548757 0.22877088141015478 0.27782318163189212
-0.69843457789068952 0.090723374354999234 0.46674043638586116
-0.70906327389638735 0.40562160650200868 0.15141428557666906
-0.26675028349448265 0.060935241435339939 0.34099271561982691
-0.054694552974212336 0.095456551383987662 0.1655875626906321
-0.2846669030831927 0.066454378154376659 0.37569458199690287
-0.43134151245807828 0.26213246598157652 0.48833758752210593
0.0091898650326277306 0.036791809685376112 0.037129509643666153
0.10050968147093221 -0.0071506126893892295 -0.18453475992389765
-0.02374618028684921 0.035766038171238468 -0.10159312317470727
-0.083883255174480503 0.091144257165685527 0.092406512418520229
-0.062185080370348492 0.053253435654582022 0.040069459171538119
-0.047405887713919799 0.066468348066765395 0.0061785331920079945
-0.028038261420612651 0.072134221304001434 0.014956260000932356
-0.25570915342145845 0.24511695378268727 -0.15241101056277459
-0.069230118824234771 0.085859036614950243 0.013325418857081495
-0.21053033853206635 0.22316276900612159 -0.081147757368163612
-0.13398689546411632 0.18308719524803604 0.021417069342131008
-0.4970031132484779 0.47312374245321215 -0.078634777281095997
-0.22531342111278757 0.25615464091966089 -0.075850749799390577
-0.29558301419718835 0.30505297805115422 0.10669379888576928
-0.083120130973155071 0.14677572852463089 0.1383788234121803
-0.44426691430759563 0.43397159145276104 0.32256001762959369
-0.31668580991235346 0.35713969285861352 0.11421205836641572
-0.10106146458331146 0.16689800297213572 0.21063947921866202
0.095603778737587311 -0.016475678836538405 0.010457917266587827
-0.1283239143057319 0.16375974617584418 0.20885801461964162
-0.13944751170319977 0.17591064035174431 0.21763068990766105
0.10015018282789209 -0.004627030694438451 -0.06031217199235385
0.049461918327658887 -0.014583603099396663 -0.19801685213815876
0.049713956039524151 -0.029505848710428169 -0.071331284007509127
-0.049616608107208166 0.035911538272335217 0.019998062305173488
0.0022955222515478164 0.0096501786402841301 0.044537456665572059
0.045806640083599214 -0.12085614042103142 0.064722325218766544
-0.14771155814180043 0.1479292090920738 0.025682871692032424
-0.016087280333524911 -0.083738455447244453 0.049476811347761308
-0.030608780706258901 0.049203842447204597 0.06973595460442629
0.078477452225098041 -0.16475132611135332 0.016717646219425938
-0.10855068079037859 0.097532071375328683 0.13843541906409371
-0.047758026339739079 -0.059867483734063406 0.062092098283084617
0.081992430630193264 -0.065729227312513461 0.030451461592694257
0.044462568542199724 -0.084119360147602268 0.0035729971717313302
0.03605028281735978 -0.18317847590397157 0.02025914775996884
-0.068951643784828709 -0.024069456731227092 -0.036368848542118484
-0.029775014574819989 -0.020627385240257836 -0.035564136938428727
-0.1653463789262537 -0.15766537893218593 -0.0044616869342694746
-0.10251981877527891 -0.19752679878579341 -0.091365385962818804
-0.13778380488321265 -0.093715320845543765 0.13448594935551084
-0.14193999435015112 -0.27451124665806803 0.085964209419737606
-0.01341937697717081 0.1153808827851692 0.056030111128588217
-0.073502696104539508 -0.064447305783116873 0.18878623332859104
0.0045290008794916826 0.13390880963701324 -0.012144135080523619
-0.066900404925899271 -0.052512954966948661 -0.023944453463012234
-0.027067244606341849 -0.044892807542589161 -0.015048989719519467
-0.089245365304030155 -0.07547366853880523 -0.062319718963254861
-0.26103462974361152 -0.24494984114843477 -0.22246395957603265
-0.13411206077009039 -0.24107633373537471 -0.18654421752072592
-0.1329629369325018 -0.20738891527141071 -0.23095514391606137
-0.24538295575831359 -0.25644879050344943 -0.13314423108017334
-0.48250295667299054 -0.49544213626922434 -0.11720672273611524
-0.23559053925976858 -0.48599366820984347 -0.090773551746224687
-0.28523698328001124 -0.51762880465759453 -0.35712763440518902
-0.31914955074251883 -0.35526299875631739 0.10580200948777006
-0.44163965479634404 -0.447093091474 0.35690087227016126
-0.21067967237131913 -0.41944251854864312 0.30870726722217934
-0.3747182401062048 -0.69767432777923044 0.15343160449365142
-0.18179583446514008 -0.14877348774352395 0.25839467763399671
-0.17494702499179604 -0.13070161597748969 0.26955487770339426
-0.086515866245372247 -0.094132970388816267 0.22037035776745223
-0.23573943703076738 -0.42346830912831318 0.53573173730497314
-0.013097105268345 0.0613952274786062 0.004278979152051784
0.00097885494772251172 0.043650325654586174 -0.1256181788291714
0.010158640561034842 0.076345575221532 -0.1182958773599387
-0.079477885486258282 -0.081079269089637918 0.15747335337956456
-0.17267277900103276 -0.04422167333130185 -0.18040966752190418
-0.10296192632876359 -0.12255883281321317 -0.20634944381618769
-0.24313695311122516 -0.16933094046033781 -0.25091314430545192
-0.48943910063551654 -0.17492866220042616 -0.4770344008685321
-0.28820640532636643 -0.40269230363449177 -0.4967269972371236
-0.24081891442405004 -0.14968468832603943 -0.48908923999752363
-0.5402236817139191 -0.43470744599492939 -0.3925094590878625
-0.81910071741038326 -0.33524319227132787 -0.27352392547993193
-0.48008101082869858 -0.70775114561547015 -0.28062966595327477
-0.48437159893281767 -0.34692585914088725 -0.66282757024165173
-0.70743856898104773 -0.59009641678895253 0.15625999781265196
-0.77180555691673136 -0.306334247586727 0.58786359725231396
-0.44792047580092365 -0.66616844054560731 0.59815973313245818
-0.60161886530230879 -0.44648803601213255 0.19737361470777004
-0.46466399309527356 -0.36344021697777085 0.58436107541680715
-0.3866921227623813 -0.11523899163387573 0.54411378514066144
-0.22595224347443046 -0.3032369593964202 0.56103188252844549
-0.43068549944317319 -0.29600992586771596 0.9016763716638253
-0.14919233574975932 -0.078602225729342695 0.17532820900606669
-0.089858913207262608 0.0048940618989773048 -0.021666212171910112
-0.054059982610964098 -0.043200830634220713 0.0024714294141009513
-0.17866164484893177 -0.085116275821790002 0.39540847671264595
-0.16258174601052114 0.099317355273784449 -0.14845994522708392
-0.14890719024068463 0.032642227673208957 -0.31718094858943724
-0.3387515995264862 0.045822846172683798 -0.36885222978394838
-0.46911743144735796 0.29863288922823905 -0.43828642153749103
-0.38522017674905029 0.078218540356151695 -0.68077813489585837
-0.22508897002500544 0.2523552783285537 -0.44543112649406302
-0.72106248441148879 0.086673026593948405 -0.54990135732649759
-0.78983626971378373 0.51993676037094683 -0.24684494080665834
-0.60677147200329318 0.11862346001908602 -0.37827647682572052
-0.4623562680584512 0.52880245017924721 -0.62493302342861767
-0.91240578637103376 0.11322637391295085 0.18504350353886234
-0.74291098709303771 0.49501387737963742 0.57035682806344878
-0.57899506666922518 0.12160999514327138 0.74850595099604444
-0.58164761212048532 0.66874890969121092 0.19929051707964712
-0.63429188709401674 0.09681564773163584 0.77343118975982195
-0.36292895964964289 0.2546347652610283 0.51469499037230682
-0.32438750001583339 0.090500107710183075 0.76152507775123202
-0.41733222367379907 0.48207218562366311 0.87064495051188429
-0.22906189079908615 0.064800437966060248 0.28107869297992405
-0.075140558225003914 0.071881185726021105 -0.058957528414927657
-0.10092865978954757 0.049770463669374848 0.08076018106331001
-0.17030868631968962 0.20935065706173389 0.35715142724980958
-0.045162794053004524 0.070285010292438541 0.045940525480213483
-0.087712249488649474 0.1724747070496814 -0.14064605460734086
-0.21618911547005215 0.23630153409794552 -0.18465253488732286
-0.21015265936287369 0.27866989758145005 -0.13960190851981907
-0.25388900309754203 0.50265075780371171 -0.41867753226128285
-0.10563980859375384 0.23653302520799441 -0.13554793609822469
-0.49166080301339044 0.54515781414634323 -0.33071057602869686
-0.4092724661634482 0.53398404251368903 -0.072927377167147811
-0.4389683376807883 0.85093327144807762 -0.23903530339371862
-0.23677821402131233 0.56520402589936836 -0.27632096251721783
-0.65042886727048022 0.71714238610920089 0.15883538912731043
-0.37318383955722423 0.48502508893557311 0.3187188699400243
-0.41640567929735867 0.80475736700542022 0.55985348033997973
-0.32563638074264534 0.74315844128391151 0.1498927373449451
-0.41683851703179065 0.46808176082900077 0.53626729037067766
-0.12336861839651377 0.15728071998502152 0.19841326017649535
-0.20483953902166502 0.4010615364077823 0.50189170732065436
-0.20271057613288251 0.4628541101062526 0.46762763448253586
-0.11541235899850984 0.14424657776975394 0.11467876660755792
0.036007170475901198 -0.033792421206608171 -0.20418556137061419
-0.044503961360858761 0.095362899319506228 -0.069199954870484706
-0.055615820180667123 0.10441855344593994 0.074661317549488196
-0.0096827996327610421 0.027949221007608979 0.066873457191780269
-0.049336138794973748 0.052484371750324464 0.021374440942209895
-0.021296913390944635 -0.055439045145257722 0.029386565312171802
-0.092430719336896033 0.20926985015682509 -0.088882127317275281
-0.0039451319048934121 -0.045334202176746961 0.045817557647441699
-0.17380669410668897 0.21629141033979882 -0.067637033886909295
-0.10579176477108371 0.0407608699842344 0.024858217352674121
-0.18071429544645576 0.4298174372951083 -0.04940702232031733
-0.060564538039070727 0.078865698448061419 -0.034665632657898127
-0.24578923199733899 0.30086242940780444 0.10764381980771469
-0.084768457386961135 -0.026977283666997105 0.11037562620741151
-0.16630928669659534 0.36461085031175428 0.26562088273239093
-0.099166337073648012 0.13124578899609643 0.082364759674528776
-0.12040105032300394 0.10888470125990361 0.19902566006818831
0.034160265708486272 -0.20273828613324937 -0.0052637666693015174
-0.055034402120143849 0.059798414800485498 0.14433840968088432
-0.042542384878395116 -0.05322661630288817 0.13780919466649244
0.034729932599374028 -0.091858915263228064 -0.073100098148436446
0.030697839163195219 -0.097354756911427989 -0.20651032671974079
0.031318460963655342 -0.21109258561871269 -0.08038726950891395
-0.011042513527193648 0.033810511556074611 0.039285083632326703
-0.015090504563053012 -0.1416414883106541 -0.10125051366871352
0.0069373159384343366 -0.031641372870176862 -0.040853991774448498
-0.021571018578471535 -0.32146341894060598 -0.044021918023907904
0.069252792973771723 -0.21258359079898378 -0.097351017761241734
-0.021401471943653071 -0.24073813150887113 0.20143098045196162
0.10614919419597256 -0.28671141807982636 0.086257936474129049
-0.013438474482458046 0.028347114163864203 0.12635405427708027
0.044070469354040846 -0.075855718938569183 0.19500342050556396
-0.0035845239597653671 0.16494942824089981 -0.13496110744668124
-0.02075634634787521 0.12955466597386833 -0.0033600500747621859
-0.020560652770324882 -0.11881358801561982 -0.14197592700462858
0.0064811174206050124 -0.053364217133418448 -0.027634883469243691
-0.020754176455258663 -0.17247672569498695 -0.16081561349031023
-0.030464098137487943 -0.39492851577165533 -0.36909562226149023
0.094224184378871256 -0.25331845002608855 -0.1904259337419241
0.091917921535858649 -0.2176375886146964 -0.24289697766531915
-0.024342778145452552 -0.42251869705804895 -0.23366912918394872
-0.029690400583151321 -0.72667519871844555 -0.20641993689817098
0.18830619424630862 -0.49286249388546854 -0.090850271623341208
0.23163627981544394 -0.52970853619667568 -0.35678879942938657
-0.025835584763588319 -0.57294167118412531 0.13088064757424742
-0.023800552485935839 -0.67144882753139168 0.4948055664650125
0.16679451681425317 -0.42068482073376823 0.31156800477677588
0.32674700585250438 -0.70012771607245228 0.15918952867634314
-0.022209830185714208 -0.29702342229004475 0.37967133403541647
-0.020487968335372635 -0.26773917605267644 0.42211187884651652
0.05352655079464682 -0.10126855062275318 0.23256628265711718
0.19346891809653594 -0.42643875617614546 0.53654084190310192
-0.0099006481176418006 -0.016808464086788884 0.09617289190483147
-0.0058112439320249318 -0.01441893847839131 -0.038171972260245907
-0.023518787887207161 0.07235328938650637 -0.10895067043130502
0.051087576988015977 -0.090261998967209156 0.17236519703124201
-0.02215905139083145 -0.088646669250904669 -0.34506417066389328
0.068868247407207053 -0.12632012097909165 -0.22302345871562076
-0.030390347018012073 -0.27559810905576221 -0.41990264452851078
-0.036412460100055263 -0.27447168648740233 -0.7074211071050005
0.23091842074751462 -0.40610971342591912 -0.50332807958649894
0.19022563151434319 -0.14807334683297432 -0.50262607815163574
-0.036429924149601181 -0.6317245001579187 -0.58151963147837493
-0.034499018658867855 -0.46080664130493043 -0.38948936403767243
0.42538023528192048 -0.71184225447611071 -0.27339051652228002
0.42893457999279244 -0.34141608284691927 -0.65945440467127092
-0.029228224945265696 -0.81456360015114138 0.18952331144265244
-0.030702436472655619 -0.4361934635018842 0.75999523599616881
0.40197662329796091 -0.67216612251871211 0.60153735363648231
0.55061700666512969 -0.44838931557947032 0.20075659002905419
-0.025081959521888648 -0.55322722001081304 0.80294532585144851
-0.02975387773921152 -0.21287215343316426 0.78218379279781947
0.18002303592907082 -0.31174791836855859 0.56604516612009859
0.3761958229656675 -0.30667713165491106 0.89869236437275013
-0.019566623296041454 -0.17516173760007928 0.33266939892584008
-0.016125172354292262 -0.041616611146088577 0.11212482337799738
0.03070152026357852 -0.051545298470438018 0.017066030709953627
0.13085235386754837 -0.095381639855558489 0.41032034480411794
-0.016309881206575817 0.16099125885379006 -0.30617948746724688
0.11594601957059758 0.038365287066780468 -0.33139921052921301
-0.028099025711873633 0.060520855500129325 -0.59259408055497254
-0.028126849221450645 0.42901375890293475 -0.66009731368840951
0.3357784568499258 0.085536310446826275 -0.68533237599443353
0.18510340659185542 0.261211771189999 -0.45561387769210049
-0.033200062106997635 0.10937461465198405 -0.76560156126328494
-0.027302387582718982 0.68743613040305884 -0.36513111956293831
0.55765819772893399 0.12567713821194537 -0.37793212873751425
0.41635346535023288 0.5360677603728039 -0.62233004310225859
-0.032319708344530025 0.13302295982292683 0.21376495735315507
-0.033416983251474207 0.65780320820176996 0.73547818096546491
0.52186106815394162 0.11686329082930932 0.7441279129491849
0.53189081130582161 0.67570024562324849 0.19157108951368668
-0.036071250764932297 0.1094638244589055 1.0276903147307559
-0.035604048390777319 0.37431325043084929 0.74792742829687842
0.26216963299335799 0.084194824465024382 0.7653243661942728
0.3541906944492646 0.48943693239063113 0.86783611520812343
-0.029815935873185432 0.073439789402318531 0.49246491963327166
-0.019072302178682988 0.12932167218139035 0.067964060091973449
0.062678246890177536 0.047227814496166698 0.099764087313552005
0.11606324149680317 0.21494133516112238 0.37375956469378413
-0.008060332139147728 0.1381720731545007 -0.053581526250592003
0.065503147401934567 0.179372751398991 -0.15256862612970046
-0.016727584607506479 0.35499167127126419 -0.33575961207347865
-0.016225605027854473 0.43725312270647509 -0.26723420097030698
0.21395220693444411 0.51268824921146727 -0.42480885085031245
0.07859539395935905 0.24527643339915059 -0.14364781004190474
-0.02384117190203628 0.7664702503641152 -0.51181715660534721
-0.017355678205358736 0.77928857485079428 -0.16148926649101397
0.39598514911287419 0.86004971199636926 -0.23870157702863723
0.2035659530582869 0.57663197040329284 -0.27639828094770247
-0.023971575343714281 0.97226689920879328 0.18354831334884386
-0.020228545331530609 0.72121499285052215 0.44200939890464491
0.36799711816064351 0.81771983590818698 0.55479195381441393
0.29215150347200164 0.75574190123176954 0.1475459441092867
-0.028792872760189193 0.68072780317994108 0.74459113165760971
-0.022160119506943018 0.30430264868543055 0.34253417996949986
0.15297494944715562 0.41614369444788113 0.50508100815695423
0.16539607859266589 0.47634587727366312 0.46552517783079028
-0.024010140122101106 0.25379471345053156 0.26185671169047353
-0.014022990652282602 0.030321890147729784 -0.13010788646675306
0.013269173978494231 0.1016465773937779 -0.052898325261004055
0.02241202247873721 0.11618938504231491 0.08282297205286171
-0.0025464492350563491 -0.078367509050031176 0.11370228826635206
-0.002837057922872835 0.03424007571233318 0.062544919142664107
-0.0076064507649168823 0.14765008483662542 -0.054552750286632479
-0.0052856766519740325 0.040187603333533259 -0.018979700135933517
0.071180686652924083 0.22150802253084459 -0.091494531004813862
-0.0070472563190420766 -0.039074774429597912 0.04215636386741492
-0.011520113172418163 0.37807148840698174 -0.15394935821087091
-0.005098825866182214 0.1744001793820667 -0.013935495684996427
0.15922328567601823 0.44257660273669647 -0.050749476193204648
0.050103693471880636 0.085453839886154154 -0.034302394447800984
-0.012479949827943952 0.5132581615211862 0.12158923984434077
-0.0093172837851119399 0.098369976942786111 0.16546061854552868
0.14099265185130577 0.37519797266719518 0.26257814927678674
0.084934363550046632 0.1404639267081691 0.079706103822262023
-0.015185486003960934 0.25411767458443602 0.30695147829032543
-0.010973668757304447 -0.12769963938194867 0.060725828300603045
0.029262521578159419 0.069778761022876584 0.14617528224464027
0.026912099561461306 -0.043975939964274742 0.13602206893041932
-0.014496015322634339 -0.0095105417623511691 0.0068179183756367449
-0.0072778232483901801 -0.21685626896713547 -0.21158898015791741
-0.046715321336540619 -0.089715799533453905 -0.19961928460802372
-0.04454225318802741 -0.2032211889801093 -0.077892984946169752
0.057032506906063332 -0.047652198199343569 -0.045395442653452647
0.14768650747576242 -0.18301243465796774 -0.0084730282052328035
0.07818970567624868 -0.026207331390350148 -0.0079771865198630717
0.12113001866531647 -0.11527808079324223 0.13889482764206401
0.11524225116532121 -0.070330462270168911 0.060328806978838516
-0.0022271311824480448 0.0969054889239548 0.070983857178254159
0.02528749458777562 0.069735533308498757 0.071230367973374564
0.05591235899463496 -0.066465902661448722 -0.04983397012898283
0.076836124811304279 -0.093596834691593855 -0.078325373226862699
0.23782135716804553 -0.26586089931318568 -0.23322652771087793
0.11492929310970171 -0.088936265268772297 -0.061871785756770589
0.11624347514992017 -0.09149271337097184 -0.076661486879060214
0.22043525340784614 -0.27505072833363081 -0.1418511526461228
0.45429368361322497 -0.50400842913842148 -0.1123193282573509
0.22869842960958386 -0.2069004510508769 -0.013755649855137922
0.29777730379834638 -0.24576059807950418 -0.1393816069316699
0.2946727518425315 -0.36540642211335739 0.1097380991722761
0.40814571262218086 -0.45026946176607618 0.35932937918852342
0.18496171444178491 -0.15660942145638063 0.16840635426049017
0.39454494462299133 -0.33416329741831302 0.1125576597491363
0.15544068789174242 -0.16139028889032878 0.26747400532942478
0.14560641564044985 -0.14438825904990296 0.28287019749003212
0.017372311752019858 0.031706366031666461 0.089348632200161426
0.200573287899902 -0.16191408200290405 0.27749118335215245
-0.0050665363538429202 0.049032687718073079 0.025708476614300542
-0.019516952350242409 0.030493895129001278 -0.10659385534934607
-0.0032722640711489491 0.021198914003813206 0.021226795074708975
0.15226290457067621 -0.042502997854764413 -0.20857725274038191
0.082272508929011556 -0.030446942944972476 -0.039849461495236473
0.21857789336878281 -0.17819603298640363 -0.27282217886087134
0.46265422104938664 -0.16802924203134298 -0.48189349922399838
0.29988783900891497 -0.1836222285791583 -0.21624717469454419
0.2367830201664366 -0.050397642090525212 -0.21357349391852268
0.51555009817318698 -0.43822389358998143 -0.38794450501000155
0.79945135982403803 -0.32808846751498388 -0.26557532409496026
0.56144605035965722 -0.36861391957544115 -0.10592201458779052
0.5686782823259251 -0.15606701579797788 -0.32551947715767682
0.68074246655365611 -0.59080892284162378 0.16319312743529893
0.74109481473100236 -0.31622057462508918 0.58131234083221683
0.49640470065650116 -0.33857538048262098 0.34287213881883877
0.74060049212681567 -0.23991087635321964 0.14157046648868493
0.42656347361326347 -0.37220899613808267 0.58406775288378088
0.34697834563664576 -0.13233275921502813 0.55061570272974014
0.1679489977337443 -0.11131547812566982 0.27142362490569316
0.4496421948870199 -0.14002240426803528 0.50372484662889028
0.12187390750623436 -0.094814216135028884 0.19977824140396411
0.068732618101517776 -0.0084337380231723665 0.0089861187640331627
-0.023562626804040313 0.034782455764494673 -0.11298142178939816
0.099720063853630303 -0.023018410798029097 0.15263661401419623
0.14586097736441775 0.10988282939273836 -0.17167570272755381
0.13021660560863896 0.033408989671020226 -0.10680971666021549
0.31402068598440774 0.056858924750269171 -0.38533373910164254
0.44499269442333061 0.30864352866932593 -0.44458950874332209
0.41762597606804935 0.067215232251645912 -0.31873733463632242
0.22169427655465684 0.1405368708832003 -0.17932789633336327
0.69884604444926024 0.097094460974771382 -0.5431900344468491
0.76535088878741864 0.52364583237981677 -0.24977016897157181
0.75421580382165687 0.089708384188380438 -0.18704253902461723
0.53301206142491697 0.30146195482975041 -0.30145914223732184
0.88862360971716237 0.11298110687142353 0.17480132850826671
0.71022437691990559 0.50387151212994941 0.5566611268339462
0.68751746544233494 0.083276670409202461 0.44567800124953216
0.7011594783684949 0.40810596142987871 0.13546478812840607
0.59421155485038724 0.087259095670208967 0.76631881749773467
0.32037130082435245 0.26378804654122451 0.52056098359580361
0.27023024751350133 0.055939353983550287 0.38488141178241575
0.41943897321490403 0.27490999088266266 0.47694844013267612
0.19265947821470214 0.056059864590527198 0.30987082650805897
0.046863415630865324 0.076650463437402963 -0.025123802080450574
0.014126298714507862 0.026913885582270845 -0.059864763624228184
0.073066880059046616 0.10049584430855646 0.12479143706955471
0.031686741975859731 0.07964085331340065 0.030439350954632471
0.060425665903934063 0.065785779775669989 0.01625148367569601
0.19428193570698307 0.25054943494541287 -0.2009576510198158
0.18828454259183769 0.29703548675143276 -0.14579864254770175
0.25243873189562033 0.25920224706122669 -0.16093973967151931
0.069475478235721991 0.10220195738872183 -0.0033577929084920087
0.46822774107081006 0.55594859122731577 -0.33122925618317478
0.38845884478826204 0.55467324443987986 -0.073868219356779327
0.48891572396281385 0.48411011097813361 -0.081409380121250569
0.22049520561168393 0.27968603468263931 -0.078057010106870175
0.62310311552737585 0.73198055680337881 0.15278959783418014
0.34999516710360079 0.50538358102320902 0.31373897733400219
0.43476252904150847 0.46008368501245683 0.31175753300033104
0.30898118925292495 0.38087349633769496 0.1096951257780778
0.38395077526053806 0.49570171897442311 0.53027906401687508
0.099434038436394784 0.18347126342729064 0.20111997386137553
0.11620133184370855 0.19721105792734306 0.21268787841496203
0.12971320748077794 0.20654313269422789 0.21396017310208662
0.081004282249230133 0.16642177868328553 0.13568048053274076
-0.050495405473903736 -0.018561991452774589 -0.18369900699942396
-0.054636307136984072 0.0044864246586198732 -0.1608380094169316
-0.05784628274410826 0.0024836519881307529 -0.052176162679526794
0.035969494816939639 0.067943182369680749 0.011270474795654907
0.012043814034109939 -0.040532410791369336 0.028742192242684685
0.047465453976016342 0.059954836404071031 0.015921094096867816
0.15994887626987883 0.23911579065288507 -0.066323836806320341
0.09508819396209961 0.053331279281810973 0.021540210594794593
0.14164612560552922 0.17207211223862121 0.02148714635734025
0.013759476033931075 -0.066412580840922067 0.049498023363967941
0.22883868788632414 0.32038407469017294 0.10314919230983531
0.073250345488406046 -0.0095521742567407624 0.10758877291448402
0.10373398394060014 0.12011340629778935 0.13422164349547966
0.04369014477368665 -0.042037546875830063 0.057207757550102191
0.10388380361166322 0.12834277902752006 0.19942831497765354
-0.039710996311286453 -0.1859404430245441 -0.0014102277874265678
-0.050807327326692485 -0.056380676651630393 0.0090302321046687208
-0.037898344224148076 -0.161672035565505 0.022394373087546434
-0.045584722692358665 -0.072326182085749369 -0.064654985804947634
0.036907028262877395 0.021068806995870076 0.035662710710184453
0.0058127163132161664 0.059995777823114591 0.04113498867908412
-0.078237694416398704 0.090068019234985822 0.030640918624137196
0.10591794340123933 -0.080343227951558113 -0.051467546122542937
0.087982956758852024 -0.060726170861315043 -0.012627546294978902
0.23669840641182055 -0.17093027895835905 -0.011093992195658833
-0.013364454906280281 -0.0069233575658963868 0.037604243979084559
0.020905266265722724 -0.042151388777249534 0.0063474825732778416
0.13534182343008522 -0.10240290820065918 0.066264690825957442
0.18185448520352698 -0.13839266188968469 0.16136125039763149
-0.054123865264984673 0.017251165106309637 0.037647238920915281
0.064851850266406719 -0.070836689338062087 0.054734595724266533
0.011160547125291277 0.01098176560329142 0.084452706956212542
-0.018850324359913663 0.0081518801145674981 0.080370354747502246
-0.070987404125851639 0.0047436128236386967 0.060990772492420298
0.047192189408856271 0.013799786481252975 -0.0020451562437245469
0.098651075595818108 -0.04472918176315524 -0.059019537696134772
0.24898296344660331 -0.045222438401614544 -0.1500686103744153
0.03314398193775444 -0.022809980690501309 -0.022432694951907667
0.011317091544335176 0.015487658014094859 -0.010250131100297245
0.28740066326653052 -0.15821736896300895 -0.11725020117318256
0.48417658158880555 -0.12131156405664947 -0.079856592198985887
0.15519608363124765 -0.098415860286801313 -0.002334291276206569
0.17090960169771829 -0.029899725632528205 -0.069525543294194844
0.38034564172515789 -0.22512229831359493 0.097812134745629484
0.41743228305412255 -0.11394339387722628 0.27462721248308997
0.097035081478519997 -0.080139903111191832 0.12091450668592772
0.23883831332120806 -0.064532337832748352 0.072815874655168325
0.17325196341289345 -0.11345932340246154 0.24502905264750566
0.10066499668216064 -0.026890069865133231 0.20188533830999111
-0.10600648368723242 0.021102096052058525 0.050456896964197903
0.04927293268590463 -0.01863446443740957 0.16294380669393835
-0.04592036348807263 0.022275943544046328 0.0099481989880064944
-0.074235320203960412 0.040203853362785584 -0.12438816813532069
-0.14035722006354892 0.036717194087375046 -0.020831711836182442
0.034471803271113759 0.031610619461065012 0.025364467152215284
-0.052664483445966151 0.020368613725281811 0.069026830055422816
0.15944588022981687 0.041957215949393681 -0.11394282984796135
0.22049456964188097 0.14001699275265345 -0.13133784399056825
0.09896873578338336 0.036457677260843993 -0.060439588556203606
-0.014344409823302921 0.034618386319149042 0.0072312044940714641
0.39987173648099406 0.061418971818821035 -0.19017223025652402
0.4415455246117283 0.24595972441597042 -0.070806539273128882
0.25143998723483729 0.044707214833340315 -0.036547923409862001
0.13026827523118037 0.10601914160506415 -0.060155363407554029
0.54056723069182999 0.069328307687726715 0.10687638281063749
0.37922124477823255 0.23735428964491187 0.26119344207724221
0.18653896245636872 0.043895658537044441 0.16763022767944075
0.19664775069944623 0.15242871751454287 0.072442380133191972
0.28169177342419965 0.055520351935184377 0.32903059946016888
0.074123404088500586 0.10725159458075705 0.17449935286837356
-0.052519840250092778 0.030518203163798541 0.095311105729998152
0.016069755091493762 0.09199277230341249 0.147667405308363
0.0078239492307187394 0.029642948230686958 0.071934937771639812
-0.088735336987231447 -0.002497347799789819 -0.14337617348275422
-0.17632593093849722 0.011198728060215024 -0.15241625649002949
-0.15685770354753065 0.0011441595775575908 -0.037486467280877657
0.059900518358509708 0.082054585548081135 -0.012804359940294986
0.038597004856993279 0.091794278112272254 0.0039384294478299175
-0.022356842436763846 0.06030954345641043 0.0037813403916754388
0.22021629974874815 0.23401718242184405 -0.085536172795876039
0.14049366099998556 0.20602961692158508 0.019350647197867731
0.07872461199804906 0.16025601707632728 0.012144320871055147
-0.06239959160299946 0.0572140584988972 0.037500208037097436
0.30167837723105317 0.32288052262567113 0.097544935430652555
0.088037344366030307 0.17390143248888734 0.13296369239511191
0.019657432255196085 0.14465387895069501 0.10635592052095287
-0.036388572909990986 0.09731342494081166 0.056067911215000453
0.11183592330996622 0.1972753508847582 0.20203142121635817
-0.087162685324014874 0.015785708120377485 0.01574081778653642
-0.15367649548829071 0.020061894261847315 0.014392244818325748
-0.15569879856847935 0.014323893700589984 0.022189550657498672
-0.08438174415468476 0.02192772306091462 -0.034178188798676665
0.003554554528946507 0.03567491798940764 0.041858848936227107
-0.042325452973182 -0.10343642692016369 0.060222113075499101
-0.11266206873757453 -0.011488824842249213 0.061694391079849017
0.035559371035903557 0.073190333620058945 0.064453998652779357
-0.074487083153213979 -0.1425858814122162 0.016146776684528991
-0.15302769937903873 -0.042165829779327556 0.015588509943897072
-0.16196602896603107 -0.14945090849077372 0.026220825901995173
-0.078691729009350675 -0.03939823243359198 0.029809826903769217
