&control
    calculation='scf'
    prefix='WS2Te'
    pseudo_dir = './',
    outdir='./temp'
    tprnfor=.true.
    tefield = .true.
    dipfield = .true.
 /
&system
    ibrav=  0,
    occupations='smearing',
    smearing='fd',
    degauss=0.003166831869729,
    nat=1208, ntyp= 3,
    ecutwfc = 50,ecutrho=400
    nosym = .true.
    edir = 3
    eamp = 0.00
    emaxpos = 0.9
    eopreg = 0.2
 /
 &electrons
  conv_thr    = 2.D-8,
  mixing_beta = 0.1D0,
  !startingwfc='atomic'
 /
 &IONS
 /
ATOMIC_SPECIES
W 183.84 W.GGA_PBE-JTH.UPF
S 32.00 S.GGA_PBE-JTH.UPF
Te 127.6 Te.GGA_PBE-JTH.UPF
ATOMIC_POSITIONS crystal
W	0.033333346	0.01666666	0.419135213
W	0.033333372	0.816666663	0.419135213
W	0.033333346	0.616666675	0.419135213
W	0.833333373	0.01666666	0.419135213
W	0.833333373	0.816666663	0.419135213
W	0.833333433	0.616666675	0.419135213
W	0.633333325	0.01666666	0.419135213
W	0.633333325	0.816666663	0.419135213
W	0.633333325	0.616666675	0.419135213
W	0.033333343	0.416666627	0.419135213
W	0.033333346	0.216666698	0.419135213
W	0.833333373	0.416666627	0.419135213
W	0.833333373	0.216666698	0.419135213
W	0.633333325	0.416666627	0.419135213
W	0.633333325	0.216666698	0.419135213
W	0.433333278	0.01666666	0.419135213
W	0.433333278	0.816666663	0.419135213
W	0.433333278	0.616666675	0.419135213
W	0.233333349	0.01666666	0.419135213
W	0.233333364	0.816666663	0.419135213
W	0.233333364	0.616666675	0.419135213
W	0.433333278	0.416666627	0.419135213
W	0.433333278	0.216666698	0.419135213
W	0.233333349	0.416666627	0.419135213
W	0.233333349	0.216666698	0.419135213
W	0.033333346	0.066666663	0.419135213
W	0.033333331	0.866666675	0.419135213
W	0.033333335	0.666666687	0.419135213
W	0.833333373	0.066666663	0.419135213
W	0.833333373	0.866666675	0.419135213
W	0.833333373	0.666666687	0.419135213
W	0.633333325	0.066666663	0.419135213
W	0.633333325	0.866666675	0.419135213
W	0.633333325	0.666666687	0.419135213
W	0.033333346	0.466666579	0.419135213
W	0.03333335	0.266666651	0.419135213
W	0.833333373	0.466666579	0.419135213
W	0.833333373	0.266666651	0.419135213
W	0.633333325	0.466666579	0.419135213
W	0.633333325	0.266666651	0.419135213
W	0.433333278	0.066666663	0.419135213
W	0.433333278	0.866666675	0.419135213
W	0.433333278	0.666666687	0.419135213
W	0.233333349	0.066666663	0.419135213
W	0.233333334	0.866666675	0.419135213
W	0.233333349	0.666666687	0.419135213
W	0.433333278	0.466666579	0.419135213
W	0.433333278	0.266666651	0.419135213
W	0.233333349	0.466666579	0.419135213
W	0.233333349	0.266666651	0.419135213
W	0.033333339	0.11666666	0.419135213
W	0.033333357	0.916666746	0.419135213
W	0.033333354	0.716666639	0.419135213
W	0.833333313	0.11666666	0.419135213
W	0.833333313	0.916666746	0.419135213
W	0.833333313	0.716666639	0.419135213
W	0.633333325	0.11666666	0.419135213
W	0.633333325	0.916666746	0.419135213
W	0.633333325	0.716666639	0.419135213
W	0.033333346	0.516666651	0.419135213
W	0.033333335	0.316666603	0.419135213
W	0.833333313	0.516666651	0.419135213
W	0.833333313	0.316666603	0.419135213
W	0.633333325	0.516666651	0.419135213
W	0.633333325	0.316666603	0.419135213
W	0.433333278	0.11666666	0.419135213
W	0.433333308	0.916666746	0.419135213
W	0.433333278	0.716666639	0.419135213
W	0.233333349	0.11666666	0.419135213
W	0.233333364	0.916666746	0.419135213
W	0.233333364	0.716666639	0.419135213
W	0.433333278	0.516666651	0.419135213
W	0.433333278	0.316666603	0.419135213
W	0.233333349	0.516666651	0.419135213
W	0.233333349	0.316666603	0.419135213
W	0.03333335	0.166666657	0.419135213
W	0.033333343	0.966666639	0.419135213
W	0.033333346	0.766666651	0.419135213
W	0.833333373	0.166666657	0.419135213
W	0.833333373	0.966666639	0.419135213
W	0.833333373	0.766666651	0.419135213
W	0.633333325	0.166666657	0.419135213
W	0.633333325	0.966666639	0.419135213
W	0.633333325	0.766666651	0.419135213
W	0.033333361	0.566666603	0.419135213
W	0.033333357	0.366666675	0.419135213
W	0.833333373	0.566666603	0.419135213
W	0.833333373	0.366666675	0.419135213
W	0.633333325	0.566666603	0.419135213
W	0.633333325	0.366666675	0.419135213
W	0.433333278	0.166666657	0.419135213
W	0.433333278	0.966666639	0.419135213
W	0.433333278	0.766666651	0.419135213
W	0.233333349	0.166666657	0.419135213
W	0.233333349	0.966666639	0.419135213
W	0.233333334	0.766666651	0.419135213
W	0.433333278	0.566666603	0.419135213
W	0.433333278	0.366666675	0.419135213
W	0.233333349	0.566666603	0.419135213
W	0.233333349	0.366666675	0.419135213
W	0.083333351	0.01666666	0.419135213
W	0.083333381	0.816666663	0.419135213
W	0.083333366	0.616666675	0.419135213
W	0.883333325	0.01666666	0.419135213
W	0.883333325	0.816666663	0.419135213
W	0.883333385	0.616666675	0.419135213
W	0.683333337	0.01666666	0.419135213
W	0.683333337	0.816666663	0.419135213
W	0.683333337	0.616666675	0.419135213
W	0.083333351	0.416666627	0.419135213
W	0.083333351	0.216666698	0.419135213
W	0.883333325	0.416666627	0.419135213
W	0.883333325	0.216666698	0.419135213
W	0.683333337	0.416666627	0.419135213
W	0.683333337	0.216666698	0.419135213
W	0.483333349	0.01666666	0.419135213
W	0.483333379	0.816666663	0.419135213
W	0.483333349	0.616666675	0.419135213
W	0.283333302	0.01666666	0.419135213
W	0.283333331	0.816666663	0.419135213
W	0.283333302	0.616666675	0.419135213
W	0.483333349	0.416666627	0.419135213
W	0.483333349	0.216666698	0.419135213
W	0.283333302	0.416666627	0.419135213
W	0.283333302	0.216666698	0.419135213
W	0.083333351	0.066666663	0.419135213
W	0.083333336	0.866666675	0.419135213
W	0.083333343	0.666666687	0.419135213
W	0.883333325	0.066666663	0.419135213
W	0.883333325	0.866666675	0.419135213
W	0.883333325	0.666666687	0.419135213
W	0.683333337	0.066666663	0.419135213
W	0.683333337	0.866666675	0.419135213
W	0.683333337	0.666666687	0.419135213
W	0.083333351	0.466666579	0.419135213
W	0.083333351	0.266666651	0.419135213
W	0.883333325	0.466666579	0.419135213
W	0.883333325	0.266666651	0.419135213
W	0.683333337	0.466666579	0.419135213
W	0.683333337	0.266666651	0.419135213
W	0.483333349	0.066666663	0.419135213
W	0.483333349	0.866666675	0.419135213
W	0.483333349	0.666666687	0.419135213
W	0.283333302	0.066666663	0.419135213
W	0.283333302	0.866666675	0.419135213
W	0.283333302	0.666666687	0.419135213
W	0.483333349	0.466666579	0.419135213
W	0.483333349	0.266666651	0.419135213
W	0.283333302	0.466666579	0.419135213
W	0.283333302	0.266666651	0.419135213
W	0.083333351	0.11666666	0.419135213
W	0.083333366	0.916666746	0.419135213
W	0.083333358	0.716666639	0.419135213
W	0.883333325	0.11666666	0.419135213
W	0.883333325	0.916666746	0.419135213
W	0.883333325	0.716666639	0.419135213
W	0.683333337	0.11666666	0.419135213
W	0.683333337	0.916666746	0.419135213
W	0.683333337	0.716666639	0.419135213
W	0.083333351	0.516666651	0.419135213
W	0.083333351	0.316666603	0.419135213
W	0.883333325	0.516666651	0.419135213
W	0.883333325	0.316666603	0.419135213
W	0.683333337	0.516666651	0.419135213
W	0.683333337	0.316666603	0.419135213
W	0.483333349	0.11666666	0.419135213
W	0.483333379	0.916666746	0.419135213
W	0.483333349	0.716666639	0.419135213
W	0.283333302	0.11666666	0.419135213
W	0.283333331	0.916666746	0.419135213
W	0.283333302	0.716666639	0.419135213
W	0.483333349	0.516666651	0.419135213
W	0.483333349	0.316666603	0.419135213
W	0.283333302	0.516666651	0.419135213
W	0.283333302	0.316666603	0.419135213
W	0.083333351	0.166666657	0.419135213
W	0.083333351	0.966666639	0.419135213
W	0.083333351	0.766666651	0.419135213
W	0.883333325	0.166666657	0.419135213
W	0.883333325	0.966666639	0.419135213
W	0.883333325	0.766666651	0.419135213
W	0.683333337	0.166666657	0.419135213
W	0.683333337	0.966666639	0.419135213
W	0.683333337	0.766666651	0.419135213
W	0.083333351	0.566666603	0.419135213
W	0.083333358	0.366666675	0.419135213
W	0.883333325	0.566666603	0.419135213
W	0.883333325	0.366666675	0.419135213
W	0.683333337	0.566666603	0.419135213
W	0.683333337	0.366666675	0.419135213
W	0.483333349	0.166666657	0.419135213
W	0.483333349	0.966666639	0.419135213
W	0.483333349	0.766666651	0.419135213
W	0.283333302	0.166666657	0.419135213
W	0.283333302	0.966666639	0.419135213
W	0.283333302	0.766666651	0.419135213
W	0.483333349	0.566666603	0.419135213
W	0.483333379	0.366666675	0.419135213
W	0.283333302	0.566666603	0.419135213
W	0.283333302	0.366666675	0.419135213
W	0.133333355	0.01666666	0.419135213
W	0.133333385	0.816666663	0.419135213
W	0.133333355	0.616666675	0.419135213
W	0.933333337	0.01666666	0.419135213
W	0.933333337	0.816666663	0.419135213
W	0.933333337	0.616666675	0.419135213
W	0.733333349	0.01666666	0.419135213
W	0.733333349	0.816666663	0.419135213
W	0.733333349	0.616666675	0.419135213
W	0.133333355	0.416666627	0.419135213
W	0.133333355	0.216666698	0.419135213
W	0.933333337	0.416666627	0.419135213
W	0.933333337	0.216666698	0.419135213
W	0.733333349	0.416666627	0.419135213
W	0.733333349	0.216666698	0.419135213
W	0.533333302	0.01666666	0.419135213
W	0.533333302	0.816666663	0.419135213
W	0.533333302	0.616666675	0.419135213
W	0.333333373	0.01666666	0.419135213
W	0.333333373	0.816666663	0.419135213
W	0.333333373	0.616666675	0.419135213
W	0.533333302	0.416666627	0.419135213
W	0.533333302	0.216666698	0.419135213
W	0.333333373	0.416666627	0.419135213
W	0.333333373	0.216666698	0.419135213
W	0.133333355	0.066666663	0.419135213
W	0.13333334	0.866666675	0.419135213
W	0.13333334	0.666666687	0.419135213
W	0.933333337	0.066666663	0.419135213
W	0.933333337	0.866666675	0.419135213
W	0.933333337	0.666666687	0.419135213
W	0.733333349	0.066666663	0.419135213
W	0.733333349	0.866666675	0.419135213
W	0.733333349	0.666666687	0.419135213
W	0.133333355	0.466666579	0.419135213
W	0.133333355	0.266666651	0.419135213
W	0.933333337	0.466666579	0.419135213
W	0.933333337	0.266666651	0.419135213
W	0.733333349	0.466666579	0.419135213
W	0.733333349	0.266666651	0.419135213
W	0.533333302	0.066666663	0.419135213
W	0.533333302	0.866666675	0.419135213
W	0.533333302	0.666666687	0.419135213
W	0.333333373	0.066666663	0.419135213
W	0.333333373	0.866666675	0.419135213
W	0.333333373	0.666666687	0.419135213
W	0.533333302	0.466666579	0.419135213
W	0.533333302	0.266666651	0.419135213
W	0.333333373	0.466666579	0.419135213
W	0.333333373	0.266666651	0.419135213
W	0.133333355	0.11666666	0.419135213
W	0.13333337	0.916666746	0.419135213
W	0.13333337	0.716666639	0.419135213
W	0.933333337	0.11666666	0.419135213
W	0.933333337	0.916666746	0.419135213
W	0.933333337	0.716666639	0.419135213
W	0.733333349	0.11666666	0.419135213
W	0.733333409	0.916666746	0.419135213
W	0.733333349	0.716666639	0.419135213
W	0.133333355	0.516666651	0.419135213
W	0.133333355	0.316666603	0.419135213
W	0.933333337	0.516666651	0.419135213
W	0.933333337	0.316666603	0.419135213
W	0.733333349	0.516666651	0.419135213
W	0.733333349	0.316666603	0.419135213
W	0.533333302	0.11666666	0.419135213
W	0.533333302	0.916666746	0.419135213
W	0.533333302	0.716666639	0.419135213
W	0.333333373	0.11666666	0.419135213
W	0.333333403	0.916666746	0.419135213
W	0.333333373	0.716666639	0.419135213
W	0.533333302	0.516666651	0.419135213
W	0.533333302	0.316666603	0.419135213
W	0.333333373	0.516666651	0.419135213
W	0.333333373	0.316666603	0.419135213
W	0.133333355	0.166666657	0.419135213
W	0.133333355	0.966666639	0.419135213
W	0.13333334	0.766666651	0.419135213
W	0.933333337	0.166666657	0.419135213
W	0.933333337	0.966666639	0.419135213
W	0.933333278	0.766666651	0.419135213
W	0.733333349	0.166666657	0.419135213
W	0.733333349	0.966666639	0.419135213
W	0.733333349	0.766666651	0.419135213
W	0.133333355	0.566666603	0.419135213
W	0.133333355	0.366666675	0.419135213
W	0.933333337	0.566666603	0.419135213
W	0.933333337	0.366666675	0.419135213
W	0.733333349	0.566666603	0.419135213
W	0.733333349	0.366666675	0.419135213
W	0.533333302	0.166666657	0.419135213
W	0.533333302	0.966666639	0.419135213
W	0.533333302	0.766666651	0.419135213
W	0.333333373	0.166666657	0.419135213
W	0.333333373	0.966666639	0.419135213
W	0.333333373	0.766666651	0.419135213
W	0.533333302	0.566666603	0.419135213
W	0.533333302	0.366666675	0.419135213
W	0.333333373	0.566666603	0.419135213
W	0.333333373	0.366666675	0.419135213
W	0.183333367	0.01666666	0.419135213
W	0.183333367	0.816666663	0.419135213
W	0.183333382	0.616666675	0.419135213
W	0.983333349	0.01666666	0.419135213
W	0.983333349	0.816666663	0.419135213
W	0.983333349	0.616666675	0.419135213
W	0.783333361	0.01666666	0.419135213
W	0.783333361	0.816666663	0.419135213
W	0.783333361	0.616666675	0.419135213
W	0.183333367	0.416666627	0.419135213
W	0.183333367	0.216666698	0.419135213
W	0.983333349	0.416666627	0.419135213
W	0.983333349	0.216666698	0.419135213
W	0.783333361	0.416666627	0.419135213
W	0.783333361	0.216666698	0.419135213
W	0.583333373	0.01666666	0.419135213
W	0.583333373	0.816666663	0.419135213
W	0.583333373	0.616666675	0.419135213
W	0.383333445	0.01666666	0.419135213
W	0.383333445	0.816666663	0.419135213
W	0.383333445	0.616666675	0.419135213
W	0.583333373	0.416666627	0.419135213
W	0.583333373	0.216666698	0.419135213
W	0.383333445	0.416666627	0.419135213
W	0.383333445	0.216666698	0.419135213
W	0.183333322	0.066666663	0.419135213
W	0.183333322	0.866666675	0.419135213
W	0.183333322	0.666666687	0.419135213
W	0.983333349	0.066666663	0.419135213
W	0.983333349	0.866666675	0.419135213
W	0.983333349	0.666666687	0.419135213
W	0.783333302	0.066666663	0.419135213
W	0.783333302	0.866666675	0.419135213
W	0.783333302	0.666666687	0.419135213
W	0.183333322	0.466666579	0.419135213
W	0.183333322	0.266666651	0.419135213
W	0.983333349	0.466666579	0.419135213
W	0.983333349	0.266666651	0.419135213
W	0.783333302	0.466666579	0.419135213
W	0.783333302	0.266666651	0.419135213
W	0.583333254	0.066666663	0.419135213
W	0.583333254	0.866666675	0.419135213
W	0.583333254	0.666666687	0.419135213
W	0.383333325	0.066666663	0.419135213
W	0.383333325	0.866666675	0.419135213
W	0.383333325	0.666666687	0.419135213
W	0.583333254	0.466666579	0.419135213
W	0.583333254	0.266666651	0.419135213
W	0.383333325	0.466666579	0.419135213
W	0.383333325	0.266666651	0.419135213
W	0.183333352	0.11666666	0.419135213
W	0.183333367	0.916666746	0.419135213
W	0.183333352	0.716666639	0.419135213
W	0.983333349	0.11666666	0.419135213
W	0.983333409	0.916666746	0.419135213
W	0.983333349	0.716666639	0.419135213
W	0.783333361	0.11666666	0.419135213
W	0.783333361	0.916666746	0.419135213
W	0.783333361	0.716666639	0.419135213
W	0.183333352	0.516666651	0.419135213
W	0.183333352	0.316666603	0.419135213
W	0.983333349	0.516666651	0.419135213
W	0.983333349	0.316666603	0.419135213
W	0.783333361	0.516666651	0.419135213
W	0.783333361	0.316666603	0.419135213
W	0.583333373	0.11666666	0.419135213
W	0.583333373	0.916666746	0.419135213
W	0.583333373	0.716666639	0.419135213
W	0.383333325	0.11666666	0.419135213
W	0.383333355	0.916666746	0.419135213
W	0.383333325	0.716666639	0.419135213
W	0.583333373	0.516666651	0.419135213
W	0.583333373	0.316666603	0.419135213
W	0.383333325	0.516666651	0.419135213
W	0.383333325	0.316666603	0.419135213
W	0.183333352	0.166666657	0.419135213
W	0.183333352	0.966666639	0.419135213
W	0.183333352	0.766666651	0.419135213
W	0.983333349	0.166666657	0.419135213
W	0.983333349	0.966666639	0.419135213
W	0.983333349	0.766666651	0.419135213
W	0.783333361	0.166666657	0.419135213
W	0.783333361	0.966666639	0.419135213
W	0.783333361	0.766666651	0.419135213
W	0.183333352	0.566666603	0.419135213
W	0.183333352	0.366666675	0.419135213
W	0.983333349	0.566666603	0.419135213
W	0.983333349	0.366666675	0.419135213
W	0.783333361	0.566666603	0.419135213
W	0.783333361	0.366666675	0.419135213
W	0.583333373	0.166666657	0.419135213
W	0.583333373	0.966666639	0.419135213
W	0.583333373	0.766666651	0.419135213
W	0.383333296	0.166666657	0.419135213
W	0.383333325	0.966666639	0.419135213
W	0.383333325	0.766666651	0.419135213
W	0.583333373	0.566666603	0.419135213
W	0.583333373	0.366666675	0.419135213
W	0.383333325	0.566666603	0.419135213
S	0.383333325	0.366666675	0.419135213
S	0.016666653	0.033333305	0.322311848
S	0.016666656	0.833333313	0.322311848
S	0.01666666	0.633333325	0.322311848
S	0.816666663	0.033333305	0.322311848
S	0.816666663	0.833333313	0.322311848
S	0.816666663	0.633333325	0.322311848
S	0.616666675	0.033333305	0.322311848
S	0.616666675	0.833333313	0.322311848
S	0.616666675	0.633333325	0.322311848
S	0.016666645	0.433333278	0.322311848
S	0.016666656	0.233333364	0.322311848
S	0.816666663	0.433333278	0.322311848
S	0.816666663	0.233333364	0.322311848
S	0.616666675	0.433333278	0.322311848
S	0.616666675	0.233333364	0.322311848
S	0.416666627	0.033333305	0.322311848
S	0.416666627	0.833333313	0.322311848
S	0.416666627	0.633333325	0.322311848
S	0.216666698	0.033333305	0.322311848
S	0.216666713	0.833333313	0.322311848
S	0.216666698	0.633333325	0.322311848
S	0.416666627	0.433333278	0.322311848
S	0.416666627	0.233333364	0.322311848
S	0.216666698	0.433333278	0.322311848
S	0.216666698	0.233333364	0.322311848
S	0.016666651	0.083333291	0.322311848
S	0.016666641	0.883333206	0.322311848
S	0.016666682	0.683333337	0.322311848
S	0.816666663	0.083333291	0.322311848
S	0.816666663	0.883333206	0.322311848
S	0.816666663	0.683333337	0.322311848
S	0.616666675	0.083333291	0.322311848
S	0.616666675	0.883333206	0.322311848
S	0.616666675	0.683333337	0.322311848
S	0.016666666	0.48333326	0.322311848
S	0.016666651	0.283333302	0.322311848
S	0.816666663	0.48333326	0.322311848
S	0.816666663	0.283333302	0.322311848
S	0.616666675	0.48333326	0.322311848
S	0.616666675	0.283333302	0.322311848
S	0.416666627	0.083333291	0.322311848
S	0.416666627	0.883333206	0.322311848
S	0.416666657	0.683333337	0.322311848
S	0.216666698	0.083333291	0.322311848
S	0.216666684	0.883333206	0.322311848
S	0.216666713	0.683333337	0.322311848
S	0.416666627	0.48333326	0.322311848
S	0.416666627	0.283333302	0.322311848
S	0.216666698	0.48333326	0.322311848
S	0.216666698	0.283333302	0.322311848
S	0.016666641	0.133333296	0.322311848
S	0.016666636	0.933333278	0.322311848
S	0.016666641	0.73333329	0.322311848
S	0.816666663	0.133333296	0.322311848
S	0.816666663	0.933333278	0.322311848
S	0.816666663	0.73333329	0.322311848
S	0.616666615	0.133333296	0.322311848
S	0.616666615	0.933333278	0.322311848
S	0.616666615	0.73333329	0.322311848
S	0.01666663	0.533333302	0.322311848
S	0.016666647	0.333333254	0.322311848
S	0.816666663	0.533333302	0.322311848
S	0.816666663	0.333333254	0.322311848
S	0.616666615	0.533333302	0.322311848
S	0.616666615	0.333333254	0.322311848
S	0.416666627	0.133333296	0.322311848
S	0.416666627	0.933333278	0.322311848
S	0.416666627	0.73333329	0.322311848
S	0.216666698	0.133333296	0.322311848
S	0.216666713	0.933333278	0.322311848
S	0.216666698	0.73333329	0.322311848
S	0.416666627	0.533333302	0.322311848
S	0.416666627	0.333333254	0.322311848
S	0.216666698	0.533333302	0.322311848
S	0.216666713	0.333333254	0.322311848
S	0.016666653	0.183333308	0.322311848
S	0.016666627	0.98333329	0.322311848
S	0.01666663	0.783333302	0.322311848
S	0.816666663	0.183333308	0.322311848
S	0.816666663	0.98333329	0.322311848
S	0.816666663	0.783333302	0.322311848
S	0.616666675	0.183333308	0.322311848
S	0.616666675	0.98333329	0.322311848
S	0.616666675	0.783333302	0.322311848
S	0.016666649	0.583333254	0.322311848
S	0.016666641	0.383333325	0.322311848
S	0.816666663	0.583333254	0.322311848
S	0.816666663	0.383333325	0.322311848
S	0.616666675	0.583333254	0.322311848
S	0.616666675	0.383333325	0.322311848
S	0.416666627	0.183333308	0.322311848
S	0.416666627	0.98333329	0.322311848
S	0.416666627	0.783333302	0.322311848
S	0.216666698	0.183333308	0.322311848
S	0.216666684	0.98333329	0.322311848
S	0.216666684	0.783333302	0.322311848
S	0.416666627	0.583333254	0.322311848
S	0.416666627	0.383333325	0.322311848
S	0.216666698	0.583333254	0.322311848
S	0.216666698	0.383333325	0.322311848
S	0.066666648	0.033333305	0.322311848
S	0.066666663	0.833333313	0.322311848
S	0.066666655	0.633333325	0.322311848
S	0.866666675	0.033333305	0.322311848
S	0.866666675	0.833333313	0.322311848
S	0.866666675	0.633333325	0.322311848
S	0.666666627	0.033333305	0.322311848
S	0.666666627	0.833333313	0.322311848
S	0.666666627	0.633333325	0.322311848
S	0.066666633	0.433333278	0.322311848
S	0.066666648	0.233333364	0.322311848
S	0.866666675	0.433333278	0.322311848
S	0.866666675	0.233333364	0.322311848
S	0.666666627	0.433333278	0.322311848
S	0.666666627	0.233333364	0.322311848
S	0.466666579	0.033333305	0.322311848
S	0.466666579	0.833333313	0.322311848
S	0.466666579	0.633333325	0.322311848
S	0.266666651	0.033333305	0.322311848
S	0.266666651	0.833333313	0.322311848
S	0.266666651	0.633333325	0.322311848
S	0.466666579	0.433333278	0.322311848
S	0.466666579	0.233333364	0.322311848
S	0.266666651	0.433333278	0.322311848
S	0.266666651	0.233333364	0.322311848
S	0.066666648	0.083333291	0.322311848
S	0.066666648	0.883333206	0.322311848
S	0.066666655	0.683333337	0.322311848
S	0.866666675	0.083333291	0.322311848
S	0.866666675	0.883333206	0.322311848
S	0.866666675	0.683333337	0.322311848
S	0.666666627	0.083333291	0.322311848
S	0.666666627	0.883333206	0.322311848
S	0.666666627	0.683333337	0.322311848
S	0.066666655	0.48333326	0.322311848
S	0.066666648	0.283333302	0.322311848
S	0.866666675	0.48333326	0.322311848
S	0.866666675	0.283333302	0.322311848
S	0.666666627	0.48333326	0.322311848
S	0.666666627	0.283333302	0.322311848
S	0.466666579	0.083333291	0.322311848
S	0.466666579	0.883333206	0.322311848
S	0.466666609	0.683333337	0.322311848
S	0.266666651	0.083333291	0.322311848
S	0.266666651	0.883333206	0.322311848
S	0.266666681	0.683333337	0.322311848
S	0.466666579	0.48333326	0.322311848
S	0.466666579	0.283333302	0.322311848
S	0.266666651	0.48333326	0.322311848
S	0.266666651	0.283333302	0.322311848
S	0.066666648	0.133333296	0.322311848
S	0.06666664	0.933333278	0.322311848
S	0.066666648	0.73333329	0.322311848
S	0.866666675	0.133333296	0.322311848
S	0.866666675	0.933333278	0.322311848
S	0.866666675	0.73333329	0.322311848
S	0.666666627	0.133333296	0.322311848
S	0.666666627	0.933333278	0.322311848
S	0.666666627	0.73333329	0.322311848
S	0.066666655	0.533333302	0.322311848
S	0.066666655	0.333333254	0.322311848
S	0.866666675	0.533333302	0.322311848
S	0.866666675	0.333333254	0.322311848
S	0.666666627	0.533333302	0.322311848
S	0.666666627	0.333333254	0.322311848
S	0.466666579	0.133333296	0.322311848
S	0.466666579	0.933333278	0.322311848
S	0.466666579	0.73333329	0.322311848
S	0.266666651	0.133333296	0.322311848
S	0.266666651	0.933333278	0.322311848
S	0.266666651	0.73333329	0.322311848
S	0.466666579	0.533333302	0.322311848
S	0.466666609	0.333333254	0.322311848
S	0.266666651	0.533333302	0.322311848
S	0.266666651	0.333333254	0.322311848
S	0.066666648	0.183333308	0.322311848
S	0.066666633	0.98333329	0.322311848
S	0.06666664	0.783333302	0.322311848
S	0.866666675	0.183333308	0.322311848
S	0.866666675	0.98333329	0.322311848
S	0.866666675	0.783333302	0.322311848
S	0.666666627	0.183333308	0.322311848
S	0.666666627	0.98333329	0.322311848
S	0.666666627	0.783333302	0.322311848
S	0.06666664	0.583333254	0.322311848
S	0.06666664	0.383333325	0.322311848
S	0.866666675	0.583333254	0.322311848
S	0.866666675	0.383333325	0.322311848
S	0.666666627	0.583333254	0.322311848
S	0.666666627	0.383333325	0.322311848
S	0.466666579	0.183333308	0.322311848
S	0.466666579	0.98333329	0.322311848
S	0.466666549	0.783333302	0.322311848
S	0.266666651	0.183333308	0.322311848
S	0.266666651	0.98333329	0.322311848
S	0.266666651	0.783333302	0.322311848
S	0.466666579	0.583333254	0.322311848
S	0.466666579	0.383333325	0.322311848
S	0.266666651	0.583333254	0.322311848
S	0.266666651	0.383333325	0.322311848
S	0.116666652	0.033333305	0.322311848
S	0.116666667	0.833333313	0.322311848
S	0.11666666	0.633333325	0.322311848
S	0.916666627	0.033333305	0.322311848
S	0.916666627	0.833333313	0.322311848
S	0.916666627	0.633333325	0.322311848
S	0.716666639	0.033333305	0.322311848
S	0.716666639	0.833333313	0.322311848
S	0.716666639	0.633333325	0.322311848
S	0.116666645	0.433333278	0.322311848
S	0.11666666	0.233333364	0.322311848
S	0.916666627	0.433333278	0.322311848
S	0.916666627	0.233333364	0.322311848
S	0.716666639	0.433333278	0.322311848
S	0.716666639	0.233333364	0.322311848
S	0.516666651	0.033333305	0.322311848
S	0.516666651	0.833333313	0.322311848
S	0.516666651	0.633333325	0.322311848
S	0.316666603	0.033333305	0.322311848
S	0.316666603	0.833333313	0.322311848
S	0.316666603	0.633333325	0.322311848
S	0.516666651	0.433333278	0.322311848
S	0.516666651	0.233333364	0.322311848
S	0.316666603	0.433333278	0.322311848
S	0.316666603	0.233333364	0.322311848
S	0.116666652	0.083333291	0.322311848
S	0.116666622	0.883333206	0.322311848
S	0.11666666	0.683333337	0.322311848
S	0.916666627	0.083333291	0.322311848
S	0.916666627	0.883333206	0.322311848
S	0.916666687	0.683333337	0.322311848
S	0.716666639	0.083333291	0.322311848
S	0.716666639	0.883333206	0.322311848
S	0.716666639	0.683333337	0.322311848
S	0.11666666	0.48333326	0.322311848
S	0.116666652	0.283333302	0.322311848
S	0.916666627	0.48333326	0.322311848
S	0.916666627	0.283333302	0.322311848
S	0.716666639	0.48333326	0.322311848
S	0.716666639	0.283333302	0.322311848
S	0.516666651	0.083333291	0.322311848
S	0.516666651	0.883333206	0.322311848
S	0.516666651	0.683333337	0.322311848
S	0.316666603	0.083333291	0.322311848
S	0.316666573	0.883333206	0.322311848
S	0.316666633	0.683333337	0.322311848
S	0.516666651	0.48333326	0.322311848
S	0.516666651	0.283333302	0.322311848
S	0.316666603	0.48333326	0.322311848
S	0.316666603	0.283333302	0.322311848
S	0.116666652	0.133333296	0.322311848
S	0.116666652	0.933333278	0.322311848
S	0.116666652	0.73333329	0.322311848
S	0.916666627	0.133333296	0.322311848
S	0.916666627	0.933333278	0.322311848
S	0.916666627	0.73333329	0.322311848
S	0.716666639	0.133333296	0.322311848
S	0.716666639	0.933333278	0.322311848
S	0.716666639	0.73333329	0.322311848
S	0.11666666	0.533333302	0.322311848
S	0.11666666	0.333333254	0.322311848
S	0.916666627	0.533333302	0.322311848
S	0.916666627	0.333333254	0.322311848
S	0.716666639	0.533333302	0.322311848
S	0.716666639	0.333333254	0.322311848
S	0.516666651	0.133333296	0.322311848
S	0.516666651	0.933333278	0.322311848
S	0.516666651	0.73333329	0.322311848
S	0.316666603	0.133333296	0.322311848
S	0.316666603	0.933333278	0.322311848
S	0.316666603	0.73333329	0.322311848
S	0.516666651	0.533333302	0.322311848
S	0.516666651	0.333333254	0.322311848
S	0.316666603	0.533333302	0.322311848
S	0.316666603	0.333333254	0.322311848
S	0.116666652	0.183333308	0.322311848
S	0.116666637	0.98333329	0.322311848
S	0.116666645	0.783333302	0.322311848
S	0.916666627	0.183333308	0.322311848
S	0.916666627	0.98333329	0.322311848
S	0.916666567	0.783333302	0.322311848
S	0.716666639	0.183333308	0.322311848
S	0.716666639	0.98333329	0.322311848
S	0.716666639	0.783333302	0.322311848
S	0.116666645	0.583333254	0.322311848
S	0.116666645	0.383333325	0.322311848
S	0.916666627	0.583333254	0.322311848
S	0.916666627	0.383333325	0.322311848
S	0.716666639	0.583333254	0.322311848
S	0.716666639	0.383333325	0.322311848
S	0.516666651	0.183333308	0.322311848
S	0.516666651	0.98333329	0.322311848
S	0.516666651	0.783333302	0.322311848
S	0.316666603	0.183333308	0.322311848
S	0.316666573	0.98333329	0.322311848
S	0.316666603	0.783333302	0.322311848
S	0.516666651	0.583333254	0.322311848
S	0.516666651	0.383333325	0.322311848
S	0.316666603	0.583333254	0.322311848
S	0.316666603	0.383333325	0.322311848
S	0.166666642	0.033333305	0.322311848
S	0.166666642	0.833333313	0.322311848
S	0.166666642	0.633333325	0.322311848
S	0.966666639	0.033333305	0.322311848
S	0.966666639	0.833333313	0.322311848
S	0.966666639	0.633333325	0.322311848
S	0.766666651	0.033333305	0.322311848
S	0.766666651	0.833333313	0.322311848
S	0.766666651	0.633333325	0.322311848
S	0.166666642	0.433333278	0.322311848
S	0.166666642	0.233333364	0.322311848
S	0.966666639	0.433333278	0.322311848
S	0.966666698	0.233333364	0.322311848
S	0.766666651	0.433333278	0.322311848
S	0.766666651	0.233333364	0.322311848
S	0.566666603	0.033333305	0.322311848
S	0.566666603	0.833333313	0.322311848
S	0.566666603	0.633333325	0.322311848
S	0.366666675	0.033333305	0.322311848
S	0.366666675	0.833333313	0.322311848
S	0.366666675	0.633333325	0.322311848
S	0.566666603	0.433333278	0.322311848
S	0.566666603	0.233333364	0.322311848
S	0.366666675	0.433333278	0.322311848
S	0.366666675	0.233333364	0.322311848
S	0.166666657	0.083333291	0.322311848
S	0.166666627	0.883333206	0.322311848
S	0.166666672	0.683333337	0.322311848
S	0.966666639	0.083333291	0.322311848
S	0.966666639	0.883333206	0.322311848
S	0.966666698	0.683333337	0.322311848
S	0.766666651	0.083333291	0.322311848
S	0.766666651	0.883333206	0.322311848
S	0.76666671	0.683333337	0.322311848
S	0.166666657	0.48333326	0.322311848
S	0.166666657	0.283333302	0.322311848
S	0.966666639	0.48333326	0.322311848
S	0.966666639	0.283333302	0.322311848
S	0.76666671	0.48333326	0.322311848
S	0.766666651	0.283333302	0.322311848
S	0.566666603	0.083333291	0.322311848
S	0.566666603	0.883333206	0.322311848
S	0.566666603	0.683333337	0.322311848
S	0.366666675	0.083333291	0.322311848
S	0.366666675	0.883333206	0.322311848
S	0.366666704	0.683333337	0.322311848
S	0.566666603	0.48333326	0.322311848
S	0.566666603	0.283333302	0.322311848
S	0.366666675	0.48333326	0.322311848
S	0.366666675	0.283333302	0.322311848
S	0.166666657	0.133333296	0.322311848
S	0.166666657	0.933333278	0.322311848
S	0.166666657	0.73333329	0.322311848
S	0.966666639	0.133333296	0.322311848
S	0.966666639	0.933333278	0.322311848
S	0.966666639	0.73333329	0.322311848
S	0.766666651	0.133333296	0.322311848
S	0.766666651	0.933333278	0.322311848
S	0.766666651	0.73333329	0.322311848
S	0.166666657	0.533333302	0.322311848
S	0.166666657	0.333333254	0.322311848
S	0.966666639	0.533333302	0.322311848
S	0.966666639	0.333333254	0.322311848
S	0.766666651	0.533333302	0.322311848
S	0.766666651	0.333333254	0.322311848
S	0.566666603	0.133333296	0.322311848
S	0.566666603	0.933333278	0.322311848
S	0.566666603	0.73333329	0.322311848
S	0.366666675	0.133333296	0.322311848
S	0.366666675	0.933333278	0.322311848
S	0.366666675	0.73333329	0.322311848
S	0.566666603	0.533333302	0.322311848
S	0.566666603	0.333333254	0.322311848
S	0.366666675	0.533333302	0.322311848
S	0.366666675	0.333333254	0.322311848
S	0.166666657	0.183333308	0.322311848
S	0.166666642	0.98333329	0.322311848
S	0.166666657	0.783333302	0.322311848
S	0.966666639	0.183333308	0.322311848
S	0.966666639	0.98333329	0.322311848
S	0.966666579	0.783333302	0.322311848
S	0.766666651	0.183333308	0.322311848
S	0.766666651	0.98333329	0.322311848
S	0.766666651	0.783333302	0.322311848
S	0.166666657	0.583333254	0.322311848
S	0.166666657	0.383333325	0.322311848
S	0.966666639	0.583333254	0.322311848
S	0.966666639	0.383333325	0.322311848
S	0.766666651	0.583333254	0.322311848
S	0.766666651	0.383333325	0.322311848
S	0.566666603	0.183333308	0.322311848
S	0.566666603	0.98333329	0.322311848
S	0.566666603	0.783333302	0.322311848
S	0.366666675	0.183333308	0.322311848
S	0.366666675	0.98333329	0.322311848
S	0.366666675	0.783333302	0.322311848
S	0.566666603	0.583333254	0.322311848
S	0.566666603	0.383333325	0.322311848
S	0.366666675	0.583333254	0.322311848
S	0.366666675	0.383333325	0.322311848
S	0.016666653	0.033333305	0.515958607
S	0.016666656	0.833333313	0.515958607
S	0.01666666	0.633333325	0.515958607
S	0.816666663	0.033333305	0.515958607
S	0.816666663	0.833333313	0.515958607
S	0.816666663	0.633333325	0.515958607
S	0.616666675	0.033333305	0.515958607
S	0.616666675	0.833333313	0.515958607
S	0.616666675	0.633333325	0.515958607
S	0.016666645	0.433333278	0.515958607
S	0.016666656	0.233333364	0.515958607
S	0.816666663	0.433333278	0.515958607
S	0.816666663	0.233333364	0.515958607
S	0.616666675	0.433333278	0.515958607
S	0.616666675	0.233333364	0.515958607
S	0.416666627	0.033333305	0.515958607
S	0.416666627	0.833333313	0.515958607
S	0.416666627	0.633333325	0.515958607
S	0.216666698	0.033333305	0.515958607
S	0.216666713	0.833333313	0.515958607
S	0.216666698	0.633333325	0.515958607
S	0.416666627	0.433333278	0.515958607
S	0.416666627	0.233333364	0.515958607
S	0.216666698	0.433333278	0.515958607
S	0.216666698	0.233333364	0.515958607
S	0.016666651	0.083333291	0.515958607
S	0.016666641	0.883333206	0.515958607
S	0.016666682	0.683333337	0.515958607
S	0.816666663	0.083333291	0.515958607
S	0.816666663	0.883333206	0.515958607
S	0.816666663	0.683333337	0.515958607
S	0.616666675	0.083333291	0.515958607
S	0.616666675	0.883333206	0.515958607
S	0.616666675	0.683333337	0.515958607
S	0.016666666	0.48333326	0.515958607
S	0.016666651	0.283333302	0.515958607
S	0.816666663	0.48333326	0.515958607
S	0.816666663	0.283333302	0.515958607
S	0.616666675	0.48333326	0.515958607
S	0.616666675	0.283333302	0.515958607
S	0.416666627	0.083333291	0.515958607
S	0.416666627	0.883333206	0.515958607
S	0.416666657	0.683333337	0.515958607
S	0.216666698	0.083333291	0.515958607
S	0.216666684	0.883333206	0.515958607
S	0.216666713	0.683333337	0.515958607
S	0.416666627	0.48333326	0.515958607
S	0.416666627	0.283333302	0.515958607
S	0.216666698	0.48333326	0.515958607
S	0.216666698	0.283333302	0.515958607
S	0.016666641	0.133333296	0.515958607
S	0.016666636	0.933333278	0.515958607
S	0.016666641	0.73333329	0.515958607
S	0.816666663	0.133333296	0.515958607
S	0.816666663	0.933333278	0.515958607
S	0.816666663	0.73333329	0.515958607
S	0.616666615	0.133333296	0.515958607
S	0.616666615	0.933333278	0.515958607
S	0.616666615	0.73333329	0.515958607
S	0.01666663	0.533333302	0.515958607
S	0.016666647	0.333333254	0.515958607
S	0.816666663	0.533333302	0.515958607
S	0.816666663	0.333333254	0.515958607
S	0.616666615	0.533333302	0.515958607
S	0.616666615	0.333333254	0.515958607
S	0.416666627	0.133333296	0.515958607
S	0.416666627	0.933333278	0.515958607
S	0.416666627	0.73333329	0.515958607
S	0.216666698	0.133333296	0.515958607
S	0.216666713	0.933333278	0.515958607
S	0.216666698	0.73333329	0.515958607
S	0.416666627	0.533333302	0.515958607
S	0.416666627	0.333333254	0.515958607
S	0.216666698	0.533333302	0.515958607
S	0.216666713	0.333333254	0.515958607
S	0.016666653	0.183333308	0.515958607
S	0.016666627	0.98333329	0.515958607
S	0.01666663	0.783333302	0.515958607
S	0.816666663	0.183333308	0.515958607
S	0.816666663	0.98333329	0.515958607
S	0.816666663	0.783333302	0.515958607
S	0.616666675	0.183333308	0.515958607
S	0.616666675	0.98333329	0.515958607
S	0.616666675	0.783333302	0.515958607
S	0.016666649	0.583333254	0.515958607
S	0.016666641	0.383333325	0.515958607
S	0.816666663	0.583333254	0.515958607
S	0.816666663	0.383333325	0.515958607
S	0.616666675	0.583333254	0.515958607
S	0.616666675	0.383333325	0.515958607
S	0.416666627	0.183333308	0.515958607
S	0.416666627	0.98333329	0.515958607
S	0.416666627	0.783333302	0.515958607
S	0.216666698	0.183333308	0.515958607
S	0.216666684	0.98333329	0.515958607
S	0.216666684	0.783333302	0.515958607
S	0.416666627	0.583333254	0.515958607
S	0.416666627	0.383333325	0.515958607
S	0.216666698	0.583333254	0.515958607
S	0.216666698	0.383333325	0.515958607
S	0.066666648	0.033333305	0.515958607
S	0.066666663	0.833333313	0.515958607
S	0.066666655	0.633333325	0.515958607
S	0.866666675	0.033333305	0.515958607
S	0.866666675	0.833333313	0.515958607
S	0.866666675	0.633333325	0.515958607
S	0.666666627	0.033333305	0.515958607
S	0.666666627	0.833333313	0.515958607
S	0.666666627	0.633333325	0.515958607
S	0.066666633	0.433333278	0.515958607
S	0.066666648	0.233333364	0.515958607
S	0.866666675	0.433333278	0.515958607
S	0.866666675	0.233333364	0.515958607
S	0.666666627	0.433333278	0.515958607
S	0.666666627	0.233333364	0.515958607
S	0.466666579	0.033333305	0.515958607
S	0.466666579	0.833333313	0.515958607
S	0.466666579	0.633333325	0.515958607
S	0.266666651	0.033333305	0.515958607
S	0.266666651	0.833333313	0.515958607
S	0.266666651	0.633333325	0.515958607
S	0.466666579	0.433333278	0.515958607
S	0.466666579	0.233333364	0.515958607
S	0.266666651	0.433333278	0.515958607
S	0.266666651	0.233333364	0.515958607
S	0.066666648	0.083333291	0.515958607
S	0.066666648	0.883333206	0.515958607
S	0.066666655	0.683333337	0.515958607
S	0.866666675	0.083333291	0.515958607
S	0.866666675	0.883333206	0.515958607
S	0.866666675	0.683333337	0.515958607
S	0.666666627	0.083333291	0.515958607
S	0.666666627	0.883333206	0.515958607
S	0.666666627	0.683333337	0.515958607
S	0.066666655	0.48333326	0.515958607
S	0.066666648	0.283333302	0.515958607
S	0.866666675	0.48333326	0.515958607
S	0.866666675	0.283333302	0.515958607
S	0.666666627	0.48333326	0.515958607
S	0.666666627	0.283333302	0.515958607
S	0.466666579	0.083333291	0.515958607
S	0.466666579	0.883333206	0.515958607
S	0.466666609	0.683333337	0.515958607
S	0.266666651	0.083333291	0.515958607
S	0.266666651	0.883333206	0.515958607
S	0.266666681	0.683333337	0.515958607
S	0.466666579	0.48333326	0.515958607
S	0.466666579	0.283333302	0.515958607
S	0.266666651	0.48333326	0.515958607
S	0.266666651	0.283333302	0.515958607
S	0.066666648	0.133333296	0.515958607
S	0.06666664	0.933333278	0.515958607
S	0.066666648	0.73333329	0.515958607
S	0.866666675	0.133333296	0.515958607
S	0.866666675	0.933333278	0.515958607
S	0.866666675	0.73333329	0.515958607
S	0.666666627	0.133333296	0.515958607
S	0.666666627	0.933333278	0.515958607
S	0.666666627	0.73333329	0.515958607
S	0.066666655	0.533333302	0.515958607
S	0.066666655	0.333333254	0.515958607
S	0.866666675	0.533333302	0.515958607
S	0.866666675	0.333333254	0.515958607
S	0.666666627	0.533333302	0.515958607
S	0.666666627	0.333333254	0.515958607
S	0.466666579	0.133333296	0.515958607
S	0.466666579	0.933333278	0.515958607
S	0.466666579	0.73333329	0.515958607
S	0.266666651	0.133333296	0.515958607
S	0.266666651	0.933333278	0.515958607
S	0.266666651	0.73333329	0.515958607
S	0.466666579	0.533333302	0.515958607
S	0.466666609	0.333333254	0.515958607
S	0.266666651	0.533333302	0.515958607
S	0.266666651	0.333333254	0.515958607
S	0.066666648	0.183333308	0.515958607
S	0.066666633	0.98333329	0.515958607
S	0.06666664	0.783333302	0.515958607
S	0.866666675	0.183333308	0.515958607
S	0.866666675	0.98333329	0.515958607
S	0.866666675	0.783333302	0.515958607
S	0.666666627	0.183333308	0.515958607
S	0.666666627	0.98333329	0.515958607
S	0.666666627	0.783333302	0.515958607
S	0.06666664	0.583333254	0.515958607
S	0.06666664	0.383333325	0.515958607
S	0.866666675	0.583333254	0.515958607
S	0.866666675	0.383333325	0.515958607
S	0.666666627	0.583333254	0.515958607
S	0.666666627	0.383333325	0.515958607
S	0.466666579	0.183333308	0.515958607
S	0.466666579	0.98333329	0.515958607
S	0.466666549	0.783333302	0.515958607
S	0.266666651	0.183333308	0.515958607
S	0.266666651	0.98333329	0.515958607
S	0.266666651	0.783333302	0.515958607
S	0.466666579	0.583333254	0.515958607
S	0.466666579	0.383333325	0.515958607
S	0.266666651	0.583333254	0.515958607
S	0.266666651	0.383333325	0.515958607
S	0.116666652	0.033333305	0.515958607
S	0.116666667	0.833333313	0.515958607
S	0.11666666	0.633333325	0.515958607
S	0.916666627	0.033333305	0.515958607
S	0.916666627	0.833333313	0.515958607
S	0.916666627	0.633333325	0.515958607
S	0.716666639	0.033333305	0.515958607
S	0.716666639	0.833333313	0.515958607
S	0.716666639	0.633333325	0.515958607
S	0.116666645	0.433333278	0.515958607
S	0.11666666	0.233333364	0.515958607
S	0.916666627	0.433333278	0.515958607
S	0.916666627	0.233333364	0.515958607
S	0.716666639	0.433333278	0.515958607
S	0.716666639	0.233333364	0.515958607
S	0.516666651	0.033333305	0.515958607
S	0.516666651	0.833333313	0.515958607
S	0.516666651	0.633333325	0.515958607
S	0.316666603	0.033333305	0.515958607
S	0.316666603	0.833333313	0.515958607
S	0.316666603	0.633333325	0.515958607
S	0.516666651	0.433333278	0.515958607
S	0.516666651	0.233333364	0.515958607
S	0.316666603	0.433333278	0.515958607
S	0.316666603	0.233333364	0.515958607
S	0.116666652	0.083333291	0.515958607
S	0.116666622	0.883333206	0.515958607
S	0.11666666	0.683333337	0.515958607
S	0.916666627	0.083333291	0.515958607
S	0.916666627	0.883333206	0.515958607
S	0.916666687	0.683333337	0.515958607
S	0.716666639	0.083333291	0.515958607
S	0.716666639	0.883333206	0.515958607
S	0.716666639	0.683333337	0.515958607
S	0.11666666	0.48333326	0.515958607
S	0.116666652	0.283333302	0.515958607
S	0.916666627	0.48333326	0.515958607
S	0.916666627	0.283333302	0.515958607
S	0.716666639	0.48333326	0.515958607
S	0.716666639	0.283333302	0.515958607
S	0.516666651	0.083333291	0.515958607
S	0.516666651	0.883333206	0.515958607
S	0.516666651	0.683333337	0.515958607
S	0.316666603	0.083333291	0.515958607
S	0.316666573	0.883333206	0.515958607
S	0.316666633	0.683333337	0.515958607
S	0.516666651	0.48333326	0.515958607
S	0.516666651	0.283333302	0.515958607
S	0.316666603	0.48333326	0.515958607
S	0.316666603	0.283333302	0.515958607
S	0.116666652	0.133333296	0.515958607
S	0.116666652	0.933333278	0.515958607
S	0.116666652	0.73333329	0.515958607
S	0.916666627	0.133333296	0.515958607
S	0.916666627	0.933333278	0.515958607
S	0.916666627	0.73333329	0.515958607
S	0.716666639	0.133333296	0.515958607
S	0.716666639	0.933333278	0.515958607
S	0.716666639	0.73333329	0.515958607
S	0.11666666	0.533333302	0.515958607
S	0.11666666	0.333333254	0.515958607
S	0.916666627	0.533333302	0.515958607
S	0.916666627	0.333333254	0.515958607
S	0.716666639	0.533333302	0.515958607
S	0.716666639	0.333333254	0.515958607
S	0.516666651	0.133333296	0.515958607
S	0.516666651	0.933333278	0.515958607
S	0.516666651	0.73333329	0.515958607
S	0.316666603	0.133333296	0.515958607
S	0.316666603	0.933333278	0.515958607
S	0.316666603	0.73333329	0.515958607
S	0.516666651	0.533333302	0.515958607
S	0.516666651	0.333333254	0.515958607
S	0.316666603	0.533333302	0.515958607
S	0.316666603	0.333333254	0.515958607
S	0.116666652	0.183333308	0.515958607
S	0.116666637	0.98333329	0.515958607
S	0.116666645	0.783333302	0.515958607
S	0.916666627	0.183333308	0.515958607
S	0.916666627	0.98333329	0.515958607
S	0.916666567	0.783333302	0.515958607
S	0.716666639	0.183333308	0.515958607
S	0.716666639	0.98333329	0.515958607
S	0.716666639	0.783333302	0.515958607
S	0.116666645	0.583333254	0.515958607
S	0.116666645	0.383333325	0.515958607
S	0.916666627	0.583333254	0.515958607
S	0.916666627	0.383333325	0.515958607
S	0.716666639	0.583333254	0.515958607
S	0.716666639	0.383333325	0.515958607
S	0.516666651	0.183333308	0.515958607
S	0.516666651	0.98333329	0.515958607
S	0.516666651	0.783333302	0.515958607
S	0.316666603	0.183333308	0.515958607
S	0.316666573	0.98333329	0.515958607
S	0.316666603	0.783333302	0.515958607
S	0.516666651	0.583333254	0.515958607
S	0.516666651	0.383333325	0.515958607
S	0.316666603	0.583333254	0.515958607
S	0.316666603	0.383333325	0.515958607
S	0.166666642	0.033333305	0.515958607
S	0.166666642	0.833333313	0.515958607
S	0.166666642	0.633333325	0.515958607
S	0.966666639	0.033333305	0.515958607
S	0.966666639	0.833333313	0.515958607
S	0.966666639	0.633333325	0.515958607
S	0.766666651	0.033333305	0.515958607
S	0.766666651	0.833333313	0.515958607
S	0.766666651	0.633333325	0.515958607
S	0.166666642	0.433333278	0.515958607
S	0.166666642	0.233333364	0.515958607
S	0.966666639	0.433333278	0.515958607
S	0.966666698	0.233333364	0.515958607
S	0.766666651	0.433333278	0.515958607
S	0.766666651	0.233333364	0.515958607
S	0.566666603	0.033333305	0.515958607
S	0.566666603	0.833333313	0.515958607
S	0.566666603	0.633333325	0.515958607
S	0.366666675	0.033333305	0.515958607
S	0.366666675	0.833333313	0.515958607
S	0.366666675	0.633333325	0.515958607
S	0.566666603	0.433333278	0.515958607
S	0.566666603	0.233333364	0.515958607
S	0.366666675	0.433333278	0.515958607
S	0.366666675	0.233333364	0.515958607
S	0.166666657	0.083333291	0.515958607
S	0.166666627	0.883333206	0.515958607
S	0.166666672	0.683333337	0.515958607
S	0.966666639	0.083333291	0.515958607
S	0.966666639	0.883333206	0.515958607
S	0.966666698	0.683333337	0.515958607
S	0.766666651	0.083333291	0.515958607
S	0.766666651	0.883333206	0.515958607
S	0.76666671	0.683333337	0.515958607
S	0.166666657	0.48333326	0.515958607
S	0.166666657	0.283333302	0.515958607
S	0.966666639	0.48333326	0.515958607
S	0.966666639	0.283333302	0.515958607
S	0.76666671	0.48333326	0.515958607
S	0.766666651	0.283333302	0.515958607
S	0.566666603	0.083333291	0.515958607
S	0.566666603	0.883333206	0.515958607
S	0.566666603	0.683333337	0.515958607
S	0.366666675	0.083333291	0.515958607
S	0.366666675	0.883333206	0.515958607
S	0.366666704	0.683333337	0.515958607
S	0.566666603	0.48333326	0.515958607
S	0.566666603	0.283333302	0.515958607
S	0.366666675	0.48333326	0.515958607
S	0.366666675	0.283333302	0.515958607
S	0.166666657	0.133333296	0.515958607
S	0.166666657	0.933333278	0.515958607
S	0.166666657	0.73333329	0.515958607
S	0.966666639	0.133333296	0.515958607
S	0.966666639	0.933333278	0.515958607
S	0.966666639	0.73333329	0.515958607
S	0.766666651	0.133333296	0.515958607
S	0.766666651	0.933333278	0.515958607
S	0.766666651	0.73333329	0.515958607
S	0.166666657	0.533333302	0.515958607
S	0.166666657	0.333333254	0.515958607
S	0.966666639	0.533333302	0.515958607
S	0.966666639	0.333333254	0.515958607
S	0.766666651	0.533333302	0.515958607
S	0.766666651	0.333333254	0.515958607
S	0.566666603	0.133333296	0.515958607
S	0.566666603	0.933333278	0.515958607
S	0.566666603	0.73333329	0.515958607
S	0.366666675	0.133333296	0.515958607
S	0.366666675	0.933333278	0.515958607
S	0.366666675	0.73333329	0.515958607
S	0.566666603	0.533333302	0.515958607
S	0.566666603	0.333333254	0.515958607
S	0.366666675	0.533333302	0.515958607
S	0.366666675	0.333333254	0.515958607
S	0.166666657	0.183333308	0.515958607
S	0.166666642	0.98333329	0.515958607
S	0.166666657	0.783333302	0.515958607
S	0.966666639	0.183333308	0.515958607
S	0.966666639	0.98333329	0.515958607
S	0.966666579	0.783333302	0.515958607
S	0.766666651	0.183333308	0.515958607
S	0.766666651	0.98333329	0.515958607
S	0.766666651	0.783333302	0.515958607
S	0.166666657	0.583333254	0.515958607
S	0.166666657	0.383333325	0.515958607
S	0.966666639	0.583333254	0.515958607
S	0.966666639	0.383333325	0.515958607
S	0.766666651	0.583333254	0.515958607
S	0.766666651	0.383333325	0.515958607
S	0.566666603	0.183333308	0.515958607
S	0.566666603	0.98333329	0.515958607
S	0.566666603	0.783333302	0.515958607
S	0.366666675	0.183333308	0.515958607
S	0.366666675	0.98333329	0.515958607
S	0.366666675	0.783333302	0.515958607
S	0.566666603	0.583333254	0.515958607
S	0.566666603	0.383333325	0.515958607
S	0.366666675	0.583333254	0.515958607
S	0.366666675	0.383333325	0.515958607
Te	0.26955989	0.191666648	0.677688122
Te	0.349674225	0.191666648	0.677688122
Te	0.149388403	0.191666648	0.677688122
Te	0.18944557	0.191666648	0.677688122
Te	0.229502738	0.191666648	0.677688122
Te	0.309617072	0.191666648	0.677688122
Te	0.389731407	0.191666648	0.677688122
Te	0.109331228	0.191666648	0.677688122
CELL_PARAMETERS {bohr}
117.9393282	0	0
-58.96967015	102.138559	0
0	0	31.02585013

K_POINTS gamma