0.020114235288107039 0.02012825156840263 1.1355126640871035e-05
0.0079072134861978994 0.005193599090941684 0.0025513598382870817
0.010062751396657557 0.0012057824890509021 0.0039550098210651766
0.0079253129218770438 0.0052016556368639066 -0.0025222041318052665
0.00059188962362077737 0.00022785479955726132 1.9457850569644967e-05
0.01010178631214402 0.0012160573395259893 -0.0039297127478528805
0.0098826943245326742 0.0022229202972958149 0.0033652506606525103
0.0099430472290125207 0.0035029570717224363 0.0021194336503317667
0.00032501795660877324 -0.000359098550520931 0.00061475998126383439
0.00022474494860047836 0.00032679860799540977 0.00045873395044273039
0.00034916120842541989 -0.0003552431495096798 -0.00057558529036815572
-5.4313527427453118e-05 -0.0019032836166050758 2.3614235195584984e-05
0.0099401672196667117 0.002235286813765348 -0.0033488238664791253
0.00027243929077790325 0.00033528983390122011 -0.00042485151245500027
0.0100083472588024 0.0035168840389248495 -0.0021173965589228387
0.010219129683969833 0.0040805988779697711 0.0011773969209391134
0.0081037623974555273 0.0026317162908309592 0.0052598937089721135
0.00028987261328354379 0.00059802311494908621 0.00019085896283994788
0.00050034358068289445 0.00072011957052294656 -0.00044863736073858375
0.00042768837336374993 -0.0010683254058181861 -0.00074598679472445987
0.00048615855018278777 -0.00062495157640383612 -0.0012071200301891575
0.00045573895022419297 -0.0010617460105760959 0.00079523202410159766
0.00075446370113861302 -0.00060200216622803776 3.0792841229890935e-05
0.00035388271548000448 0.00061258687490778601 -0.00016812655914471349
0.00053974324761553102 -0.00060863336548055047 0.0012497193609452156
0.010284692938723316 0.0040955357396928677 -0.0011906658362884144
0.0005753434764139225 0.00074001113019179793 0.00045234694386102618
0.0081620873443698297 0.00264393487637245 -0.0052894303611014069
0.020275314811422362 3.1157476730094257e-05 0.020276908486337123
0.0008243307088618341 6.6818398565477127e-05 0.00022096531893351962
0.00814511195674965 -0.0025441238415874704 0.0052954392271047299
0.00010519681899355689 0.00010111135761276944 -0.0020215742885850555
0.00057299396519891162 -0.00055814328365394873 -0.00041347270952746186
0.00080094172243125577 0.00012951307545070812 -0.00072337678927641806
0.00058630964842945957 0.00085259076142815411 -0.0011786622672466831
0.00083438377106345913 0.00013987136736121064 0.00078934821134128035
0.00087103799033982627 0.00087095387838203664 4.140469902554746e-05
0.00018350194209823577 0.00012368158396611055 0.0020469621439096197
0.0006554614985849307 0.00086865213992900678 0.0012328488279237022
0.00090436490656525727 8.4452555100242597e-05 -0.0002428869834711629
0.00066771590861272622 -0.0005384501568168143 0.00041161265757577899
0.020321187414563378 3.9091672466485046e-05 -0.020320714338082756
0.0082179555802469016 -0.0025328582725060809 -0.0053365972092460044
0.01033072998049727 -0.0039794866947632426 0.0012503166185131049
0.00046169525509948193 -0.00042158502708585736 0.00025848375584758363
0.010144234135183621 -0.0034085569001790755 0.0022303253257999422
0.00064507055876054627 0.0012988025135316659 -0.00070637187232323504
0.00050914670103587717 -0.00016749870548321761 0.00054172904947764368
0.0006867021311804378 0.0013032899793961885 0.00078620681934123929
0.00027333471744046649 0.0020912462582961247 4.556318937146071e-05
0.00056037937182966012 -0.00041151021439600737 -0.000230292657458503
0.00058938474310368328 -0.00016848974807222186 -0.00048218744027461432
0.010425666309704889 -0.0039765425050089327 -0.0012814776038662132
0.010250097320856999 -0.0034201343446123612 -0.0022397431285356966
0.010180215689413833 -0.0021711655435399622 0.0035003037040783947
0.00070738810688539548 0.00045252863234436741 0.00068340258041910346
0.010428422314560476 -0.0012425082314134982 0.0040806478464883097
0.00075040820558412735 0.0004457195374308609 -0.00060366362200702471
0.0010182303634532716 -0.00025186487865275372 3.9046751598608829e-05
0.010275605064264904 -0.0021954133760927197 -0.0034822006425488227
0.010494831271038577 -0.0012691257545062221 -0.0040365217358764773
0.0082783112262872147 -0.0053503542072349869 0.0026313973094674219
0.008307556162394425 -0.0053681071943827438 -0.0025779613891692447
0.020400095548817068 -0.020390105762414561 2.1154200305075255e-05
0.0051539728344610486 0.0079175916772881039 0.0025539739206438396
0.0011437443404271976 0.010052552606870524 0.0039576995263750827
0.0051673692366869346 0.0079323697511154007 -0.0025212389512844413
0.00017786868838488607 0.00058481225710809229 2.538535972965473e-05
0.0011710684525487766 0.010094262356833176 -0.0039239421534637709
-0.0032277964534704147 -0.007548564447599616 -0.0058270525518792568
-0.0076328651353377124 -0.0031864091552467389 -0.0058311303132933352
-0.0058529984071533352 -0.0057661062589058135 -0.0049386287302809109
-0.0051416999143877786 -0.0050913429230799575 -0.0065174135996118815
-0.00334469275869392 0.00039634867606228908 0.001045017265921845
0.00032448620398546125 -0.0033032457177331288 0.0010518399670174619
0.0024161971559408606 0.0025008410083978503 0.002562582281971041
-0.0022082849302347755 -0.0021650585580758456 2.5444310141402346e-05
-0.0033206393988422264 0.00040490288948943302 -0.0009877198312237493
0.0003458232024242257 -0.0032854706553745571 -0.00098435982914565423
-0.0028846572491272415 -0.0028172615965655493 4.3154343423218527e-05
-0.0051034649453061427 -0.0050666830703264129 0.0065501299242629943
-0.0031684133551556598 -0.0075236522619356525 0.005848740781979991
-0.0075815875889310271 -0.0031408539239214956 0.0058525330293792647
0.0024600379450914803 0.002521874891768968 -0.0025019209080171219
-0.005786518231953826 -0.005728885018407159 0.004935685919840201
-0.0031508387470169496 -0.0056439246107253416 -0.0076132454692806346
-0.0058296275532743929 -0.0047570937842912851 -0.0058722198162603299
-0.0075785266606727235 -0.0056491376984866819 -0.0031634953655234944
-0.0029570073294162402 -0.0062187461817037621 -0.006373576297809316
-0.0030937387553097977 0.00095031923953774525 0.0007553827169504636
0.0028695871530532773 0.0025550891642468609 0.002591586508739134
0.0028870745037356729 0.0028102282979082182 0.0023724894956826748
-0.0032016118217859813 0.00090726717917598667 0.0011061563845438753
-0.0050309575123291842 0.00071652973890617359 -9.3719686075035679e-05
-0.0016597771375858733 -0.0001819025755660756 -0.0003031045263984808
-0.0013053635178506863 -5.1813909390766846e-05 0.00019249624277262376
-0.0042056956884582355 0.0004908006324409631 3.5411411532964827e-05
-0.0050049138558001796 0.00072275330477711676 0.00016390505855646512
-0.001636683277045357 -0.00017591346496930328 0.00039097863192670025
-0.001161334979931239 0.00019772555572653859 5.040373793544948e-05
-0.0031523813585724904 0.00091935411964690159 -0.0010570038137571978
-0.0030288010256233093 0.00096296260274487261 -0.00072536130719612606
0.0029298466006809033 0.0025712383088170314 -0.0025529359344047264
-0.0012636821156348766 -4.2780281389951291e-05 -0.00012005272554251327
-0.002886552844245288 -0.0061979822004830237 0.0063741505769506802
-0.0030822765393044428 -0.0056280456286542171 0.0075914463051190168
-0.005765156353661479 -0.0047321331372793228 0.0058410215441090946
0.0029501232990387142 0.0028216344903653368 -0.0023666191260722971
-0.0075267358424831142 -0.0056337834574143779 0.0031081807566760854
0.0052675241954661597 0.0026304066477989161 0.0081022705364333994
0.0012002456212799502 0.0040755692437029678 0.010221843699625872
-0.0050187006482298509 -0.0063676509559752736 -0.00503027920988019
-0.0032078111336627251 0.0011674996449538488 0.00036153212341287814
0.0024627380696680768 0.0027487241587138837 0.0024291314202571487
0.00038422924207356436 0.0011599871145363508 -0.0032135291477071101
-0.0031210257284911107 0.0012885118191877515 0.00076216947623590232
-0.0049619068616807991 5.9276491710084683e-05 0.00053363205853644113
-0.001296882185122327 0.00040135672046809714 -0.00027067684204156893
-0.0016311450189147323 -0.00015198256768459806 -0.00034249310034865118
-0.0049174273664837611 0.00033395976062763384 0.00013981760020081752
-0.0052308368407090015 0.00015195357677450243 -1.5042261628979165e-05
-0.00086230340246540695 0.00043511104191111657 6.8775881350384687e-06
-0.00086129316651988898 0.0001814270441289318 0.00022607919370053485
-0.0055652767065935572 7.4046388269469394e-05 4.1655922400190442e-05
-0.0052032754690199221 0.00016275793450880359 9.8238311153598388e-05
-0.00084103995165295893 0.0004427693042377824 9.1623695322473196e-05
-0.00072667525728643432 0.00014483243943969504 5.8326458545623296e-05
-0.0048676806512067631 0.00034677795456528656 -8.2821006218477731e-05
-0.0048954894396931944 8.36350659921373e-05 -0.00049982635273096378
-0.0012458169523037136 0.00041625338639225467 0.00031283803378677813
-0.00082544256443033539 0.00020020072863848569 -0.00014600702394469529
-0.0030500139070853334 0.0013063155242473007 -0.00075902362855888436
-0.0031403171559634337 0.0011896256911873896 -0.00038698340813368769
0.00251590350205341 0.0027607524778427445 -0.0024582554356114882
-0.0015825647591058613 -0.00013025106168181792 0.00034556026003011936
-0.0049635115994189974 -0.00635298030539361 0.0049892052958694557
0.0053056638526851226 0.0026401424450461365 -0.008161095932473484
0.00122915008286484 0.00408261698316904 -0.010293077440804432
0.00042066314048363985 0.001174460360764885 0.0031536056865843075
0.0052924877856580501 -0.0025472104662478514 0.0081460261799162631
0.000231014461842831 5.5306635725526897e-05 0.00082565106444257904
-0.0020581417460514974 6.7920824095003406e-05 -0.0020585718271165787
-0.003161116084207694 -0.00098963413627736578 0.00041126981248166194
-0.0028347064159764067 0.00011166480388199779 -0.0028485628838759514
0.00041096787550715943 -0.00099786616907296269 -0.0031570983433560121
-0.004078400985341608 0.00011664724212605721 0.00037759423441462479
-0.0049016752825188194 0.00021505858926447515 0.0005780260658642157
-0.0011500503399341985 0.00016077090824876531 3.239798800722197e-06
-0.0016037862794736502 0.00042211577956745056 -0.00029298432479088498
-0.0055120161948302698 0.00016053880732057872 -0.00010496905415777411
-0.0051637933725722715 0.00019372053916697307 1.2356411850992588e-05
-0.00072998916452319878 0.00019569986881496314 -2.9520617075489666e-05
-0.00084237361533793099 0.00017458279022039474 0.00026131169481048293
-0.0049818178413906086 0.00018646688490917202 5.173979444882602e-05
-0.0051336899991401581 0.00020640483240986777 9.587099517222226e-05
-0.00071265506659433733 0.00020848399655146093 0.00014807915601000205
-0.00071592555266516077 0.00026039449080867257 7.1302311056829846e-05
-0.0054592774749708311 0.00018382679309049407 0.00017590212884434548
-0.0048284505738964588 0.00024249161521751715 -0.0005371301370714625
-0.00111070623814815 0.00018959819780013285 4.2648174462991744e-05
-0.00081317706369966511 0.00019798351782019237 -0.00016595697200139521
-0.0040041018999034776 0.00014731510173650282 -0.00037582880180999788
-0.0030869330273745957 -0.00096627736877018982 -0.0004476506451895582
-0.0027952078396308406 0.00013775641955921861 0.0028119601104538831
-0.0015644873382878535 0.00045144247828136631 0.00029255741049024871
-0.0019998268358280735 8.7750374267981263e-05 0.0020068295893989918
0.0053325891238373193 -0.0025399707024368876 -0.008219408676148985
0.00025135895792114749 6.6325219462914231e-05 -0.00090841895377361329
0.00044086114138244001 -0.00098114008831332597 0.0030829585842787983
0.0012426719210856573 -0.0039878235959780635 0.010328679954422597
-0.0049450687287277972 0.0064725690742981701 -0.0049356816246732532
-0.0030100498135931589 0.0057445762993758162 -0.0074667954739026689
0.0025261988066465641 -0.0025527265734987706 0.0025392430151624122
-0.0074885821507624135 0.0057410113993411329 -0.0030011548125145784
-0.003009459583220356 -0.0010856887973167448 0.00086030501541894608
-0.0029100932330173791 -0.00075586681067697011 0.00088827746111870987
-0.001244089420364958 -0.00010317344521103809 -0.00018359622563995448
0.0029880964071462186 -0.0026149510821771088 0.0025257797848037234
-0.0047870959533783614 -4.3561110780619987e-05 0.0002125422032402633
-0.0048277381439179607 -0.00045939322386299021 -2.2100381524179161e-05
-0.000828817470044607 -6.8655022464481189e-05 5.5923993753923971e-05
-0.0012296540152112187 0.00033549210295590401 0.00029568115228561533
-0.0054264999339988605 0.00026059590095112942 6.4302891733093314e-05
-0.0047938842222822542 -0.00045876183119101838 0.00014427974166703007
-0.00081356993924314993 -6.0439226355677293e-05 8.4182357482232497e-05
-0.0011046079599656249 0.00012044489184365667 8.0105344053685681e-05
-0.0047271127781824606 -2.8607577836612725e-05 -0.00012700492042487293
-0.0028308687006003254 -0.00076000568516504656 -0.00084895600631871096
-0.0012081961523304659 -8.4637935724420077e-05 0.00023421221597846691
-0.0012019709351298738 0.00033543309256970445 -0.00019052962395791338
-0.0029257541955156601 -0.0010718621973175935 -0.00086390408926892382
-0.0029296754532766511 0.005723090113204164 0.0074143482238865945
0.0025630706215824944 -0.0025428775787764524 -0.0025897697060948809
0.0030298851719670712 -0.0026236522818570435 -0.0025359009216062451
-0.0048792970227511459 0.0064688820604914387 0.0048669175046711652
0.0012622569491288287 -0.0039903350572936284 -0.0104233989243721
-0.0074529325593174038 0.0057170663320970042 0.0029145324975233316
-0.0056910756783262583 0.0048102903553244297 -0.0056630974755820344
-0.0027467822271298632 0.0062720716109665887 -0.0061840422307898272
-0.0029634018678839098 0.0074985805044046946 -0.0056260312321901405
0.0030024903430427071 -0.0024198740994545542 0.0027670125228226611
-0.0056773717718038297 0.0057197733525563054 -0.0047063689348260107
-0.00294974345696141 -0.00078193036146091384 0.0012420987287005652
-0.0030501371925812102 -0.00041683250113457384 0.0011408017085129682
-0.0015590329510489494 0.0003713588940906545 -0.00021891357903103693
0.0025670366358775476 -0.0025110516304235721 0.0027175620480850626
-0.0039373866619304794 -0.00033992477998802829 6.4815105053996706e-05
-0.0030200870789911897 -0.00043794264316769573 -0.0010392175879349631
-0.0015442697613293538 0.0003612565897946644 0.0003590867997761226
-0.0027592538518056964 0.0028142119573753136 6.949739271048089e-05
-0.002887043084093906 -0.00080128587858569909 -0.0011622072293573265
-0.0028925779591341609 0.0074439586986654871 0.0056425183590016036
0.0030416542302766341 -0.0024509286286213093 -0.0027254348794394576
0.0025952058357918877 -0.0025549208970293709 -0.0026343240381165459
-0.0026617950624246833 0.0062299833563655219 0.0061623328937408517
-0.0056455253220935248 0.004761443159135131 0.0055981550442555433
-0.0056301873549954376 0.0056483292973123368 0.0046790369150295809
-0.0074529026625415242 0.0029829075691316905 -0.00562102231442335
-0.0048639245201538058 0.0048903363680245678 -0.0063538827968237996
0.0053727758770774573 -0.0082735521238623544 0.0026320071501840011
0.00046946421242131551 0.003073161732800389 0.0011405704690917295
0.0012808486759098223 -0.010434552529721954 0.0040834884563190786
-0.0019211959348294201 0.0019480783294125773 4.4755333030613694e-05
0.0053894595724358757 -0.0083029663577647121 -0.0025798351091950219
0.00048315484512467485 0.0030418592500348718 -0.0010434702040739031
0.00029126825055139855 -0.0010249062900196853 3.7608303738165793e-05
-0.0048201774110064452 0.0048405587344808876 0.0064003312540444751
-0.0074157932392077963 0.0029051463162303396 0.0056342998897026403
0.001298652657004806 -0.010498280063344788 -0.0040455616439246276
0.0021536077839328319 0.009843060517229666 0.0033644219480885181
0.0034449595160118305 0.0098726010587149322 0.002107872438594287
-0.00040856494870093513 0.00029607995325569691 0.00063031189464442553
0.00029731494435630184 0.00017211682479972845 0.00048062585395914595
-0.00039795626332116336 0.00032467093239945625 -0.00057074062695902129
-0.0019236962392970454 -9.1190315431894688e-05 3.6413556944099175e-05
0.0021843640241728658 0.0099115645968489308 -0.0033441896869329758
0.00030221607856026095 0.00022974257093964822 -0.00042924672011080073
0.0034602659999738491 0.0099563362068795062 -0.002111131220213103
-0.004859150208781365 -0.0057588277705590499 -0.0058887236977817285
-0.0057274135905838169 -0.0031532746211667762 -0.0076502004080533908
-0.005727241600080423 -0.0075278707171417009 -0.0032073803132109478
-0.0063183216169554572 -0.0029384688904126859 -0.0063875247467091844
0.002457870691839642 0.0029586826634373587 0.0025993713762244835
0.00089791958152967463 -0.0030738946633039354 0.0007780785598083418
0.0027397146492947021 0.0029747586796463592 0.0023808583131135356
0.00083136039727577083 -0.0031684435606737032 0.0011224820316417653
-0.00024901829154337521 -0.0015856386174314106 -0.00029146401316045055
0.00069430889860178037 -0.0050016432827854444 -6.8211639402761845e-05
-8.1020485054951507e-05 -0.0012192101582282175 0.00022260603380261341
0.00043567558350388573 -0.0041758464134154412 4.5392210203520329e-05
-0.00023348434598135712 -0.0015737131787019825 0.00039095789382887836
0.00069678484204017065 -0.0049808667014622707 0.00016052137251508096
0.00018563809865783642 -0.0010898139112385701 5.7571447074754253e-05
0.00085963993574257255 -0.0031282861170751184 -0.0010578118727013952
0.0024981692585614211 0.0029895776878776622 -0.0025566026192848819
0.00090527570589206754 -0.0030199219130479862 -0.00073774356089278742
-8.2807856942939035e-05 -0.0012028301001922349 -0.00013815606281636415
-0.0062716858532774443 -0.0028742847087069806 0.0063831516587787279
-0.004811136027936814 -0.0057175594865727548 0.0058502211596984993
-0.005709586743157944 -0.0030899685871313433 0.0076138330796477836
0.0027415565674514157 0.003003169089988419 -0.0023744553166171901
-0.005719220019590068 -0.0074978864253359683 0.0031393297421801682
0.0021693027413724328 0.0034965263226648027 0.0099631606655811392
0.0034435430829211832 0.002226785143390508 0.0099348343032862659
-0.0063030900333009392 -0.006218272105861589 -0.0029585222265006484
0.002456742915718557 0.0028056902780746918 0.0028532894765727467
0.0027298655493043552 0.0025623273986888255 0.0028501128014093548
0.00087005685377958546 0.00094132512220366734 -0.0030687964316299284
0.0025000936838434429 0.0026067800892498345 0.0024103038295229264
-7.5520619099980844e-05 0.00049382996972056632 0.00027204489983114399
0.0004521260041879118 2.412615583215216e-05 0.00029139372674282307
0.00042990007788932562 0.00049033725286147078 -0.00016009315428813445
-2.4938461292012791e-05 5.5853759871788995e-05 9.5883539164417055e-05
-0.00065845967617025208 -8.4755461913190745e-05 -0.00017095314514748946
-8.9540048746495352e-05 -0.00058870479225963789 -0.00015927323994100286
4.1338708455105266e-05 5.6158003591808762e-05 -0.00038759082890347266
-0.00087514536390709773 -0.00081817941395868497 5.8303041530188069e-05
-0.00064783287921588184 -8.2198406646948226e-05 0.00028054180072180834
-9.5505720798306161e-05 -0.00058786300184500559 0.0002708405619722765
0.00025919580328819197 0.00025711967370604271 5.9058679700024518e-05
-2.4331309505596223e-07 6.3332111216336334e-05 -1.1669504786959804e-05
-5.0924989559084132e-05 0.0004968116207481419 -0.00022288439156301689
0.0004366813183508631 2.4479230310256212e-05 -0.00023993468514416213
1.8849234102686748e-05 5.0221190621757019e-05 0.00047092076608601006
0.0025400802562814719 0.0026206579848132802 -0.0024046527633590957
0.0024833236645063874 0.0028087231880584967 -0.0028867847871159816
0.0027160292862782346 0.0025630005711572328 -0.0028855455520155355
0.00039361210674086316 0.00047543544587468154 0.00016723132910193093
-0.0062678375881474492 -0.0061991812001539349 0.0028920746443936523
0.0021830227796785606 0.0035017977529088668 -0.010044384802355888
0.0034354270152492303 0.0022309963951588304 -0.010019281441605143
0.00083885157690000546 0.00092685374133183104 0.0030021416553062796
-0.00041349556979588002 0.00070275798376216074 0.00051396948650541101
0.00026493480799881855 0.00057833433460702981 0.00033567437316761898
0.0008272394703354466 0.0012759170987866302 -0.0031182199731749558
-0.00027914605166194022 -0.0001664466534145371 -0.0016530293928318602
-0.00013740437567992948 0.00037991392909004715 -0.0013117118176049032
0.00062567051472506557 2.1465549292843658e-05 -0.0049379419947471487
-4.6201537901043098e-05 0.00028927858116710795 -0.0001278582236216724
-0.00069433466863951692 -1.7153605322769777e-05 -0.0002966524842928632
1.056065820208155e-05 -0.00021243375954426184 -0.0001446432708986469
-0.00016888598193068096 -3.9719569471840578e-05 -0.00075786062677369594
-0.00068368116146933704 -0.00014382134242374569 -0.00034834047263053414
-4.0762774144843052e-05 0.00026459509976439847 0.0001002201933974498
0.00022579006948055555 0.00045805598676786882 -9.348230228646841e-05
0.00019124845703471214 3.9133695619249383e-05 0.00028329468298127181
-0.00021815395628249396 0.00042556796103581165 6.0698986511939826e-05
-3.9313133462703503e-05 0.00027192105732710839 1.703237848959518e-05
0.00020824916949864052 0.00045655180934506669 0.00020069520924298533
0.00051055389758644599 0.0005788493477700571 5.9188464237448427e-05
-0.00067279108245767443 -0.00013787203356267557 0.00043348509311481919
-0.00069402129274544167 -3.4490091725780485e-06 0.00034205548205820186
-3.8674230737803799e-05 -0.00022126683745181999 0.00018663987134360453
0.00014413906105722205 4.0731054024437932e-05 -0.00020592092114732056
-3.2429344869057435e-05 0.00029209899625274195 0.0001344805833361272
-0.00028164965697719934 -0.0001581683176686791 0.0016165203098386601
-0.00019608962547718425 0.00036239505164733187 0.0012774960472671034
-0.00024526354189703865 -4.3985197120688987e-05 0.00075708565029947096
0.00083489698670952117 0.0012756399845297072 0.0030541564576174376
-0.00041780730935063871 0.00070429251982702607 -0.00059666418902187411
0.00022485838063338157 0.00056647258054205816 -0.00041368967194466491
0.00055546005562229304 1.2457181616908801e-05 0.0048777301031884789
-0.00040269948103900481 -0.00058003472963739022 0.00057387319920651253
-0.0019741287852903583 6.5190036464638063e-05 0.00012899500059028522
0.00041227686427605854 9.2751880730440923e-05 -0.0040734421819999932
-0.0002735946768215522 0.00040354560979167337 -0.0016027222263872137
8.8672825121238324e-05 0.00011546876434253551 -0.0011515737608857664
0.00061807237232503506 0.00016455448052772026 -0.0048872793212091465
-0.00092839064176230689 0.00014252215787597929 -0.00097417252490133359
-0.00071148092079033613 0.0003401150288268652 -0.00026275058988710776
0.00016994868602074572 0.000143216551850886 6.8835625397268817e-05
-0.0002026529297007245 0.00030758009265574322 -0.00072979084271738732
-0.00026228897552534519 0.00017623994257099369 0.00023172001436581332
-8.0209663458559281e-05 0.00011230058942144075 0.00011930622082410478
0.0004767878946008114 0.00015565154697604389 0.00044710342749481864
0.00012369834467063513 0.00027076891512330261 0.00029573373428883748
-0.00045183156245614484 0.00019554208174627424 6.8181092015677389e-05
-8.68868326448631e-05 0.00012264567256666493 1.4731988979515881e-05
0.00044575600781326507 0.00016097018476648992 -0.00033702621405262619
0.00041840250206718363 -0.00025236933471507066 6.3527315874840258e-05
-0.00026791751385058123 0.00019419319544715564 -0.00014042863787419815
-0.00073032275931527542 0.00036317274415237425 0.00031126787528141359
8.9664958518168117e-05 0.00015261936337960302 -3.3779775101312929e-05
5.6416505862590765e-05 0.00028197867745668873 -0.00021468803916380261
-0.00094191412594531784 0.00016385791654583313 0.00097467335980090945
-0.0002989596844400764 0.00042446116733480687 0.00155666591658937
-6.1928019108033563e-06 0.00011944179524053886 0.0011124361217591439
-0.00030946202903484076 0.0003222944615915124 0.00072235521580816359
0.0003966783729686478 0.00010581821454342508 0.0040023509614283241
-0.00042144262777785765 -0.00057349164962484738 -0.00066784752171844021
-0.0020380908813569338 6.1801309531317583e-05 -0.00020200682184307039
0.00052143451141735517 0.00017097376878066135 0.0048194989578761302
0.0022140826788778806 -0.0034216666465367107 0.010133431585442916
0.00026509441451009845 -0.00045850871702801145 0.00045676166039851362
0.00085428627358026554 -0.0011075318389983106 -0.0030031554304590351
0.0024997321109328204 -0.0026285847362386341 0.0030116422421655248
-0.00016745584271267108 -0.00014973581851424099 -0.0012282053077165844
0.00087260200221783756 -0.00079158800694832817 -0.002906861665681628
-4.6077069914547675e-05 -1.5852291576106802e-05 -4.1993309479012203e-05
-8.9328930287076196e-05 -0.00021952529784974745 0.00038052694542192907
-8.0684186362169622e-05 0.00051241118152056848 -0.00010385212709142832
0.00036564948557191428 -0.00024478864894832863 -6.2285415438140707e-05
-0.00073043306974183118 0.00049128001734604764 -0.00029491181528476762
-0.00073309310843383492 0.00041079597865662166 -0.00011924236932728315
7.798197728153197e-05 -0.00012592217825128558 -7.6025697830787477e-05
-0.00011178534435119956 0.00024670052814363628 -0.00034316033241300154
-0.00029791101863222845 -4.5853347994712429e-05 7.9512814174153789e-05
-0.00074293937644840367 0.00041189448663349272 0.00026614473150122472
3.9907526078609958e-05 -0.00012016444717186078 0.00019733602399048212
5.1109683708037852e-05 6.2972690680183164e-05 6.8624610252002698e-05
-0.00074792202771803353 0.0005050880866551826 0.00039987600129854533
-0.00011480734216164339 -0.00022054851357419754 -0.00032940098395664434
-0.00017911146184227474 0.00052493260376730686 0.00014140827470985034
-0.00018497043560366567 0.00024756867561917002 0.00043047246459030535
-7.5289815985349145e-05 -5.9115881883902918e-07 3.8266589425437619e-05
0.0024735957035799871 -0.0026388656202035684 -0.0030695121989355971
-0.00028126958334233766 -0.00014000626293671984 0.0011804239093819312
0.00025362946734453634 -0.00024526388408480099 5.130330180851822e-05
0.00082847341527835059 -0.0011036823037029152 0.0029184599008421526
0.0021989222591528739 -0.0034365579456201133 -0.010230819348947625
0.00019229582973859 -0.00045704160130793621 -0.00053644663677875678
0.00077795957499437963 -0.00079780905234490946 0.002831724351689555
0.0034753128086572895 -0.0021827951364797125 0.010152367582692359
-0.0062199542632777422 0.0062681642531982485 -0.0027439138215410103
-0.0047507973554130837 0.0057227304600267976 -0.0056526228592194468
0.0027278384076751664 -0.0024404928276298187 0.0030280986682067199
-0.0056729238259882091 0.0075042736611293055 -0.0029725235642390335
0.0025507614991928996 -0.0024746614874059667 0.0025926842577149584
0.0025020330100714878 -0.002956855186894018 0.0027747908168737024
0.00034762479049032017 0.0001727475728355958 0.00038796907476113267
0.0027200665991861306 -0.0029606891554596589 0.0025499629150119484
-5.4798417083083239e-05 0.00014715380505777621 0.00020119728277903767
-0.00028167362745370621 0.001612222461488655 -0.0002195693637278603
-0.00028566503161499626 0.00082291456417932685 -0.00012519868430251231
-0.00021466477481445266 0.0012684911024414556 0.00030176820350198187
-0.00095571737245645611 0.0010421688218466042 7.8823782258713969e-05
-0.00028927168793676519 0.001591053120471265 0.00034826864037934541
-0.00032131285660248309 0.00081574381365105231 0.00024640472980034004
-1.5684355604276407e-05 0.0011475522746413119 6.1736990060746948e-05
-7.1334916425165102e-05 0.00012880887833164418 -9.886836502742127e-05
0.0024896094902196342 -0.0030124862787481109 -0.0027402225479896064
0.00025648368715891669 0.00015516607389207517 -0.00035261695579869869
-0.00027318675669358412 0.0012370479120212502 -0.00022493130220060129
0.0025299098111800974 -0.0025093886431984567 -0.0026078596708193997
-0.0047538353238908999 0.0056545340347715252 0.0055883675796291289
0.0026313164368425178 -0.0024650595377058316 -0.0030832968504676916
0.0026392771328469311 -0.0030093345190772068 -0.0025673922055748531
-0.0062297783945419495 0.0062266105109995105 0.0026561334013762623
0.0034187918340450618 -0.0022027043628132037 -0.010227495077170823
-0.0057299010486403035 0.0074608363416614042 0.0029037454515960263
-0.0056722923866734326 0.0030005648669558941 -0.0074375918426033728
-0.0062110251152457724 0.0027536941202700458 -0.0061699164813265803
0.0022219357051804036 -0.010203603951001883 0.0035105531649970464
0.00085146723562024083 0.0028973543534180921 0.00090709070560352823
0.0034684734957602615 -0.010187439195948693 0.0022501441515300298
0.00085793582554328802 0.0029579645970938886 0.0012489574828741751
-0.00039596191667234004 -0.00073363868984634606 0.00068373538104452144
0.00055750776653019994 0.0048184261755061311 -2.6224976138011172e-05
0.00023957705207444885 -0.00056225211465632421 0.00055080273990519958
0.00041352696994751195 0.0039483131069953529 5.6993343860872923e-05
-0.00039963113491187346 -0.00077155312196679725 -0.0006155283213309696
0.00053461972270733285 0.004790981701777137 0.00011659215011539436
-0.0020256395928583354 -0.00032337740549060303 3.3479227536754801e-05
0.00085200328449245308 0.0028974215161032069 -0.0011800798222941712
0.0022230457165337853 -0.010287487249321131 -0.0035009474341685582
0.00079578025447595685 0.0028344674021990495 -0.00088672520447655146
0.00021052915765235037 -0.00062353279628180438 -0.00051069709429454034
-0.0062092160188845207 0.0026685385757223299 0.006142653241186187
-0.0057196259833762787 0.0029362151433159067 0.0073879648840856254
0.003435637898815065 -0.01026283627633014 -0.0022696761944907724
0.0040545721240645167 0.010132813795319441 0.0011471415078275079
0.0026422939988748565 0.0080273772804847453 0.005210582696791065
0.00060245991354811656 0.0002200249952750929 0.00021682595933105418
0.0007634201820082248 0.00042748342699717697 -0.00042974269669021647
-0.0010516006592939486 0.00038905252064590852 -0.00072327012529805669
-0.00056963822510909155 0.00045528792209530372 -0.0011732405606542482
-0.0010615217181920839 0.00041769259110021554 0.00078620319891004584
-0.0005650021545682601 0.00073836019689042364 2.5492369326316094e-05
0.00057871015993538836 0.00029109845515081292 -0.00018711335929792793
-0.00061377868572841062 0.00049169587228404025 0.0012090421815262931
0.0040372711332098306 0.010209281348887064 -0.0011713535951391142
0.00069892339710445279 0.00048364976364374075 0.00043445693565244848
0.0025942181068072962 0.008072052828699227 -0.0052419479877661053
0.0040489272187474194 0.0012361213067072913 0.010149157174428398
0.0026395759370791824 0.0052610004255607941 0.0080183238927263312
-0.0064061171999906736 -0.0050318632683802999 -0.00509538274636383
0.0027348717243125039 0.002544307746970021 0.0024222225309942468
0.0012162194524533345 -0.003193018876664675 0.00035746127254716788
0.0012058201242206982 0.00045901664330781915 -0.0032454119310292699
0.0012834507425528816 -0.003106624534434832 0.00078007221837703437
0.00043524589776060241 -0.0011932316115774596 -0.00022218841909285949
0.00014325686821279162 -0.0049106257884153799 0.00058947337428737255
-5.4395013870258617e-05 -0.0015117942049146854 -0.00028630869167863411
0.00036251199794195502 -0.0048805027169053494 0.00018486845712257713
0.00049069228269153005 -0.00076668476982964665 3.3370041409054531e-05
0.00023327525646324687 -0.0051624803801581251 8.5318820944332938e-06
0.00030402682698074755 -0.00073066222960509219 0.00027884368914655371
0.0001011298766479408 -0.0055253324941848397 4.7059745608506696e-05
0.00046720701097200339 -0.00076328777185665137 6.2425423031081938e-05
0.00019681105963068567 -0.005155588103639165 5.2703271017784143e-05
0.00023525935974287709 -0.00061398238024150929 3.270228300653282e-05
0.00033261513057137823 -0.0048482659845050426 -0.00011722213997614379
0.00037483334571003285 -0.00118635543241146 0.00026646913378166942
5.1919120677520808e-05 -0.0048939585504940014 -0.00056128148648844768
0.00021068317816332885 -0.00074472766775105664 -0.00023198030800051779
0.0012422618954887918 -0.0030594680294621893 -0.00077485818336472815
0.0026726755513490014 0.0025543801846266249 -0.0024542496849603935
0.0011200914695322331 -0.0031764407395015637 -0.00037880276358774221
-0.00019470162365426636 -0.0015377351941335811 0.00029120631733569767
-0.0064308301079950576 -0.0049899521046869741 0.0050395282887941142
0.0040142336001862573 0.0012420929142347012 -0.010222969556076662
0.0025849298138976369 0.0052696001962658223 -0.0080670556177274057
0.0010908520944386481 0.00043619147854613691 0.003204879687266033
0.00056846238040272824 0.00031819486261891396 0.00032224435167110127
0.00073863626893544638 -0.00033960595249220575 0.00047743431644525032
0.0012599405546927138 0.00092277472014222798 -0.0031394772585698338
0.0003897870323513596 -6.1064973058245304e-05 -0.0012968946166311548
-7.3691404592770172e-05 -0.0001489530512059137 -0.00161524698105154
9.4387711818384647e-05 0.00070598966800852932 -0.0049180518997333509
0.0003147293551562309 7.3589555282419563e-05 -9.2761498317169526e-05
-0.00014640276194573113 5.3044819900144118e-05 -0.00011753863459975126
0.00012729909733074697 -0.00056087936499731787 -0.00023213577011775669
9.9638195128999639e-05 -9.3465208744384503e-05 -0.0007005107915684487
-7.1989738469202514e-05 -0.00058474027812134414 -0.00031287345124458485
0.00055405401679058705 0.00023309951358719283 -8.8503483165020013e-05
0.00041082757126518956 6.9039933502873079e-05 0.00010620989587103319
0.00021840373596005846 0.00022987167947871985 0.00031252789529747038
0.00049288364818310848 -0.00014383341953076208 5.0027871230131449e-05
0.00051165409952615571 0.00022290948667625667 0.00017324967773830118
0.00034797368657977742 5.1983289239273693e-05 -5.8699697106036973e-05
0.00072300960848607624 0.00053260016831533058 1.6492762273616059e-05
-0.00013358200262268295 -0.00059883457568427371 0.00038362778334836728
-0.00025343962640339194 2.1462381071877699e-05 0.00015134876802488706
-3.0301911337237927e-05 -0.00060903777408179843 0.00024861687763477861
7.9047740128465206e-05 0.00019078157724331904 -0.00029565111412504602
0.00022035198857559121 4.8086676423364153e-05 0.00010064923293990431
0.00026807936669581711 -0.00010329829082727127 0.001268679909658333
-0.0002511483700527162 -0.00020960849669537441 0.0015975872198378161
-0.00011405854576551936 -0.00016338368285450595 0.00069310727767263932
0.0011818218252089882 0.0009011928570866396 0.003080155852643738
0.00049031918365201376 0.00029047993509656025 -0.00038433722233017164
0.0006295492865130729 -0.00037945831001531002 -0.00051300695852961472
-9.1563054904868105e-05 0.00063887023874798421 0.004897599062205887
-0.0011158983243282706 -0.00066946485374184256 0.00055882463876304601
-0.00062219074739738064 -0.0011064591959766613 0.00057166684507912969
0.00029171920028837233 0.00029599480438195693 -0.0048562220336462875
0.00039111119403567937 0.00011921400715761833 -0.00084577191963461178
0.00023321382913300235 0.00038032848516860444 -0.00081479372057443602
0.00014582048682441613 6.6794800579718957e-05 -0.0051352759409153109
-0.00013398601733982944 -0.00017488218145831098 -0.00074564605854998797
0.00048458625240582227 7.0786503997930395e-06 6.3516693826953606e-05
0.00018889529600201512 0.00041826027497963205 9.0600783947830419e-05
0.0003293552691833949 0.00017583107160309156 -6.8715140175255906e-05
0.00015443999539125366 5.9920281723558397e-05 -7.95173771122231e-05
0.0005842951107409575 0.00022051163136743083 0.00012357074422495828
0.00041296070957830364 0.0004885577318024005 0.00011492014689219665
0.00038450894943844706 0.00018059978557262039 0.00038179382596296871
0.0006935141862564958 0.00060207114453598575 4.1351376665414419e-05
0.00052543238761186865 0.00021584470880716409 -5.8093452105967438e-05
0.00032882593290296867 0.00047017295917865554 -0.00010579619579730549
0.00042242268846530862 0.00025221545202059909 -9.3851954021990441e-07
5.8561870597895225e-05 4.1452189550518106e-05 0.00013195580562184376
0.00033512346709835668 -1.0896453663287314e-05 -4.9192113096484766e-05
-2.628353982976736e-05 0.00036719367076891636 -0.00010366346690708221
0.00020983997765426665 0.00015630363293869616 -0.00039803402613581109
-0.00028230429736780398 -0.00021187765337019247 0.00074154876421108251
0.00021747243292766978 9.1032650693199252e-05 0.0008165348730019928
-1.28402244014259e-05 0.00031158870804226361 0.00079888785086891642
5.9346595640559551e-05 0.00012978143746183502 4.2540830045145392e-05
0.00016029838819144396 0.00025852891261281442 0.0048112012300482003
-0.0012297181511237972 -0.00069074508606423689 -0.00059894743773044722
-0.00077908166179437618 -0.0011542151187345748 -0.00056865086857304441
-9.3345007880418209e-05 1.7860950396156273e-05 0.0051350162395003918
-0.0011311855930224541 0.00079050707161993337 0.00061333208443048459
-0.00063452683301917399 4.9002668164453984e-05 0.00089075174763872866
-1.196852838354577e-06 8.4299747079173129e-05 -0.0054685080613105178
0.00034880216785774853 8.6203743968051337e-05 -0.00082229039940548442
0.00013047059002845225 7.3227265013619985e-05 -0.00068572754219465258
0.00010324340465614414 7.2983655203620433e-05 -0.0051097917613120601
0.00038077644906903016 0.00010768524852911593 -0.00029323611442188722
0.00040495947678885458 0.0002236617445037089 6.4075987696567057e-05
0.00064845078478077147 6.2698911102298033e-05 0.00039004492247325927
0.00025048918172646732 -1.7942321945022039e-05 -7.8052967368733787e-05
0.00062607573246672467 0.00010726084069324293 0.00046287075821103697
0.00047137388267974925 7.0720321354801419e-06 0.00012057078167138283
0.00040090578979058207 4.2658416353902226e-05 0.0001867227104696623
0.00027030811424178761 -5.1863789438439601e-05 0.00036132188600859251
0.00030753987760597884 0.00010371148969092752 3.6164402081548864e-05
0.00040301735612293039 1.0453966444315719e-05 -5.5037051043351723e-05
0.00030242103103837899 3.7416719995865285e-05 -0.00020142009671870304
0.00028945977110278085 -0.00014906208949761788 -6.012627087243696e-06
0.0005044318015363185 0.00010530975444580051 -0.00042399002478055961
0.00022829968928907008 0.00023062211981156246 -5.623334686485375e-05
0.00039713677923934083 4.5710822323933158e-05 -0.00042364194204550908
8.0089513688843021e-05 -5.0066519521578025e-05 -0.00038992678895379777
0.00019023546671959716 9.8839702921914286e-05 0.00027833349162055857
0.00014426850555169471 8.7953984769820746e-05 0.00078687076124071809
-0.00015855826534982173 4.6497366764703242e-05 0.00066740916188137624
-4.3311550180412655e-05 -1.803863753567038e-05 4.2282128807966774e-05
-0.00017233653447401446 7.0240621662961917e-05 0.0054300201060060926
-0.0012622319793559008 0.00078872394099172276 -0.00064602867298844914
-0.00082112556324420868 2.9808658180175898e-05 -0.00085850617971759062
-0.00015740783028065307 6.9919657684935259e-05 0.0051171856930070508
0.00054308748512876489 -0.00021207348217360911 0.00048860440681883568
-0.00066959503137895026 0.0012152729108646759 0.00065982028958184264
0.00024663938083927331 -0.00012181527684837837 -0.0047700117060198652
0.00029991341948144639 0.00026657260220657087 -0.00120634236166315
0.0001224762098688919 -0.00019891216989469855 -0.00079487161810864017
-4.4881985911302772e-06 -0.00055180976000879483 -0.0048213091888620148
-0.00024291030745360982 0.0004178575530358221 -0.000719508081305414
-0.00033383921534707768 0.00020790091669143748 -9.8115364157184081e-05
7.2909020207337881e-06 -0.00022608260130509147 6.1492014213387181e-05
-9.2259392378349781e-05 0.00030645137120605522 -0.00070205500263610914
-2.5005956349419919e-05 0.000202701195964937 -8.3655213944469086e-05
0.00028513528558045425 4.8582066218082643e-05 -9.1941268462657493e-05
0.00017936302306176025 -0.00031195585195810703 8.9443673132456842e-05
-6.1654536004539543e-05 2.8373421422709901e-07 0.00027548031146789058
0.00047002063870303575 -0.00033783243136399421 3.9385931505809428e-05
0.00021629178569259724 5.1376498608961557e-05 0.00016469017300603595
7.8013509673850894e-05 -0.00030615689751349107 -0.00010323274352194459
0.00039296248545498362 -0.00030781000612876183 -8.6609847530251192e-07
-0.00015801052161895507 0.00021056870597259289 0.00012530641482638998
-0.00050873789205303169 0.00021631786752704976 0.00010831678737858892
-0.00024714161874798697 -0.00021171866088714542 -9.8387573568856085e-05
-0.00024103303116695029 1.5057104185975299e-05 -0.00029506546013830063
-0.00044904299932819938 0.00042931713503921497 0.00070024835629092558
0.000101395889658388 0.00027434021022387724 0.0011654353018205755
-0.00016834115403240984 -0.00018240903434954593 0.00077200188924137381
-0.00036645528776759666 0.00033283862503267602 0.00066727195590050143
6.5411012856043894e-05 -0.00011497297206375528 0.0047284865107604067
0.00041835083471133223 -0.00020979996585046589 -0.00052684207969020021
-0.00085462614867336316 0.0012241592965631948 -0.00062589931371749368
-0.00024235803732077237 -0.00052801055313250874 0.004820152568347719
0.0040522478305652148 -0.001242930955331273 0.010382908178216266
0.00067805862858362704 0.00041279075697415102 0.00066395136027444838
0.0012180466425016721 -0.00081987042680155449 -0.0029566162283384441
0.0026722814760370807 -0.0025226302732692177 0.0025869351196546094
-0.00022987698908608707 0.00030128693241482179 -0.0015371434476455423
0.0011154479767685379 -0.0004326871579872529 -0.0030732412774219144
0.00017293216318310677 0.00010674518290475265 -1.3344684834927902e-05
0.00025045158204621001 0.0012570927466694932 -0.00016074566443615205
-0.00013848704456775776 0.00076373464079574791 -0.00024651723385999395
-0.00025633048724752589 0.0015830412953797854 -0.00024051805199180832
-0.00032559537885989422 0.00080961614783523817 -0.0002981163277683703
0.00020802912063282712 0.00085479540483130519 3.9021698362198831e-05
6.0023630914981328e-05 0.0001514437419439644 7.5053079519683916e-05
-3.5874650220300429e-06 0.00083805592560827057 0.00025821161805927173
0.00017372797200859063 0.00037721942547315414 4.2207875705356832e-05
0.00015332016204034461 0.00084654123373263581 2.9834702242540057e-05
-2.6389052931408477e-05 0.00015906249833778558 -7.4027715909834129e-05
-0.00013226428104995205 0.00073262488594718722 6.3449483082982644e-06
-0.00044540909276032548 0.00080710809662673359 0.00034402606839208604
0.00011450366171835387 0.0012390182491331878 0.0001710319066482586
-0.00035570938216705002 0.00078478881159027092 0.00022081952033539768
-0.00014196498383070702 0.00084744180212226227 -0.00026445550375876325
-7.9122932074320767e-06 0.00010476349718615001 -6.6996342378662036e-06
0.0025264015576130635 -0.0025404519587736013 -0.0026272816851901732
-0.00047311305046230756 0.00032978657308916747 0.001513446047715664
-0.00046337602119692826 0.0016027783597735849 0.00021337872835518033
0.0010663004827473229 -0.00082194065615798912 0.00290871306198667
0.0039675319732687961 -0.0012515154226261905 -0.01041748270105484
0.00052919635477738803 0.00043387680482653856 -0.00064231585539765209
0.00094250687051409014 -0.00040930733276136992 0.0030654125570537842
0.0026084251081948777 -0.0053294486431230059 0.0082236394471348027
-0.0063987977122688189 0.0049180074553561558 -0.0048866162008471383
0.0040419080820655404 -0.010392161172072324 0.0012856528033825284
0.0011037592254219547 0.0030941562768706131 0.0004779744910949692
0.0026017795777005474 -0.0082194660880166737 0.0053489270966956548
0.0011957197460698054 0.0029703871989404263 0.00089871421914579103
0.00050742809139361835 -0.00054488753365703412 0.00028156548227405848
-7.5105064050842436e-05 0.0048249421981786016 0.00060830795632977155
0.00064852885591935036 -0.00068610972107785179 -0.00037065513668747743
0.00016531100234203972 0.0047488548514322496 0.00022205587217782573
-0.0012155504071783912 -0.00073230290095076559 -0.00071310972022058116
-6.5452939049991625e-05 0.0051000133275317366 -1.1609884256154725e-05
-0.00075698154964221314 -0.00071475712072583677 -0.0011715294840165431
-0.0001590567076445567 0.0053980512040748439 3.3359332856982073e-05
-0.0012448611291381772 -0.0007553849683926135 0.00075148979682134029
-0.00012295977869365921 0.0050979909832565597 2.1616679185714944e-05
-0.00079179571816078678 -0.00098553549309314493 3.8974850369045523e-06
8.576172446306092e-05 0.0047188758837259093 -0.00018623947013138656
0.00043784245194051032 -0.00059348902533289767 -0.00027594729714012437
-0.00021803118562430102 0.0048297757201931097 -0.00062375271127646653
-0.00082793346146281315 -0.00072415194084861118 0.0011708809538187295
0.0010804188356965247 0.0029342040907442057 -0.00091720933391685293
0.0039764479791403852 -0.010427968411944691 -0.0013127741333693534
0.00095036165729293562 0.0031106170479892484 -0.00049789277447089193
0.0005436763852662424 -0.00068422390498169925 0.00035647940211634547
-0.0064845074682427914 0.0048940861399528589 0.004848835351819146
0.0025201286273080674 -0.0053122424411107122 -0.0082144494066612155
0.0025223108623844445 -0.0082033823691565894 -0.0053554363804447927
6.6678212601072409e-05 0.020236201107834681 0.020221274455049648
0.00013777899711570632 0.00077029496934821013 0.00022402164522452315
-0.002462179584089846 0.0081255051091851521 0.0052816102804877779
0.00018575134102354315 9.1199143715365054e-05 -0.0019833958209499484
-0.00046107148055889743 0.00058386994906283254 -0.00038233799638584651
0.00019341415744004249 0.00081477709835720696 -0.00071902272054267656
0.00092801570559314795 0.00063168406396566911 -0.0011653983950917521
0.00015721070312670402 0.00081866939077560497 0.00073804321692326133
0.00089637399272850661 0.00089653317547925258 -1.0680382371071383e-05
9.9332900321118375e-05 0.00010137440220656059 0.0019925146499573144
0.0008486139903353566 0.00060210892463992416 0.0011509783502315456
4.4364709978265134e-05 0.00078333890906932303 -0.00023150397595455641
-0.00057430876446974124 0.00053953158754647176 0.00037975724833906859
1.1401150159496533e-05 0.020239961874953326 -0.020235976592662221
-0.002551323526054688 0.0080891507734938625 -0.0052732104109098022
0.00012685356205014033 0.00029117536218675093 0.00078441973911024063
-0.0024673826412765316 0.0053214166442737167 0.0081178064027575911
0.00015312284085625602 -0.0020338076189821822 -0.0020874255684529682
0.00025115456614229853 -0.0027079943766389102 -0.0028040162621090193
-0.00085097251865069712 -0.0030810222979398066 0.00044840615962847248
-0.00085719386047180234 0.00052690291155434339 -0.0031215038526224807
0.00024146762775481792 -0.004011792612324103 0.00043003122573197374
0.00032722595030865447 -0.00098736090802152869 7.6665123112667154e-05
0.0003502279211220436 -0.0047708971584725134 0.00062775277476893377
0.00060071036047522873 -0.0014242202802504252 -0.00021164756851153459
0.00028084375683875201 -0.0054094803889322843 -6.3601489978100658e-05
0.00032863352361246529 -0.00057144573933498534 -3.6713903376009481e-05
0.00027162627626384775 -0.0050293474304820788 -1.8487266087426697e-05
0.00031541088287937065 -0.00064587047018321029 0.00027913333503820409
0.00025368514338840122 -0.0048909290996613569 9.5190374514586212e-06
0.00025585487911836564 -0.00059481933375350932 3.7621331736200092e-05
0.00020733658513909302 -0.0050585658881321513 -2.3143806862407995e-05
0.00031408051553838775 -0.00055234125705175686 -3.9126103631236755e-05
0.00017815339379108133 -0.0054271263428247356 7.6888131717528215e-05
0.00014663571147066173 -0.0010490377284233894 -7.8739123341670461e-05
0.00019024980227692656 -0.0048461889222725322 -0.0006474726557529494
0.00015825712335836858 -0.00072258046711167596 -0.00034048561090780922
9.1797375820551128e-05 -0.0040389350169924678 -0.00042848496319954944
5.2749039988268271e-05 -0.0027813358972509201 0.0027984902734555883
-0.0010208081183351223 -0.0031683721879623935 -0.00043891817219340098
0.00036502173709471956 -0.0015488406254089832 0.00019875458847150567
3.0165663580177274e-05 -0.0020599776098727055 0.0020726608636948175
6.9228550146268932e-06 0.00024381596367807515 -0.00078678422564030636
-0.0025649535955940186 0.0052652698203611153 -0.0080910846123511092
-0.0010514222403715323 0.00041220461301346486 0.003160661695052391
0.00015308852102249775 -0.0019110568649371145 0.00016384270938711479
-0.00047529227019195962 -0.00031277596257099193 0.00062093252081889955
0.00021926193378641907 0.00053404722545606826 -0.0040399556772641298
0.00029263309590831497 0.00018532266325769852 -0.0010706047809578754
0.00058994343148023826 -0.00010983786160330505 -0.001504642654241333
0.00032514403100904746 0.00071217362803473357 -0.0047814505940554104
0.00032948744955347702 -0.00076725676122979709 -0.00088807939056165794
0.00036554178905565501 0.00024848854421787492 0.00013534151188741248
0.00053218288320834182 -0.00052465528449424095 -0.0001944635826916873
0.00052172597837677663 -9.6577867883803487e-05 -0.00062984616699466873
0.00036667231593076475 -0.00010831964828478548 0.00026872620708815354
0.00035008878557599399 0.00052953405350910244 0.00041500212762655953
0.00023600445167896419 8.8998497718937317e-05 5.7333837772527419e-05
0.00045985348127728824 0.00021271888869380366 0.00029685144222216589
0.00031696824866208646 -0.00032421338518900451 -1.2559915722730126e-05
0.00024933701082741018 0.00049724418105647568 -0.00047206516988472031
0.00013373947494502695 4.2351262270199117e-05 -0.00017412217264538667
-0.00016168612635804151 0.00049288387881948708 -8.501851879469723e-05
0.00020245056496808465 -0.00016845256907674222 -0.00029315487160785642
0.00010955077500043615 0.00016071339480072081 -0.00017733612339676909
0.00027770326269461511 -0.0006471933323438984 0.00012720052247073958
0.00024205442541752988 0.00012732625013102368 -0.00043429089893683512
7.9883361540536083e-05 -0.0008669473636154822 0.00087588142794319522
2.6948508281657416e-06 7.4553399466647656e-05 0.001071767573914494
0.00030707409018705656 -0.00026178936071345337 0.0015239651406593992
0.00019188953646805481 -0.00023945852173346428 0.0005869453012785883
5.7005425655275609e-06 0.00044102204469442032 0.0040489796171296315
-2.8190862144925722e-05 -0.001986421173598707 -0.00011045799002992068
-0.00064682936968850336 -0.00041350711992257894 -0.00052357521002468978
3.9941411765184411e-05 0.00057272255056332964 0.0048700302882970408
0.00014277255688480527 -0.00068192048903947258 0.00092962494284603604
0.00090047773485929419 -0.0011166687142433985 0.00071777822952102856
0.00022582217359901966 8.8893069500297814e-06 -0.0054035270232152266
0.00026432607521510981 1.6105164783840093e-05 -0.0006450057030830985
0.00028861610979340077 0.00035039230601862671 -0.00071307645762399164
0.00023792172549339538 2.6097790473499148e-05 -0.0050166407375787023
0.00032816733376117482 0.00035306322950465869 -0.00022745777884263982
0.00031591019437470294 0.00046650902006579287 0.00041215317070157002
0.00045291088968139014 0.00036902431716358806 0.00011353652001752832
0.00021728901334851379 0.00010634895710749713 -1.6409899856286271e-05
0.00035009344596284212 0.00055511475587194056 0.00047368460346428954
0.00028165111502973834 0.00020764218459303548 0.00016173934931124724
0.00017938624479937234 0.00041903099103227364 4.3101703166273973e-05
0.00018083478438402127 8.8165068539868382e-05 0.00034705108686899233
0.00027870948238526702 0.00024250277662363342 -4.4344138476015005e-05
0.00016128327032042687 0.00018911181630555708 -0.00027071968394369155
5.3051398218264899e-05 0.00038285800461100599 -0.00024458372978811859
-1.1540909322491731e-05 0.000143292431403679 -0.00012081155175335415
0.00013955945780601162 0.00050145398659266988 -0.00055294612594394962
1.2548933594539749e-05 0.0004123812757465511 -0.00049353434636231286
0.0001336966247867333 0.00026900930527275912 -0.00023886071116320794
-6.8696160211538976e-05 4.0979449241515721e-05 -0.00054833957412783621
3.7928832487320486e-06 0.00026023088572100654 0.00019139120329213978
-8.6270177917422005e-05 -5.600515161615987e-05 0.00064602032726042923
-7.5063926610491742e-05 0.00022187380885076101 0.00073756469205181442
-0.0001662650167591317 2.4473467421292814e-05 -5.6424891241348097e-05
-5.9223314524159564e-05 -8.2095204402275263e-05 0.0054483433547844705
-7.9239309866114963e-05 -0.0007333508754758702 -0.0008226390947707054
0.00067317203397918989 -0.0012063205601134169 -0.00053683133053896207
-9.8899113147584133e-05 -5.6413944557595283e-05 0.0051433114057528005
0.0001083785329274864 0.00075574036294317364 0.00095424840944365258
0.00086653082334118333 1.4224942955329542e-05 0.0010088399399836002
0.00018593679171202801 4.0628320494345857e-05 -0.0048676658699468882
0.0001916742371772683 7.7676685660788393e-05 -0.00065645556245023744
0.00028858420896529454 1.0558384761349668e-06 -0.00061356496612996838
0.00018070356806005185 1.3764549756060227e-05 -0.0050279479098731556
0.00025993163497540128 2.7811531751766224e-05 -0.0004441489039494112
0.00021466466919323359 -0.00041655556282513549 0.00037798167411644566
-0.00016095131667101184 -3.9484275446263214e-05 0.00038903032399879953
0.0001309588233842932 -0.00011373112761231634 -5.6734411804156546e-05
0.00025791032076728104 -6.816746355543973e-06 0.00015614556524659842
0.00015880546063865237 -0.00021491072092433088 0.00013897749154966773
-9.6646973347204573e-07 -7.9512910425168747e-05 9.8233427083357943e-05
7.9083748241741503e-05 -0.00017467022844640161 0.00030700016203821724
0.00016972493432758422 -2.922345953135626e-05 -6.2488550444942992e-05
3.4783030329966426e-05 -0.00021345415553960774 -0.0002659848957610345
-0.00013632957086835668 -8.9611123110705705e-05 -0.00034693698142395019
-0.00011813423616949029 -0.00027898239409859148 -0.00013076380854577254
2.4918733533813597e-05 -2.3895184820885871e-05 -0.00026986817902000958
-0.00010185410310207662 -0.00041414459499066803 -0.00047492740282032217
-0.00050250223612493172 -6.8028237615985515e-05 -0.0005503337338287409
-0.00016959087536429167 -0.00016602922973059085 -0.00052664793020938715
-0.00010169432024356854 -4.8595208330298489e-06 0.00038944211685484941
-0.00016994212202998935 7.865302331449528e-05 0.00065620522770422959
-0.00010222591850198197 -3.7208872414704931e-05 0.0006378870007407876
-0.00025147609443056817 -0.00010035815086661035 -2.7099568482447036e-05
-0.00013346268584212863 6.6922356727946845e-06 0.0049328239335346561
-0.0001224910787842996 0.00075510179318357426 -0.00082486998011898553
0.00062008098048739317 -1.3015127126035237e-05 -0.00077765772497777807
-0.00015542160916473183 2.4033370925450794e-05 0.0051659978226670953
6.7069514861000341e-05 0.0020035652300136025 0.00026274011720064938
0.00082731507445719 0.0011750520557290318 0.00073927233447746571
0.00012569395658883811 0.00010982985748644522 -0.005381172339641126
0.00011431785573534658 -2.4202437578068421e-05 -0.0010719825759406174
0.00014987594009642524 -0.00027625599340432038 -0.00075772181166439676
0.00017693230295847746 -0.00060671230841911655 -0.004775275837224406
0.00016296964167428348 -0.00022340627687295978 -0.00027139534591439003
0.00010644635710838562 -7.1539476545814468e-05 6.7952502959366839e-05
0.00027259396808269253 -0.00033313155278061834 3.4204044590230691e-05
0.00029996883604840679 0.00022370644702465563 -0.00070908508224559004
0.00013556518315813548 -0.000457910619856928 0.00041650652618474879
3.7099246271856889e-05 -0.0003627779202438534 0.00036270844227270787
-2.0958694829272103e-05 -0.00043231464798827479 -6.6858137912430529e-06
0.00019407087483035485 -9.9256407127899549e-05 0.00020738624023903892
3.8891020387493686e-05 -0.00017449125542218656 -6.1178227269413673e-05
-7.4664281148024351e-05 -0.00034564395038571492 -0.00047051717393962805
-0.00014752045978451639 -0.0004152265429690626 -0.00023378618510588411
-0.00044060679341409881 -0.00039928828478827882 -0.00011334608575731863
-9.1362229972027949e-05 -0.0004379187081590572 -0.00052988838368971201
-0.00017701825402326093 -2.6520758551367024e-05 -0.00015218791170308767
-4.5595036318301082e-05 -0.00028634849359440696 -0.00019121118955014316
-2.2688181488047803e-05 -4.5005078018997696e-05 -0.00039738367053738605
-0.00018460199215479024 -0.00019187717547113143 0.00021419981256973777
-0.00020779510496445251 3.1504566470383176e-05 0.0010699507625574222
-0.00021135959590973689 -0.00021792398201583212 0.00077936810039877708
-2.8350449904137191e-05 0.00031267632605336222 0.00063683163054265631
-0.00017895725286928252 0.00013920875807933657 0.0054441850105235393
-0.00013157793024952061 0.0020433615434332299 -0.00015020457380565395
0.00060400768698751597 0.0012155961421688271 -0.00051386776686134883
-0.00010292917279096383 -0.00051900048781373346 0.0048970241456139773
3.4121535835094598e-05 -0.00026836514877517817 0.00095622169452168207
-0.00058833775377106247 0.00038100341103455924 0.00070871141726197226
7.0740948270962001e-05 -0.00041931780864060689 -0.0039507989983929882
5.3616973122542531e-05 0.0027771719864072867 -0.0027524488958023748
0.00037092739470238976 0.0002429597289839155 -0.0015297095406331179
-0.0010311556464806322 -0.00047192793340310353 -0.0030543450857057966
7.832164188916023e-05 0.00093897258408539588 -0.00091863165559138407
3.116499705963371e-05 0.0011024902450819717 3.147755810437242e-05
0.00024402267095437096 0.00069028114454923028 -0.0002901089181218269
0.00033715482345698835 0.0015325203998921692 -0.00026251496478757691
3.5257588017283795e-05 0.0003048941635771348 0.00019959569012217859
-3.2857261948472157e-05 0.00071243960269159556 -8.9836784038522621e-05
-8.6392577382819584e-05 8.2416915808136498e-05 -1.4006363729361193e-05
-1.7478214042365921e-06 0.00079207999471326901 0.00019422364596669473
-5.4142158070253566e-05 0.0005201647916067612 -4.481293748490432e-05
-0.00011778080228787592 0.00073357963064713178 2.0848964682842486e-05
-0.00018833875935742484 0.00011713264714919593 -0.00017261469579254334
-2.138652689692104e-05 0.00071389051215105487 -7.8213501275600447e-05
-0.00015257946455290669 0.00034382879155187907 -0.00028530049076483334
-0.00017949540062365033 0.0011592322842494506 -8.8940875710439356e-05
-8.2543125317932842e-06 0.0007835430947549974 0.00016812314558765082
-0.0001568995578237052 0.00086718476780282871 -0.00032541481688754003
-0.00020541422917138308 0.0010047965190401222 0.00087253949493839883
-0.00017739844719566895 0.0028507705724035658 0.0027465453338123952
9.3817467022005649e-05 0.00036201598551666267 0.0015492040968956258
0.00010687545776947994 0.0016576840843842916 0.0002164460939411562
-0.00017091269631814242 -0.00035605797714920314 0.003998450589417368
-0.000102315453115958 -0.00021505988377287463 -0.00088063874663479782
-0.00075530068531640929 0.00046429019491415688 -0.0005344636670578857
-0.0012151605725706958 -0.00035132512181447126 0.0031416895553069406
1.2470265336868861e-05 -0.020347738837481175 0.020352310298683493
-0.0025712769263263797 -0.0053506195664157 0.0082429625938733164
3.1587865628436153e-05 0.0019726859684671178 -0.0019560526047305822
1.7450375295804732e-05 -0.0009596519983591234 0.00028823820256448571
-0.0010488219246533495 0.0030607391054211512 0.00047371511895912986
-0.0025759083545502598 -0.0082406817775993475 0.0053547003762151602
2.6176035321961578e-05 0.0039628992570913601 0.00044242633970434169
2.9171079408076796e-07 -0.00027697703377702098 -0.0019914066615351455
8.69226005950638e-05 0.0047965573494597891 0.00057001085616527835
-0.00063068662087933426 -0.00070712951815241651 -0.00038818923460837076
-1.2113496157990324e-05 0.0053985244969511105 -0.00010771806200760259
-3.769336743434992e-05 -0.00097024738884284229 -0.00074853883673660262
-2.4758281296211594e-05 0.0050975104311225192 -7.5354240927816567e-05
0.00071886531278848973 -0.00071252228925395059 -0.0012086512212784832
-7.5627397691608146e-05 0.0049047706290995807 -2.4569462610243811e-05
-8.0209533428961678e-05 -0.00095517780798939651 0.00071620721028735671
-8.9450054585921374e-05 0.005137225070376214 -3.7044339776615684e-05
0.00067489137148248285 -0.0009394070068270647 -3.8636062768048497e-05
-0.00013472242290749561 0.0054362010738862139 5.8209409342485158e-05
-0.0001061468950243656 -0.00023164244147752728 0.0019639897014227898
-6.8283627603142765e-05 0.0049040590786572514 -0.00064065541573544245
0.00064217352194119567 -0.00063917892560290618 0.0011453186491795927
-0.00015200954595654848 0.004028973553924552 -0.00047039084038362304
-9.4333639566834381e-05 -0.00089341623896588111 -0.00028930293671509824
-0.0012097972895458668 0.0031952340697118525 -0.00045746009852151411
-0.0007387947739378297 -0.00058549673089817447 0.00036908648330893825
-0.00011414652090703215 0.0020415477546700733 0.0019837459273392638
-5.2486518333392794e-05 -0.020299299727284489 -0.020318392725350739
-0.002659654331875076 -0.0052618685306771509 -0.0081408216897254741
-0.0026553989975281285 -0.0081292690349138198 -0.0053130097068669873
-0.003890284438293212 0.010366923143636521 0.0012701097572001534
-0.00034919034474985159 0.000536167246970011 0.00027427452108454435
-0.0033522185498447011 0.010234794740178766 0.0022458677808886401
0.0013204926497467305 0.00070851404817740839 -0.00075008491423455583
-0.00015204173662474656 0.00060028459788289551 0.00050413189827209332
0.0012783625468738521 0.00067022124758196223 0.00069071953437742969
0.002058609797156578 0.00029085617944983925 -5.2744769395878357e-05
-0.00044905537957992496 0.00044169360249893264 -0.0002974164982263109
-0.00021030550339971659 0.00049198629941706734 -0.0005758515873851395
-0.0039865537240763799 0.010267616361125005 -0.0012520640007514898
-0.0034246725263659939 0.010080976360529376 -0.0022420238420980394
-0.0038980862751627912 0.0013264385912555789 0.010376915220448556
0.00658196768534352 -0.0048653130756969674 -0.004907252824305707
-0.0024049439781394732 0.002697708182247838 0.0026215884904116156
0.0058250947154542022 -0.0028753117874943603 -0.007415990248357587
0.0058186083109606681 -0.0073504861575001881 -0.0029072413971928681
-0.00096155230888403788 -0.0028661844581102896 0.000910109954536064
2.0198114941340895e-05 -0.0010268527289710285 -0.00014599293717789858
-0.00070769344832150353 -0.0027342098450273624 0.00088452439677447333
-0.002537356796892932 0.003197548756948213 0.0025819688187321268
2.6714322433891275e-05 -0.0046225968096492232 0.00019691405223932329
-3.5481787615367906e-05 -0.00062831166084917095 -3.8523875315008243e-05
-0.00048318614758741053 -0.0046841590268279793 -0.00013107897895953992
0.00033960950691084863 -0.001012915127080754 0.0002253725762292385
0.00025121067056740551 -0.0053108522233498035 -5.5635088060982854e-05
-0.00011925967918395309 -0.00068670057660976573 -0.00011846149491475201
-0.00053377376050813062 -0.0047530194282413641 -2.5732330503241328e-05
3.7924286640784403e-05 -0.00095057305896784029 -0.00012273721176985649
-9.207493949212525e-05 -0.0047171656614802913 -0.00027725046239306171
-0.00018445751821350389 -0.0011824188186386037 6.8026214892274658e-05
-0.00082149405280375972 -0.0029118422431520449 -0.0009502505910993725
0.00021902085807064595 -0.0011566088795346673 -0.00040644662143251404
-0.0011271270994031267 -0.0030145269314995737 -0.00091698673387992282
-0.0026175174272934985 0.0025111501975498413 -0.0025825271018110451
0.0057269843715600736 -0.0030734646827109365 0.0074680881481545168
-0.0026996706275946736 0.00296327459725156 -0.0026021397407327363
0.0064586900487796934 -0.0049920728427998804 0.0049644114731928497
-0.0040137660433622532 0.001204427182354314 -0.01025654536804823
0.005712367901155372 -0.0075625856023425839 0.0030423976703918432
-0.00036293193790913093 0.00033261736377333253 0.00059471038548537499
-0.0033668492778932482 0.002308631702673535 0.010267284776217987
-0.00097169261614559865 0.00099427026978771583 -0.0028893662051597928
1.102795913205629e-05 -5.6165937813450108e-05 -0.0010944233580345011
-0.0025419467574607345 0.0026741171144686539 0.0031313503409067904
-0.00071694476032708814 0.00096456774815559861 -0.0027371667894604177
0.00014159469181958663 0.00014772861413819962 5.0480269877059764e-05
0.00065330533550575899 3.1798397694850775e-05 -6.2270190646387686e-05
-0.00017854156096620084 0.00011250417916913773 0.00038309641517613856
-0.00017733660701576518 0.00047962506023537009 1.9454520338306209e-05
0.00058209171082494726 -0.00053244450272630847 -0.0003262235518517513
-7.8548260735112111e-05 0.00017728901654393838 -0.00020565658255262368
0.00035486241857769389 -0.00055102371407213637 -0.00028888675087934137
0.00023504499373337156 3.6854470386962247e-07 -0.0004325463724835399
-6.2201587946212261e-05 -0.00013613316575330825 -0.00011376696675217623
-0.00019005708103434109 0.00012104070509980152 -6.6561742946384306e-05
0.00027576930129848267 -0.00062543562223312335 -1.2307507873390115e-05
-5.0294457524739079e-05 0.00014446455676057606 -0.00019632371363228546
0.00039693913774665568 -0.00065004048246872573 0.00015067197981480829
0.0003718643267896153 -0.00011875843569685355 -9.1636129394213824e-05
-0.00037021602386088466 -8.8355095083323136e-05 -0.0005394305969135168
6.9740098501492993e-05 -0.00012588571885118632 0.00012772166982459305
-0.00013513595765853785 -4.6208290072556445e-05 -8.9932567362259854e-05
-0.00030113066506498381 -0.00024711069011954759 0.0011418818378177986
-0.0027318675437032086 0.0024230717752042078 -0.0030565509572319394
-0.00041967653861339082 0.00026629292896822939 -9.1203379040219988e-05
-0.0011967181567630581 0.00081027085923335773 0.0030106896208278414
-0.00054861996370638528 0.0002013540090599565 -0.00036152652561069519
-0.0034610550647907515 0.0021379651743756007 -0.010025946315675353
-0.00090547078173448857 0.00075412494829792641 0.0029519881113899242
0.001307464660454414 -0.0007158670081139182 0.00080497040379770676
-0.0001600473076778633 0.00055387789692214889 0.00068006432770963132
1.2520068643777317e-05 0.00026024291365672877 -0.004615283023338539
-3.5607911883196624e-05 1.6820189917645702e-05 -0.00068454313827543539
0.00034302104367475174 0.0003035746913668078 -0.0010662111481103036
-0.0004807047967181733 -7.855475668552955e-05 -0.0046575545247281771
0.00058292941984858606 -0.0002517443281025488 -0.00062807080529198684
-6.2309076891669656e-05 -0.00014807550217453102 8.1998285150404492e-05
0.00024337577385886419 -0.00034729096921385814 -9.6838533900904847e-05
0.00037694490118840861 -0.00021753641068343599 -0.00063851319801439834
0.00031885679105462573 -5.4835525090371309e-05 -0.0001280008548377197
-0.00022364426480316334 2.7020640196818781e-05 -3.0343740626948283e-05
-9.6197085162462938e-06 0.00027250900598636645 -0.00027924761575400989
8.5137865364925776e-06 -0.00020213523222940312 0.00018759628569127573
-0.00033419510604356371 0.00045102110874061858 -0.0001697129421484867
-0.00034956791449655065 -4.6821443999630767e-07 -0.00032721330844002604
-0.00010384122701824662 0.00022272114211115018 -0.00014733814411899802
-0.00040019023105139365 0.0002943155611124458 -0.00024567071635241741
9.1423440311475793e-05 -0.00013914495969556453 -0.00014217858637114009
-0.00037843095998915839 -0.00022372981268378364 -0.0002958277101515036
7.5498457772664449e-06 -0.00048163556175274589 -0.00014559937714385586
-0.00017277248384207065 -0.00025775855741267718 -0.00057646875200229118
0.00023731359754736379 -0.00039674670326780213 0.00054662637336643188
-0.00039507563782679496 -8.38291205907596e-05 0.00073284921304746448
8.5595305007936167e-05 0.00012903021033923383 0.0011417454025540157
0.00010546867684134297 -0.00031422275470687747 0.00052276829342100489
-0.00028169773900466033 0.00011667028880953925 0.004795859891539982
0.00108783581790786 -0.00078606867947684969 -0.00048556015270405199
-0.00030782653625200263 0.00042953586054564395 -0.00030918749732964995
-0.00070781848175721499 -0.00017804586688466566 0.0049229698235912743
0.0012729194396702847 0.00071634156068710536 0.00079268362078648642
0.0020571297546692221 -2.0338694361010164e-05 0.00040463173617974642
0.00024797230636548734 -1.5961919956412317e-05 -0.0052839969183858942
-0.00010062887667343811 -6.0496131744554947e-05 -0.00072404790680040583
6.1618143280690256e-05 -6.3053867301507475e-05 -0.00098391863912274244
-0.00052189969036389261 1.7564839249425445e-05 -0.0046989256480143632
-3.9357501013812193e-05 -5.7881590267966907e-05 -0.00022816214926526894
-0.00013853584819566826 1.7962292810574021e-05 3.2311370538335186e-05
-5.1402460524734178e-06 -0.00011533439536083145 5.451765224351257e-05
0.0003252095554301767 7.1127813953728825e-05 -0.00069026665250103653
-0.00030136256741699122 -0.00010791994265791209 0.00037595590313261023
-0.00030105876168537026 -0.00023407816391125163 -5.7616116366784127e-05
-0.00037357519623754934 -0.00015701851832174095 0.00021728120310028187
-3.9603978724536657e-05 -3.4432677971784011e-05 0.0001469310251008584
-0.00012399603897621526 -0.00013613996102092296 -0.00019680872806764272
-0.00042248637662840302 -0.00022387067283207969 -0.00031692908471023582
-0.00047043824685260427 -0.00016325411421552524 -0.00070009746468198885
-0.00044078443300217155 -0.0005770302030472295 -0.00025190643038517177
-0.00053694578462429321 -0.00012512456268706977 -0.00069495200485556504
-0.00044462511335834824 4.2909002918511223e-05 -0.00026153774445730185
-0.00024266649211856492 -0.00013421841422484748 -0.00033709433025054557
-0.00020894414518264718 -3.4562883785435659e-06 -0.00054831437758173383
-0.00039965463206107724 -8.9684348250320471e-05 0.00012113250845009741
-0.00044643902213939185 -2.9936476415375133e-05 0.00077090143096778256
-0.00020023692052289905 -8.9469936650702522e-05 0.0010550886983446716
7.2477077793645743e-05 0.00011968087974707489 0.00056582406916002085
-6.5928891537205168e-05 -4.9799200879247266e-05 0.0054930881437507857
0.0010590506716235623 0.00073975348624952014 -0.00045305039733185143
0.0019034782434948388 -4.1572493131118569e-05 2.4863511072310308e-05
-0.00073027072667624813 6.7048763924622141e-05 0.004970012421004589
-0.00045859055264812359 -0.00028038371797229386 0.00059775553548520668
-0.00021442047902290901 -0.00055459511923445571 0.00063648808445043031
-8.7141391786078824e-05 -0.00023099193173526224 -0.0046577737135365931
-0.00016301169235903153 0.00013784796339245145 -0.0011705255753112933
0.00024841316490428257 -0.00033781982433245207 -0.0011502851005351258
-0.0008271149761964982 -0.00092270087973333006 -0.0028098367327647252
0.00044181432024085847 0.00024476148888200381 -0.00071283013934000255
0.00044418943742986728 3.6586982905971449e-05 -0.00017319990961983461
0.00014209826112356104 0.00025061544436606742 -0.00018673062596579089
-0.00032349160029205854 -0.0004451185749599271 -9.5576478322787189e-05
0.00016799362198152573 -1.3055364400984528e-05 -0.00020515994432135381
-0.0002891223970877049 -0.00013305179380987577 -0.0002718511931606378
-9.821490149965824e-05 -0.00042077326620576288 -0.00032551231451139167
9.259286151530076e-05 8.1428740788186741e-06 -0.00052448320208201568
-0.00048122677953833082 -0.00055625604287577539 -0.00018690529840398152
-0.00039137511754791212 -9.2353183546877473e-05 -5.1289016977062839e-05
-0.00018053437516423585 -0.00038395127216981934 -0.00012629419967875695
-0.00017255940864259153 -0.00015599797816739854 -0.00021487121406767753
-4.4234769781944036e-05 3.8776380722878594e-05 -9.8614098216479561e-05
0.00018990665926899106 0.00014637964067121763 -2.3303994157884613e-05
-6.2200537609166814e-05 0.00034736194858611566 -7.9062708452830197e-05
-4.0998936553455749e-05 0.00011114855905088732 0.00018304991265713087
0.00012043052269372359 0.00033026462159294295 0.00061277395384431597
-0.00044146216896127053 0.00027639079702786954 0.0012165351646841547
2.9300082404653529e-05 -0.00021250298139367893 0.0012213126121382815
-0.00051621844741596304 -0.00027255417309857827 9.5166138457808414e-07
-0.00036024780644740149 -0.00014692723562159172 0.0048593690390300575
-0.00062125686255104875 -0.00018325903904773061 -0.00030642153761948829
-0.00033869897788349295 -0.00046556895677563677 -0.0002356100025754735
-0.00096828835654452121 -0.00074878420088534368 0.0030472778678757237
-0.0040144109484914221 -0.0012926064296949818 0.010435576797927691
-0.0034540388049286042 -0.0022608540256621183 0.01024786842397748
-0.001137599333457548 -0.00090539784560452266 -0.0029042438999329987
-0.0026192964678612915 -0.0026074554639821338 0.0025833790569582561
-0.0027035234716231609 -0.0025813388770908642 0.0030379237221585878
0.0056818309556430401 0.0074127589803681393 -0.0029376216213192726
-9.3044147625702704e-05 -1.776375071660158e-05 -4.9334091357419512e-05
-0.00024099698462760205 0.0011673988769414123 -0.00024644312825897863
-0.00036184479631544409 -9.4350876139737139e-09 0.00026622453758953562
-0.0027279173861123932 -0.0030760098554235985 0.0024839492283451805
0.00032755494413124159 0.00067469827106713819 -0.00042922142606059959
-0.00030317739283197367 0.00079481130913375676 -0.00010965811585790709
0.00018830480919953629 0.00066322031614297428 -0.00035402941916792157
0.00014644911690041068 0.0011712798975333622 0.00013205701347742695
-0.00031188967124610707 0.00027389693546000366 -0.00014610585395344056
-0.00037383587095502423 0.00085158076964663505 -0.00011589718552883031
0.00012875196426743768 0.00072933277983458532 5.4165189997864563e-06
-0.0001343878538616657 0.0011176209068498488 -0.00014900078762259363
0.00016478263346428909 0.00077259498617036882 0.00019359197924743814
-0.00041219656538892262 0.0013208862911595477 0.00011584201042374667
-0.00050175618452104505 0.00017736529233756786 -0.00046162054136775487
6.3914413910390241e-05 0.0013114996493023014 -0.00036334253697797533
-0.00033058890528554774 0.00014519554015656822 -2.111985328966115e-05
-0.0027882883668465873 -0.0024152910491463241 -0.0025388210556331016
-0.0028322616950712549 -0.0023539571798132739 -0.0029625911380513877
-0.0028293846257227977 -0.0028427018165105246 -0.0025279383624977276
-0.0013241675371618009 -0.000744670408357422 0.0030647034973031728
-0.0041016709640587764 -0.0011614637233924761 -0.010242703652291952
-0.0035101051821405729 -0.0021011011096646551 -0.0099537143282633252
0.005633880993889959 0.0076349254605747388 0.0031071032650784795
0.0064254941882066346 0.0048622168729093628 -0.0048693369789964934
-0.004033298498547444 -0.010432660141552329 0.0012777947533822776
0.0056676708780380421 0.0029238817199749552 -0.0074527434219956983
-0.0011816701389788572 0.0029106015781458598 0.00085625472701215358
-0.00052527206726223931 -0.00056042468613783179 0.0002259895833294067
-0.00088973341145527466 0.0028429407328443958 0.00080228051858600904
-0.0034856722525007668 -0.010221840576470412 0.0022065126886341444
-0.00021747642703159675 0.0047200752268057693 0.00012031092887264752
0.001136237984967619 -0.00068124852016257834 -0.00079298091586214349
-0.00065773926758822942 0.0048351914346033273 -0.00018743598583077217
-0.00028900785597746673 -0.00053080045236812701 0.00045288958287724717
9.4340096599956138e-06 0.0054373461520887956 -8.905938891115014e-05
0.0011040325747358926 -0.00062368580529029334 0.00068386476234995254
-0.00068968833400801877 0.0049119613218209148 -2.1158336552356259e-05
0.0019321171942689103 -0.00018647714649103284 -7.1351352531056459e-05
-0.00031386412998577037 0.0048349089693596921 -0.00025988915727883017
-0.00060217434630131057 -0.00040784977908344582 -0.00028394043716339446
-0.00095800238187745447 0.0030426410418238296 -0.00090561984299349118
-0.00032301698034915328 -0.00039103261407448173 -0.00055998807289308955
-0.0013109871945117171 0.0030971075181050398 -0.00088782235488026658
-0.0040983827790142258 -0.010258157070353453 -0.0012481395021735084
0.0056293816341846372 0.0031589529519285529 0.0075172748181386185
-0.0035140557413287947 -0.010012524414918096 -0.0022115284308332358
0.0063438334944563041 0.0050321969888999472 0.0049689141630930743
-0.0021681353597116301 0.010282865768684301 0.0034744240909373135
0.00042053446375725164 0.00075217875683679012 0.0005916494468176949
-0.0012696171332422521 0.0104912197809191 0.0040073694924694725
0.00040599257561075956 0.00068087121895139694 -0.00070968426294249311
-0.00027655868578957865 0.00098239594425128226 -6.7404707817474317e-05
-0.0021917801307799909 0.010112648156279998 -0.0035114497848042258
-0.0012530520476757893 0.010355785228880685 -0.004087910750837676
0.0048183658379546065 -0.0055165475257906507 -0.005579427631639892
0.0062828518588901455 -0.0025858040557582432 -0.0061655474642646861
-0.0024499669211004208 0.003210272236413474 0.0027327227102732932
0.0074485150772132663 -0.0028226551854980434 -0.0056749136193462559
0.0056452958058225864 -0.00550578730954044 -0.004688060108550874
-0.00081702493501114399 -0.0027950227356579992 0.0011548015023767292
0.00027677679390191855 -0.0013913396347512326 -0.00039861442721958918
-0.0004800161201161875 -0.0029679922259769824 0.00099111140515085929
-0.0026120450836783198 0.0027266632934608744 0.0025843619410682566
-0.00041651705784878326 -0.0038711007591043156 -0.00010543842454589752
0.00024380271355953112 -0.0014781069267777826 0.00012358830394821078
-0.00047093666901149836 -0.0030548097434465096 -0.001190281690872728
0.0027188393002398328 -0.0026764202171367124 -0.00015477799820568677
-0.0008586185317661448 -0.0029510844743717794 -0.0012972686321810218
-0.0025167985892886177 0.002978475911292194 -0.0028500071148831029
0.0074863360714216357 -0.0030389053949369041 0.0056158936135266698
-0.0025855301014074197 0.002552672231340444 -0.0027979449763742602
0.0062493638105893456 -0.0028195305959298239 0.006174783978371139
0.0047844342809952364 -0.0057920476518399967 0.005675457274857406
0.0057126368187981526 -0.0057842867305964579 0.0047001490958770145
-0.002187074875015235 0.0035395244006778026 0.010338078113468215
0.0062674056756188753 -0.0060860300435616448 -0.0025983642865571367
-0.0024580509769052501 0.0028277118767246153 0.00315745764924758
0.0056329353326863693 -0.00460486157121492 -0.0055547905945385976
0.0074197064997017529 -0.0055904274549952275 -0.0028139805262459611
-0.0024984403324117711 0.0027328048745797117 0.0026413574071890824
0.00010023504426729573 0.00045362201892867752 0.00035222194597151293
-0.0030828833918196143 0.0026606921549641206 0.0027131786462522445
-0.0030920264721335665 0.0028116130849519289 0.0025786608363322309
5.5886958308451473e-05 0.00012609015388350512 7.4234362881790271e-05
0.00067686897612245843 -0.00018761946974899131 -0.00035354809815553478
0.001466979176171548 -0.00015222136026295864 -0.00044592229145813483
0.0010998949284069576 -0.00012680984065623221 0.00014051104710779622
0.00089401624206195639 -0.00082482286992062535 -0.00019178422710862178
0.00063209717960602827 -0.00025890156050693711 -8.1040193286152325e-05
0.0014803662519286677 -0.00023765605964901613 7.3762100532160182e-05
0.00098242848898256519 4.9318317837914046e-05 -0.00024012242216845233
-1.607728367140199e-05 -3.4674817800023827e-05 -0.00036158640389450823
-3.698339051606131e-06 0.00025877910870529791 -0.00058186151388001529
-0.0030334601848999894 0.0024258383024129576 -0.002879088542697091
0.0011339487402588649 -0.0002672034079726365 -0.00050276905881293079
-0.0025816180194314546 0.00245991334987581 -0.0026786816338477829
-0.0025455578267147205 0.0025700911111239751 -0.003054222317079738
0.0057270204066602734 -0.0049061231352766303 0.0056838464681611446
-0.0030162114374538565 0.0025636851248459101 -0.0026332151282718354
0.0062398020623619238 -0.006349903623822286 0.0028158134265174506
-0.0022136576486966181 0.003354523269217344 -0.0099823019872254601
0.0075252018623837898 -0.0058489831906618633 0.0030895098803768372
0.00041161833914158698 0.00063372261144132571 0.00085324113014846777
-0.00130169070404883 0.0040657017244532228 0.010567243936827739
-0.00082857625596815089 0.0012286283801595296 -0.0027760489902907185
0.0002815585662558134 -0.00032451989345454353 -0.0014252404256699851
-0.002635692669732779 0.002674730065842768 0.0026926330435371338
-0.0005111918121487966 0.0010540516643100413 -0.0029266144434034291
6.1169573427983072e-05 0.00016811263892698976 4.057631297303235e-05
0.00069723247093362401 -0.00026051794955044894 -0.0002839302893079436
0.0010974060095663338 0.00024365336560871483 -0.00022558578570287661
0.0014555572377745647 -0.00035462811867857115 -0.00022139957299358498
0.0006954938568582914 -0.00033306657550744451 -0.00043311796571045286
1.607381114965357e-05 -4.2947213780040701e-05 -0.00014247861073609714
0.00067058866082113713 0.00020710518421318137 -0.00020948402498331529
0.00067272456009973827 -0.0001013759106170142 0.0001042438459107226
0.00019914425771595137 0.00017550130745564853 -0.00026329436432850835
-3.259272309322572e-05 -7.2340840726038702e-05 -0.00039372610609124782
0.00068910896597035949 0.00015434220864383945 -0.00030123777774668383
0.00056168674699591189 -0.00019354164243182809 -0.00029206399124541676
0.0006076368013037787 -0.00043512037684049717 2.3666657707553879e-05
0.00058124102515050703 -0.00033904338302988605 -1.8197676106901634e-05
0.0011551868986798279 0.00010130604320506635 -4.751368729350022e-05
0.00071595450987151337 -0.00015361265962891087 -0.00055592477769684948
-5.9065841782816051e-05 -6.8267354793982824e-06 -0.00014017917201425488
0.00017097895378716732 -0.00043008522537896861 0.0015194914630188808
-0.0025413666789421605 0.0024771561305960881 -0.0025751171328524591
0.0015386696073315391 -0.00044619663428960445 0.00011106976967185911
-0.00090690282838618301 0.0010462790523214397 0.0030653517263884472
0.00035865202948834904 0.00055628528427001519 -0.00038639475625259437
-0.0012168653960026249 0.0039160476235681248 -0.010143421091928395
-0.00041324169836445465 0.00095372515666492007 0.0032480281425198523
0.00039627952345653271 -0.00068623665771701974 0.00081463169700056372
-0.00030634508447496714 -3.5994853085316941e-05 0.0010979184510569832
-0.00041826962970644647 -5.5354707662601612e-05 -0.0038195719894725194
0.00025768968124179233 0.00018782356552916294 -0.0014766429832642355
0.0026947905655332715 -8.6862919106372888e-05 -0.0026827793997997538
-0.00050996235839408056 -0.0011563841632283157 -0.0029762731036955571
0.00091925866194276932 -0.00010869852187149859 -0.00089205262309813478
0.00067648138163823907 2.9554554683275746e-05 -0.00033044353499395022
0.00098216789435820527 -0.00013505000983094007 -3.2966750365004882e-05
0.0014645595089459054 0.00016013435400197661 -0.00026932060970470987
0.00023168665924427331 -0.0001554868821288525 8.3806866756093389e-05
5.7383006743256658e-06 -0.00025309692849445045 -0.00016269917936606522
0.00056660964744080879 -0.00016554467366294368 -0.00030199167573674915
0.00069447396902632894 -0.00016842609361472719 7.4615513244827365e-05
0.00037643489388929985 -0.00017592586091804105 -0.00029252339621169669
-3.5891982687604276e-05 -0.00022944486140011791 -0.0003790952751973369
0.00059085992577134197 -0.00016461753047779845 -0.00026078045970233117
0.00059331867447859582 -0.00010372705183085592 -0.00029101157050317198
0.00014597513967745275 -0.000160613097455374 -0.00054260113314463679
0.00057789261754927809 8.845734907689945e-05 2.0343385840111846e-05
0.0010522752632662687 -0.00013672364687005966 -0.00027983185897057362
0.00074713983589851682 -0.0001177094448359835 -0.00052908025953175776
0.00080244902419084486 -0.00012176129153315585 0.00076182793275542473
0.0001674796920511487 0.00026059965935729926 0.0015684813735563252
0.0027980255335392033 -9.3269522336070763e-05 0.0027883144477417188
0.0015633612964637195 0.0002413952973409355 0.00015385958347014644
-0.00049816709767021316 -7.1341789313999896e-05 0.0041368266102472578
0.0003569224592939956 -0.0006347671008055803 -0.00033848992231962603
-0.00022686903005013684 -4.268959225351401e-05 -0.00061365164309276502
-0.00039862480115125914 -0.0010709482277065589 0.0032972808136154438
-0.0022268861803711828 -0.0035195862378933481 0.010268704252124462
-0.0013000169931944965 -0.0040911916605623965 0.010494412876615273
-0.00087117369151682757 -0.0012680598049757625 -0.0028578804246833693
-0.0025309687140898747 -0.0028141869798797908 0.0030435130896103715
-0.0026315048387284658 -0.0027567061218121934 0.0026014724588812096
0.0074183967543001023 0.0056019336142063749 -0.002918424706250926
1.0444251808725479e-05 -0.00026988356889376408 -5.2969714580981125e-05
2.9574920750503712e-05 -0.00046742985842461866 0.00024632265504134928
0.0011191276688202515 -0.0003900136274975765 -0.00029928789309212382
-0.0030845629732165628 -0.0028270071966127073 0.0024665471450036605
0.00066053724919358612 0.00017239551834977488 -0.00049725729283523531
0.00062988937898399405 0.00015175898287397572 -0.00040157557703385824
0.00071458930764202607 -0.00039177951230854214 -0.00023740417057520964
0.001131746758889835 8.2511432588658806e-05 7.2218887749036262e-05
0.00018209825431811499 -0.00036446305558423251 -0.00026865955006816688
0.00060307469744723494 0.00021519874058423629 -5.3700813091167587e-05
0.00074351424007667926 -0.00034121185867079827 -0.00027437358622843983
0.0010354521027087916 -0.00010375369038895531 -0.00024112564163558751
0.00059663182788167578 0.00025958397798140785 7.2686725249007417e-05
-2.8955653690496911e-05 -0.00029531137963779834 -0.00049885503978809153
0.0012024726472791699 -0.00025618348982613462 1.8155617945894031e-05
0.0011911971175076475 0.00021413801179377112 -0.0004442382143631968
-7.0336363933373508e-05 -0.00012498913682686369 -6.1197625058462051e-05
-0.0025634444106902984 -0.0025859456652798491 -0.0029442571754049653
-0.0025066406105554865 -0.0025771358471346488 -0.0024901467785673646
-0.0029684141276710126 -0.0025968407799178274 -0.0025347066539838786
-0.00091389403844225486 -0.0011174958119175851 0.0031548562067767513
-0.0022197804750123651 -0.0033544836573433921 -0.0098876041279695164
-0.0011963198301662222 -0.0039568059704910138 -0.010065944395814916
0.0075592455469217449 0.0058427747027459207 0.0031967625552204722
0.0061952909718259366 0.0061456728987040882 -0.0026864869343599948
0.0047193825773271325 0.0056086993972930517 -0.0056704222145626381
0.005624366100275429 0.0046690633127116996 -0.0056735160457065704
-0.0025975207625444762 -0.0026473950951575826 0.0025200030046311768
-0.0025605574059075408 -0.0030705703605225275 0.0026293649033510957
-0.0030792338458538217 -0.0025918183800030204 0.0026096346841721534
0.0056268300003462198 0.0056163972828803151 -0.0047957514575081303
-2.8599648768221249e-05 -3.7584017524276096e-05 -1.2743537770603286e-05
0.00018871314366902302 0.0015490962198375841 -0.00044985326578747759
0.0014982437749416204 0.00021884426239611273 -0.00048441925009820846
-0.002613994070485107 -0.00258948444148518 0.0025136154474289856
0.00083447265125522038 0.00090942438992715636 -0.00020470544597736627
0.00017626747275158649 0.001633317518496154 0.00014191271707676874
0.0015258847489841385 0.00029977711612289861 0.00010370122386120202
0.0027381408012413246 0.002818709955904523 -0.00016125018852616274
-6.224396594787577e-05 0.00010964391614876686 -0.00030356134211990417
-0.0025732416370295459 -0.0028452421376317792 -0.0027771782475637368
-0.0029872885956691215 -0.0023703101369539712 -0.0027937985222350609
-0.0025582008304461589 -0.0024229679345559776 -0.0027459630250133357
-0.0026186564606622735 -0.002394747660795359 -0.002576608614446539
0.0047495983603484792 0.0058881704115422984 0.0057693436869528155
0.0057657340135721389 0.0049560038556716313 0.0057951187798951261
0.0057417228876625575 0.0058908113767137497 0.0047953734078895159
0.0062217577212645772 0.0063976293850235471 0.0029211467882875059
0.006177193229754005 0.0026857415163179686 -0.0062432862607457156
-0.0022518759326782762 -0.010197588451277488 0.0034219492794644608
0.0074242537126326426 0.0029556428432504578 -0.0057534346159211092
-0.00092069085510054728 0.0029476329774149176 0.0010849555031802911
0.00034796893107129747 -0.00062118818116399109 0.00055943080979918656
-0.0004896458250418644 0.0031318470017968076 0.00095717433057742208
-0.0012907526050404937 -0.010362745234719783 0.00396612426748723
-0.00049817596003884335 0.0040437014477300382 -0.00012187409224865108
0.0003439546940083079 -0.00053855413660669265 -0.0007025264254894466
-0.00046500463269183911 0.0032168705554644797 -0.0011734469939973888
-0.00028662060037466883 -0.00083099521439396456 -7.4735537896032506e-05
-0.00092589077391377515 0.0031110638499386003 -0.0012603478025191555
-0.0022402921185916591 -0.0099963070427882637 -0.0034749299439619358
0.0075006608745153674 0.0031758569177561648 0.0056794357146335468
-0.0012549097988582537 -0.010216853530609867 -0.0040592184032472107
0.006201812050058644 0.0029412660908715053 0.0062436053524715391
-0.0053589968503933621 0.0082761956174320136 0.0025410171600169689
-0.0053335452612639084 0.0082100378916116074 -0.0026446478812903185
-0.020348642768596686 0.020355453129074771 -4.2841480664625214e-05
0.0028722248742387877 -0.0073230031168773583 -0.005682156545247014
0.004837002206550184 -0.0047829433314159932 -0.0064553832857723141
0.0030021340868127636 0.00055564266983827932 0.00096520494357068025
-0.0082688518515551569 0.0053931469452302419 0.0025313662848299198
-0.010504490739127698 0.0013492084575467507 0.0039884393189572338
0.0019439939820635088 -0.0019238071817497156 -9.7818545420675778e-05
0.0030564995135852271 0.00047450182094755495 -0.0012166711645084183
-0.0082092046318375592 0.0053345413580157828 -0.0026548291302668616
-0.0009854398205047174 0.00030774674622008379 -0.00010133996825343964
0.0049133101327364665 -0.0049290852442113601 0.0063414758886078705
0.0030174637186621747 -0.0075410850595307166 0.0056051118765734322
-0.010349269080469681 0.0012313389635328909 -0.0041131034916443354
0.0028385206059752463 -0.0055969451250831711 -0.0073533966616440433
0.0026020364674933247 -0.0060875916520197904 -0.0061567884627914127
0.0027101086101688587 0.00092277279999950369 0.00083362938641099154
-0.010348951745727806 0.0023015174881532742 0.0034558759648425498
-0.010375017929629405 0.0035206806566757043 0.0022533171995468039
0.0028142469362969534 0.00096946531175897462 0.0011019594835114867
0.0046715154371926738 0.00061622484663077738 -0.00025116172024170446
-0.00079040956134363905 -0.00034424346982726264 0.00053191693528130413
-0.00070909245124982042 0.00028027185715843355 0.00043043318629424081
0.0038798201342202985 0.00047388645518514399 -0.00017791386358980609
0.0047540180305498322 0.0005501474991502724 -0.00015071558736847531
-0.00068015552033247307 -0.00040125752626135071 -0.00077274581361379095
-0.00033013234676642082 -0.0020052315668280456 -0.0001574749541617195
0.0029474845247333308 0.00081838102886349295 -0.0013550570206959018
0.0029257432846303707 0.00073770314208296012 -0.0010239267187800122
-0.010081151424206018 0.0021387298450900034 -0.0035432523203314677
-0.00045950967291229217 0.00018503578607402939 -0.00065982464864857435
0.0028146341686099276 -0.0063502012280494281 0.0061641181070443748
0.0031005219547499512 -0.0058518715681859616 0.0074871484027711852
-0.010005859271602789 0.0033447842371599102 -0.0022635213228610306
-0.0054129359618538377 0.0025853437155835858 0.0083613680459916802
0.004781918034839485 -0.0063829907560470304 -0.004757155419734203
0.0029387996848677634 0.0010389685542156616 0.00054372112010152426
-0.010575088351151705 0.004049737334120479 0.0013382330253331118
-0.0083590464634203526 0.0025763317114823473 0.0054247838504414697
0.0027798418410413602 0.0011936293097925769 0.00090533527578178917
0.0046400531578126647 -0.00015406345505587392 0.00053402661215606038
-0.00073844570484872399 0.00050275535705988699 0.00021667458289468221
-0.00087304650969527225 0.00059735195624350396 -0.00037974928162924485
0.0045592875837712453 0.00016249406519927161 6.3933370737749378e-05
0.0049499002358746012 -0.00012762142677865283 -0.00023426938813050547
-0.00083082717060855822 -0.0012185910409783197 -0.00088472089407039668
-0.00086048605395203223 -0.00080521602061071364 -0.0012902828918663488
0.0052866691778857269 -0.0001604448093842573 -0.0002431024603923921
0.0050496826823865932 -0.00015093528220645812 -0.00025816103773144261
-0.0006788282760471383 -0.0012528628196184753 0.00054993602640273644
-0.00099418998112914725 -0.0008215064852162314 -0.00019187165398987287
0.0047354155974668796 7.0413333088427369e-05 -0.00043333944066530777
0.0049000476785959401 -0.00022039421870358124 -0.00079645953312116051
-0.00035594229169367197 0.00040581882827584034 -0.00038260466110568911
-0.00055587300156675814 -0.00083795842708033743 0.00099727484513476928
0.003062633859845509 0.0010290877129372909 -0.00097108515044672539
0.0032516989477070443 0.00094508697209629076 -0.00043375435695779683
-0.01015008480220211 0.0039074986824274996 -0.0012373934593908897
-0.00039970128096275168 0.00053716962976237191 0.00032407091687624776
0.0050489445252160465 -0.006569974640200699 0.0050375976144364145
-0.0052060558332111626 0.0025022996667431068 -0.0079527035705671163
-0.0079507725333709794 0.0024974302181168212 -0.0052097166594202654
-0.0054005771757315371 -0.002636617652745228 0.0083238492592722195
-0.020427282455438626 -2.28979544009315e-05 0.020427881214951548
0.0018704627478433526 -5.4593868767051602e-05 -0.0018670688135634939
0.0029706037159719007 -0.0011719147677266425 0.00049965506840641801
-0.0011008104275596156 -5.449508037067897e-05 0.00031422644493464763
-0.0083245789376689416 -0.0026394370693642154 0.0053938041816709199
0.0038174864772508028 -9.9500617352458873e-05 0.00043482218552341436
0.0046901769051590769 -5.3492904319313371e-05 0.00050143594540963464
-0.00041908387328347201 -8.499317224656249e-05 -0.0020536215889973004
-0.0008101755260711491 -0.000720833989495402 -0.00040937188531784807
0.005256049474095509 -0.0001319559385286077 -0.00024758217688307545
0.0050131365629306002 -0.00012244794420727248 -0.00024495465194230746
-0.001027615055855 -0.00010040531111584572 -0.00089980721290704863
-0.00077825605613742539 0.00063822116863704456 -0.0013060739105082782
0.0048216780586760582 -0.00014354741695862919 -0.00026752583465758546
0.005113996974293762 -9.5347942123411369e-05 -0.00024416754284108214
-0.00086258864524421078 -9.7763958592538062e-05 0.00053401180350186653
-0.00090303816948165928 0.00064194094978834186 -0.00019062360699375621
0.0054511517926381309 -0.00012930728846848789 -0.00016502425921256563
0.0049563122280630364 1.7794563870422616e-05 -0.00076550537998994748
3.9062688797729655e-06 -7.9636917339956785e-05 0.0018593040843844473
-0.00047334741635891701 0.00067807594138272892 0.0010157890441789266
0.004130463437000062 -9.6572459863088591e-05 -0.00052862806392088622
0.003290854306594598 -0.0010807975086398144 -0.00039456988223030313
-0.00061237485808392266 -5.2812530670206402e-05 -0.00023390259124044942
-0.00033654660334213045 -0.00065641146690092122 0.00035038591920971002
0.0021589045049735718 -5.7434644571571396e-05 0.0021599507622391875
-0.0051860059368065634 -0.002561417793519742 -0.0079138928856591247
-0.02012682440343877 -2.3247122248856847e-05 -0.020126876395556135
-0.0079149528581978247 -0.0025619536697663323 -0.005180837309421385
0.0048204712020173627 0.0063400952502164236 -0.0048354758896351682
0.0029008460231508644 0.0055955070934072338 -0.0074589496157232392
-0.010492369716008573 -0.0041034013748237272 0.0012773445254670164
0.0028495205655237133 -0.0012990110143768691 0.00083130313695379686
0.0028111013504327508 -0.00095691571539120376 0.00075416942961783985
-0.00060825585521369612 -0.00059866451793598821 0.0001742526785748987
-0.010247442343427192 -0.0035332299697386459 0.002181115405878801
0.0046597183676669171 -0.00031307904836179446 2.2795960409327168e-05
0.0048026894984711842 -0.00066814391098467003 -0.00027629469968359834
-0.00067324901294398714 0.00110143875941242 -0.00089655907206659033
-0.00053035019425963785 -0.00031728657928272342 0.00039302995350549248
0.0054018201315343614 -6.6357209354702643e-06 -0.00023978355988120176
0.0048903812052017133 -0.00060582851312536662 -0.00012053176015806201
-0.00052318146416391363 0.001138407333311311 0.00056856580821152726
-0.00013531096802918917 0.0019640190439775503 -0.00015318104373617452
0.0048433339361788055 -0.00022113020176226222 -0.00039078022559569877
0.0030429804295540354 -0.00078016398879680014 -0.00095167931488151971
-0.00022641340438179515 -0.00050031665783702639 -0.00034271530196009706
-0.00028104180794355374 -0.00022264827857548233 -0.00062116841504440299
0.0031474124791690582 -0.0011391018927601054 -0.0009051678412649194
0.0031849949541679135 0.0058388882073592812 0.0075833662851761425
-0.010062129816156078 -0.0039627926254946332 -0.0011831861678502471
-0.009873555224538165 -0.0033641439630461298 -0.0021993858434948619
0.00510238739220062 0.0065176178062169854 0.0051130644664890042
0.0026779070519012847 0.0061443222219029186 -0.0062638816386523001
0.002946489848838663 0.007430365636707903 -0.0057679675163821043
-0.010198543532358521 -0.0022633640284617082 0.0033894689898599259
0.0029251997605159227 -0.00091894916547721707 0.0010427421701234114
0.0030983206457468626 -0.00044002265498891736 0.00093589095906092441
-0.00059928710067941077 0.00037330821230502072 0.00051496190274341472
-0.010358179734456532 -0.001269050904778052 0.0039442416097120033
0.004011269558116831 -0.00042809298840836371 -0.00017764774805782889
0.0031633252664182215 -0.00036166988014834452 -0.0011917578174326295
-0.00048753103512013817 0.0004299652250295662 -0.00074975515032501617
-0.00081842353884862022 -0.0002294400898229436 -9.7019258938176633e-05
0.0030724806990107181 -0.00077591089441532207 -0.0012996442532872345
0.0031120697955839068 0.0076404174980166176 0.0056791058083648475
-0.0099247093826842908 -0.0021091789526238988 -0.0034843372467411146
-0.010199061835540509 -0.0011591974683440697 -0.0040748978969950833
0.0029147208837354164 0.0063940701582293463 0.0062595321735470794
0.0048949529049976065 0.004915657163559066 -0.0065084823984420774
-0.0053222470289327594 -0.0081449735714614144 0.0025204073138689002
-0.0081509750329515334 -0.0052926442130034829 0.0025121910542338253
0.0020145818808293041 0.0020655195899773999 -9.9270235681752411e-05
-0.0052921620755539966 -0.0080776678427937551 -0.0026301915107267678
-0.008088719029568885 -0.0052405444221103326 -0.0026359687404525225
-0.020272367110455602 -0.020257291156472929 -4.4970388736376712e-05
0.0049866119736546657 0.0050585065328699885 0.0063858845966221957
