&control
    calculation='scf'
    prefix='Cu'
    pseudo_dir = './',
    outdir='./temp'
    tprnfor=.true.
 /
&system
    ibrav=  0,
    occupations='smearing',
    smearing='fd',
    degauss=0.003166831869729,
    nat=309, ntyp= 1, 
    ecutwfc = 55, ecutrho=340
 /
 &electrons
  mixing_beta = 0.1,
  mixing_mode = 'local-TF' 
  conv_thr    = 2.D-8,   
  electron_maxstep = 340 
 /
 &IONS
 /
ATOMIC_SPECIES
Pt 78.0 Pt.GGA_PBE-JTH.UPF
 
ATOMIC_POSITIONS bohr
Pt	-14.89104186	-11.1682814	-3.722760466
Pt	-11.1682814	-14.89104186	-3.722760466
Pt	-11.1682814	-11.1682814	-7.445520931
Pt	-14.89104186	-14.89104186	0
Pt	-14.89104186	-11.1682814	3.722760466
Pt	-11.1682814	-14.89104186	3.722760466
Pt	-11.1682814	-11.1682814	0
Pt	-11.1682814	-11.1682814	7.445520931
Pt	-14.89104186	-3.722760466	-11.1682814
Pt	-11.1682814	-7.445520931	-11.1682814
Pt	-11.1682814	-3.722760466	-14.89104186
Pt	-14.89104186	-7.445520931	-7.445520931
Pt	-14.89104186	-3.722760466	-3.722760466
Pt	-11.1682814	-7.445520931	-3.722760466
Pt	-11.1682814	-3.722760466	-7.445520931
Pt	-14.89104186	-7.445520931	0
Pt	-14.89104186	-3.722760466	3.722760466
Pt	-11.1682814	-7.445520931	3.722760466
Pt	-11.1682814	-3.722760466	0
Pt	-14.89104186	-7.445520931	7.445520931
Pt	-14.89104186	-3.722760466	11.1682814
Pt	-11.1682814	-7.445520931	11.1682814
Pt	-11.1682814	-3.722760466	7.445520931
Pt	-11.1682814	-3.722760466	14.89104186
Pt	-14.89104186	0	-14.89104186
Pt	-14.89104186	3.722760466	-11.1682814
Pt	-11.1682814	0	-11.1682814
Pt	-11.1682814	3.722760466	-14.89104186
Pt	-14.89104186	0	-7.445520931
Pt	-14.89104186	3.722760466	-3.722760466
Pt	-11.1682814	0	-3.722760466
Pt	-11.1682814	3.722760466	-7.445520931
Pt	-14.89104186	0	0
Pt	-14.89104186	3.722760466	3.722760466
Pt	-11.1682814	0	3.722760466
Pt	-11.1682814	3.722760466	0
Pt	-14.89104186	0	7.445520931
Pt	-14.89104186	3.722760466	11.1682814
Pt	-11.1682814	0	11.1682814
Pt	-11.1682814	3.722760466	7.445520931
Pt	-14.89104186	0	14.89104186
Pt	-11.1682814	3.722760466	14.89104186
Pt	-11.1682814	7.445520931	-11.1682814
Pt	-14.89104186	7.445520931	-7.445520931
Pt	-14.89104186	11.1682814	-3.722760466
Pt	-11.1682814	7.445520931	-3.722760466
Pt	-11.1682814	11.1682814	-7.445520931
Pt	-14.89104186	7.445520931	0
Pt	-14.89104186	11.1682814	3.722760466
Pt	-11.1682814	7.445520931	3.722760466
Pt	-11.1682814	11.1682814	0
Pt	-14.89104186	7.445520931	7.445520931
Pt	-11.1682814	7.445520931	11.1682814
Pt	-11.1682814	11.1682814	7.445520931
Pt	-11.1682814	14.89104186	-3.722760466
Pt	-14.89104186	14.89104186	0
Pt	-11.1682814	14.89104186	3.722760466
Pt	-7.445520931	-11.1682814	-11.1682814
Pt	-3.722760466	-14.89104186	-11.1682814
Pt	-3.722760466	-11.1682814	-14.89104186
Pt	-7.445520931	-14.89104186	-7.445520931
Pt	-7.445520931	-11.1682814	-3.722760466
Pt	-3.722760466	-14.89104186	-3.722760466
Pt	-3.722760466	-11.1682814	-7.445520931
Pt	-7.445520931	-14.89104186	0
Pt	-7.445520931	-11.1682814	3.722760466
Pt	-3.722760466	-14.89104186	3.722760466
Pt	-3.722760466	-11.1682814	0
Pt	-7.445520931	-14.89104186	7.445520931
Pt	-7.445520931	-11.1682814	11.1682814
Pt	-3.722760466	-14.89104186	11.1682814
Pt	-3.722760466	-11.1682814	7.445520931
Pt	-3.722760466	-11.1682814	14.89104186
Pt	-7.445520931	-7.445520931	-14.89104186
Pt	-7.445520931	-3.722760466	-11.1682814
Pt	-3.722760466	-7.445520931	-11.1682814
Pt	-3.722760466	-3.722760466	-14.89104186
Pt	-7.445520931	-7.445520931	-7.445520931
Pt	-7.445520931	-3.722760466	-3.722760466
Pt	-3.722760466	-7.445520931	-3.722760466
Pt	-3.722760466	-3.722760466	-7.445520931
Pt	-7.445520931	-7.445520931	0
Pt	-7.445520931	-3.722760466	3.722760466
Pt	-3.722760466	-7.445520931	3.722760466
Pt	-3.722760466	-3.722760466	0
Pt	-7.445520931	-7.445520931	7.445520931
Pt	-7.445520931	-3.722760466	11.1682814
Pt	-3.722760466	-7.445520931	11.1682814
Pt	-3.722760466	-3.722760466	7.445520931
Pt	-7.445520931	-7.445520931	14.89104186
Pt	-3.722760466	-3.722760466	14.89104186
Pt	-7.445520931	0	-14.89104186
Pt	-7.445520931	3.722760466	-11.1682814
Pt	-3.722760466	0	-11.1682814
Pt	-3.722760466	3.722760466	-14.89104186
Pt	-7.445520931	0	-7.445520931
Pt	-7.445520931	3.722760466	-3.722760466
Pt	-3.722760466	0	-3.722760466
Pt	-3.722760466	3.722760466	-7.445520931
Pt	-7.445520931	0	0
Pt	-7.445520931	3.722760466	3.722760466
Pt	-3.722760466	0	3.722760466
Pt	-3.722760466	3.722760466	0
Pt	-7.445520931	0	7.445520931
Pt	-7.445520931	3.722760466	11.1682814
Pt	-3.722760466	0	11.1682814
Pt	-3.722760466	3.722760466	7.445520931
Pt	-7.445520931	0	14.89104186
Pt	-3.722760466	3.722760466	14.89104186
Pt	-7.445520931	7.445520931	-14.89104186
Pt	-7.445520931	11.1682814	-11.1682814
Pt	-3.722760466	7.445520931	-11.1682814
Pt	-3.722760466	11.1682814	-14.89104186
Pt	-7.445520931	7.445520931	-7.445520931
Pt	-7.445520931	11.1682814	-3.722760466
Pt	-3.722760466	7.445520931	-3.722760466
Pt	-3.722760466	11.1682814	-7.445520931
Pt	-7.445520931	7.445520931	0
Pt	-7.445520931	11.1682814	3.722760466
Pt	-3.722760466	7.445520931	3.722760466
Pt	-3.722760466	11.1682814	0
Pt	-7.445520931	7.445520931	7.445520931
Pt	-7.445520931	11.1682814	11.1682814
Pt	-3.722760466	7.445520931	11.1682814
Pt	-3.722760466	11.1682814	7.445520931
Pt	-7.445520931	7.445520931	14.89104186
Pt	-3.722760466	11.1682814	14.89104186
Pt	-3.722760466	14.89104186	-11.1682814
Pt	-7.445520931	14.89104186	-7.445520931
Pt	-3.722760466	14.89104186	-3.722760466
Pt	-7.445520931	14.89104186	0
Pt	-3.722760466	14.89104186	3.722760466
Pt	-7.445520931	14.89104186	7.445520931
Pt	-3.722760466	14.89104186	11.1682814
Pt	0	-14.89104186	-14.89104186
Pt	0	-11.1682814	-11.1682814
Pt	3.722760466	-14.89104186	-11.1682814
Pt	3.722760466	-11.1682814	-14.89104186
Pt	0	-14.89104186	-7.445520931
Pt	0	-11.1682814	-3.722760466
Pt	3.722760466	-14.89104186	-3.722760466
Pt	3.722760466	-11.1682814	-7.445520931
Pt	0	-14.89104186	0
Pt	0	-11.1682814	3.722760466
Pt	3.722760466	-14.89104186	3.722760466
Pt	3.722760466	-11.1682814	0
Pt	0	-14.89104186	7.445520931
Pt	0	-11.1682814	11.1682814
Pt	3.722760466	-14.89104186	11.1682814
Pt	3.722760466	-11.1682814	7.445520931
Pt	0	-14.89104186	14.89104186
Pt	3.722760466	-11.1682814	14.89104186
Pt	0	-7.445520931	-14.89104186
Pt	0	-3.722760466	-11.1682814
Pt	3.722760466	-7.445520931	-11.1682814
Pt	3.722760466	-3.722760466	-14.89104186
Pt	0	-7.445520931	-7.445520931
Pt	0	-3.722760466	-3.722760466
Pt	3.722760466	-7.445520931	-3.722760466
Pt	3.722760466	-3.722760466	-7.445520931
Pt	0	-7.445520931	0
Pt	0	-3.722760466	3.722760466
Pt	3.722760466	-7.445520931	3.722760466
Pt	3.722760466	-3.722760466	0
Pt	0	-7.445520931	7.445520931
Pt	0	-3.722760466	11.1682814
Pt	3.722760466	-7.445520931	11.1682814
Pt	3.722760466	-3.722760466	7.445520931
Pt	0	-7.445520931	14.89104186
Pt	3.722760466	-3.722760466	14.89104186
Pt	0	0	-14.89104186
Pt	0	3.722760466	-11.1682814
Pt	3.722760466	0	-11.1682814
Pt	3.722760466	3.722760466	-14.89104186
Pt	0	0	-7.445520931
Pt	0	3.722760466	-3.722760466
Pt	3.722760466	0	-3.722760466
Pt	3.722760466	3.722760466	-7.445520931
Pt	0	0	0
Pt	0	3.722760466	3.722760466
Pt	3.722760466	0	3.722760466
Pt	3.722760466	3.722760466	0
Pt	0	0	7.445520931
Pt	0	3.722760466	11.1682814
Pt	3.722760466	0	11.1682814
Pt	3.722760466	3.722760466	7.445520931
Pt	0	0	14.89104186
Pt	3.722760466	3.722760466	14.89104186
Pt	0	7.445520931	-14.89104186
Pt	0	11.1682814	-11.1682814
Pt	3.722760466	7.445520931	-11.1682814
Pt	3.722760466	11.1682814	-14.89104186
Pt	0	7.445520931	-7.445520931
Pt	0	11.1682814	-3.722760466
Pt	3.722760466	7.445520931	-3.722760466
Pt	3.722760466	11.1682814	-7.445520931
Pt	0	7.445520931	0
Pt	0	11.1682814	3.722760466
Pt	3.722760466	7.445520931	3.722760466
Pt	3.722760466	11.1682814	0
Pt	0	7.445520931	7.445520931
Pt	0	11.1682814	11.1682814
Pt	3.722760466	7.445520931	11.1682814
Pt	3.722760466	11.1682814	7.445520931
Pt	0	7.445520931	14.89104186
Pt	3.722760466	11.1682814	14.89104186
Pt	0	14.89104186	-14.89104186
Pt	3.722760466	14.89104186	-11.1682814
Pt	0	14.89104186	-7.445520931
Pt	3.722760466	14.89104186	-3.722760466
Pt	0	14.89104186	0
Pt	3.722760466	14.89104186	3.722760466
Pt	0	14.89104186	7.445520931
Pt	3.722760466	14.89104186	11.1682814
Pt	0	14.89104186	14.89104186
Pt	7.445520931	-11.1682814	-11.1682814
Pt	7.445520931	-14.89104186	-7.445520931
Pt	7.445520931	-11.1682814	-3.722760466
Pt	11.1682814	-14.89104186	-3.722760466
Pt	11.1682814	-11.1682814	-7.445520931
Pt	7.445520931	-14.89104186	0
Pt	7.445520931	-11.1682814	3.722760466
Pt	11.1682814	-14.89104186	3.722760466
Pt	11.1682814	-11.1682814	0
Pt	7.445520931	-14.89104186	7.445520931
Pt	7.445520931	-11.1682814	11.1682814
Pt	11.1682814	-11.1682814	7.445520931
Pt	7.445520931	-7.445520931	-14.89104186
Pt	7.445520931	-3.722760466	-11.1682814
Pt	11.1682814	-7.445520931	-11.1682814
Pt	11.1682814	-3.722760466	-14.89104186
Pt	7.445520931	-7.445520931	-7.445520931
Pt	7.445520931	-3.722760466	-3.722760466
Pt	11.1682814	-7.445520931	-3.722760466
Pt	11.1682814	-3.722760466	-7.445520931
Pt	7.445520931	-7.445520931	0
Pt	7.445520931	-3.722760466	3.722760466
Pt	11.1682814	-7.445520931	3.722760466
Pt	11.1682814	-3.722760466	0
Pt	7.445520931	-7.445520931	7.445520931
Pt	7.445520931	-3.722760466	11.1682814
Pt	11.1682814	-7.445520931	11.1682814
Pt	11.1682814	-3.722760466	7.445520931
Pt	7.445520931	-7.445520931	14.89104186
Pt	11.1682814	-3.722760466	14.89104186
Pt	7.445520931	0	-14.89104186
Pt	7.445520931	3.722760466	-11.1682814
Pt	11.1682814	0	-11.1682814
Pt	11.1682814	3.722760466	-14.89104186
Pt	7.445520931	0	-7.445520931
Pt	7.445520931	3.722760466	-3.722760466
Pt	11.1682814	0	-3.722760466
Pt	11.1682814	3.722760466	-7.445520931
Pt	7.445520931	0	0
Pt	7.445520931	3.722760466	3.722760466
Pt	11.1682814	0	3.722760466
Pt	11.1682814	3.722760466	0
Pt	7.445520931	0	7.445520931
Pt	7.445520931	3.722760466	11.1682814
Pt	11.1682814	0	11.1682814
Pt	11.1682814	3.722760466	7.445520931
Pt	7.445520931	0	14.89104186
Pt	11.1682814	3.722760466	14.89104186
Pt	7.445520931	7.445520931	-14.89104186
Pt	7.445520931	11.1682814	-11.1682814
Pt	11.1682814	7.445520931	-11.1682814
Pt	7.445520931	7.445520931	-7.445520931
Pt	7.445520931	11.1682814	-3.722760466
Pt	11.1682814	7.445520931	-3.722760466
Pt	11.1682814	11.1682814	-7.445520931
Pt	7.445520931	7.445520931	0
Pt	7.445520931	11.1682814	3.722760466
Pt	11.1682814	7.445520931	3.722760466
Pt	11.1682814	11.1682814	0
Pt	7.445520931	7.445520931	7.445520931
Pt	7.445520931	11.1682814	11.1682814
Pt	11.1682814	7.445520931	11.1682814
Pt	11.1682814	11.1682814	7.445520931
Pt	7.445520931	7.445520931	14.89104186
Pt	7.445520931	14.89104186	-7.445520931
Pt	11.1682814	14.89104186	-3.722760466
Pt	7.445520931	14.89104186	0
Pt	11.1682814	14.89104186	3.722760466
Pt	7.445520931	14.89104186	7.445520931
Pt	14.89104186	-11.1682814	-3.722760466
Pt	14.89104186	-14.89104186	0
Pt	14.89104186	-11.1682814	3.722760466
Pt	14.89104186	-3.722760466	-11.1682814
Pt	14.89104186	-7.445520931	-7.445520931
Pt	14.89104186	-3.722760466	-3.722760466
Pt	14.89104186	-7.445520931	0
Pt	14.89104186	-3.722760466	3.722760466
Pt	14.89104186	-7.445520931	7.445520931
Pt	14.89104186	-3.722760466	11.1682814
Pt	14.89104186	0	-14.89104186
Pt	14.89104186	3.722760466	-11.1682814
Pt	14.89104186	0	-7.445520931
Pt	14.89104186	3.722760466	-3.722760466
Pt	14.89104186	0	0
Pt	14.89104186	3.722760466	3.722760466
Pt	14.89104186	0	7.445520931
Pt	14.89104186	3.722760466	11.1682814
Pt	14.89104186	0	14.89104186
Pt	14.89104186	7.445520931	-7.445520931
Pt	14.89104186	11.1682814	-3.722760466
Pt	14.89104186	7.445520931	0
Pt	14.89104186	11.1682814	3.722760466
Pt	14.89104186	7.445520931	7.445520931
Pt	14.89104186	14.89104186	0


CELL_PARAMETERS {bohr}
 50 0.0000000000 0.0000000000
 0.0000000000 50 0.0000000000
 0.0000000000 0.0000000000 50

K_POINTS gamma

