0 1095.95482673781179983
5.41232671694897210556e-05 1080.79769257030170593
0.000109376880951714345789 1077.20604158706919407
0.000165784448263471328794 1074.67816538341253363
0.000223370069044243437558 1072.57522623245768045
0.000282158346552812615109 1070.69586922778262306
0.000342174397878919475322 1068.95022148474595269
0.000403443864674452935034 1067.29020878781125248
0.000465992924108759058385 1065.6870048495015908
0.000529848300052744125392 1064.12189008080167696
0.000595037274496559897077 1062.5819628784042834
0.000661587699205738711226 1061.05790756734131719
0.00072952800762076340773 1059.54273854704911173
0.000798887227005161382719 1058.03104929957521563
0.000869694990847297397414 1056.51854077674738619
0.000941981551521183803864 1055.0017130243372776
0.00101577779321170382811 1053.47765661423932215
0.00109111524510977137871 1051.94390746568183204
0.00116802609488306859305 1050.39834325137780979
0.00124654320242812235477 1048.83910786481715149
0.0013267001139095732816 1047.26455528957853858
0.00140853107609266729912 1045.67320718279233915
0.00149207105097506551039 1044.06372033714637837
0.00157735573072423558051 1042.43486138148318787
0.00166442155292681232166 1040.78548686783847188
0.00175330571615642683697 1039.11452743151221512
0.00184404619586667206654 1037.42097505539118174
0.0019366817606159855529 1035.70387274308723136
0.00203125198863138116401 1033.96230607329061968
0.00212779728471810918033 1032.19539623930131711
0.00222635889752247724191 1030.40229427320559807
0.00232697893715518369651 1028.58217622258985102
0.00242970039318272630971 1026.73423909909070062
0.00253456715299454080417 1024.8576974570519269
0.00264162402055374096951 1022.95178049238722906
0.00275091673553945655073 1021.01572957035477884
0.0028624919928889529068 1019.04879611096635017
0.00297639746274788860245 1017.0502397778024033
0.00309268181083721194549 1015.01932691837737366
0.00321139471924542993508 1012.95532922167183187
0.00333258690765510928733 1010.85752256114994907
0.0034563101550126860452 1008.72518599484646984
0.00358261732165084199192 1006.5576009039185692
0.00371156237187289777396 1004.3540502507465817
0.00384320039700888470974 1002.1138179416566345
0.00397758763895311728831 999.836188281911745435
0.00411478151419335247407 997.520445512554033485
0.00425484063834179106894 995.165873420313459974
0.0043978248511783880198 992.771755013117854105
0.00454379524221720440535 990.337372254930642157
0.00469281417680668042069 987.862005854556855411
0.00484494532277502613221 985.344935103909051577
0.00500025367763207856386 982.785437761914863586
0.00515880559633926597668 980.182789981342580177
0.00532066881965952837019 977.536266274931904263
0.00548591250309934420903 974.845139518530231726
0.00565460724645516776832 972.108680990716493397
0.00582682512397695272222 969.326160446072321974
0.00600263971516163362396 966.496846219736312378
0.00618212613618970927704 963.620005365844463086
0.00636536107201837036973 960.694903823743970861
0.00655242280914488783167 957.720806616562640556
0.00674339126905425419178 954.696978076920117928
0.00693834804236535557936 951.622682103477814053
0.00713737642369028247452 948.497182443916585726
0.00734056144722167701333 945.319743008745263069
0.00754798992306329481067 942.089628210715204659
0.00775975047431931574948 938.806103334815929884
0.00797593357495827472159 935.468434935259097074
0.00819663158846774438093 932.075891260738785604
0.00842193880731632871228 928.627742709496601492
0.00865195149323977168165 925.123262312021438447
0.00888676791836848743722 921.561726242972554246
0.00912648840721397118514 917.942414362990803056
0.00937121537953209543526 914.264610789990911144
0.00962105339408161723547 910.527604500042684776
0.00987610919329654467214 906.730689958950620166
0.0101364917488914550031 902.873167784628435584
0.0104023123084193182264 898.954345440667907496
0.0106736844428016054015 894.973537961221268233
0.01095072409485109248 890.930068707840518982
0.0112335496288080149974 886.823270158686909781
0.0115222818809107910298 882.652484730422315806
0.0118170442110228958443 878.417065633135166536
0.012117962555337919231 874.116377758660860309
0.0124251654801853950866 869.74979860262544662
0.0127387842369603154768 865.316719220499294352
0.0130589528181998277417 860.816545217949396829
0.0133858080148311023999 856.248697775711207214
0.0137194894746147828812 851.612614709194872376
0.0140601397618090075137 846.90775156297365811
0.0144079044180794920565 842.1335827402342602
0.0147629320246817283269 837.28960266726107875
0.0151253742659418020239 832.375326992923874059
0.0154953859940629851133 827.390293823095021253
0.015873125295285849673 822.334064989847206562
0.0162587535574300230679 817.206227355198848272
0.0166524355388466271943 812.006394149100060531
0.0170543394388106665793 806.734206341248523131
0.0174646369693836275849 801.389334046258341004
0.0178835034287768770978 795.97147796156559707
0.0183111177762471759312 790.480370837370060144
0.0187476627085564583053 784.915778977775516978
0.0191933247380283514283 779.277503772198315346
0.0196482942722349430975 773.565383255957499387
0.0201127656953477944313 767.779293698849528482
0.0205869374511878505674 761.919151220320031825
0.0210710121280099187124 755.984913429752737102
0.0215651965450578200767 749.976581090199260871
0.0220697018409271479567 743.894199803750325373
0.0225847435637735530212 737.737861716525458178
0.0231105417634049521702 731.507707240966169593
0.0236473210852970253115 725.203926793202526824
0.0241953108665722282922 718.82676254289026474
0.024754745233983348196 712.376510172726398196
0.0253258632039432551863 705.853520644737955081
0.0259089087846439136698 699.258201970210052423
0.0265041310803080555625 692.59102097939057785
0.0271117843976180494803 685.85250508770388933
0.027732128354367571732 679.043244054555884759
0.0283654279903824829701 672.163891730629529775
0.0290119538807580741591 665.21516778959187377
0.0296719822514614553488 658.197859438739669713
0.0303457950973480689028 651.112823104253266138
0.031033680302643050497 643.960986086078378321
0.0317359317639388238685 636.743348177274583577
0.0324528495157613214306 629.460983242011252514
0.033184739858758763309 622.115040745326723481
0.0339319154905675865463 614.706747229791631071
0.0346946956394113409372 607.237407732719475462
0.0354734062004899222686 599.708407137559447619
0.0362683798752172145696 592.121211450472060278
0.0370799563133665105452 584.477368996950531255
0.037908482258184779401 576.77851153158201214
0.0387543116945375937243 569.026355253320957672
0.0396178060001478107854 561.222701715681864698
0.0404993340999930326318 553.369438626985129304
0.0413992726239275979361 545.468540533545933613
0.0423180060675962671501 537.522069375175874484
0.0432559269567087817387 529.532174903227655705
0.0442134360147450611311 521.501094956803626701
0.0451909423341628896376 513.431155589271952522
0.0461888635511814513168 505.324771029784699294
0.0472076260242147369151 497.184443476110971005
0.0482476650160318237814 489.012762713691131466
0.0493094248797214945723 480.812405546312618299
0.0503933592485403675232 472.586135028713954398
0.0514999312297262437643 464.336799501355585562
0.052629613602359209823 456.067331415916271453
0.0537828890193546432785 447.780745934388619389
0.0549602502136751353001 439.480139307199351606
0.0561622002088490446248 431.168687023330960528
0.0573892525338853681793 422.849641709286004243
0.0586419314426774168636 414.526330786170717602
0.059920772137988437267 406.202153883367259368
0.0612263210001151303441 397.880579980986397004
0.0625591358203267666749 389.565144293915011531
0.0639197860391796379709 381.259444902182224268
0.0653088529898084996228 372.967139095122547587
0.0667269301462992819873 364.691939447947618191
0.0681746233772486803781 356.437609641077983724
0.0696525512046195227622 348.207959984025706035
0.0711613450680023129635 340.006842673190476489
0.0727016495943953039438 331.838146796266528327
0.0742741228736193692672 323.705793039306854553
0.075879436739484704133 315.613728143358912348
0.0775182770568293016966 307.565919118003648691
0.0791913440145524116787 299.566347166672414915
0.0808993524247680478867 291.619001393831638325
0.0826430320282056790626 283.727872283210672322
0.0844231278059896506072 275.89694491436705448
0.0862404002979298839326 268.130192009595589298
0.0880956259274596892306 260.431566767612480362
0.089989597333360066278 252.804995487825465261
0.0919231237084121438619 245.254370083988021634
0.0938970311451216010923 237.783540403916134665
0.0959121629886642845797 230.396306425320830158
0.0979693801972021938163 223.096410396608803239
0.100069561709725030063 215.887528820544162045
0.102213604821573988968 208.773264431570055422
0.104402425567807918827 201.757138150845037217
0.106636959114576213015 194.842580969110883871
0.10891816015866545575 188.032925945241572663
0.111247003335390129419 181.331400198391776257
0.11362448363500234072 174.74111697646978314
0.116051616827798131926 168.2650679263681468
0.118529439898101496276 161.906115396667530604
0.121059011487312628841 155.666985010938645928
0.123641412346208887096 149.550258454159546773
0.126277745796691570623 143.55836642621349597
0.128969138203176625357 137.693582021309907759
0.131716739453830028461 131.958014302664196293
0.134521723451853286724 126.35360227949134071
0.137385288617029921454 120.88210933916386125
0.140308658397745866786 115.545117950028398468
0.143293081793703647175 110.344024992247199179
0.14633983388955368321 105.280037462063845055
0.149450216399668850409 100.354168690729167679
0.152625558224298546461 95.5672352375766109844
0.155867216017336301936 90.9198541494742897839
0.159176574765945016976 86.4124410132417750674
0.162555048382288847009 82.0452085245408824221
0.166004080307621842971 77.8181656563898087597
0.169525144128993388026 73.7311176598866495624
0.173119744208832831989 69.7836664857350541524
0.1767894163276838293 65.975212111040306695
0.180535728340361051325 62.3049544444570884139
0.184360280845810187156 58.7718958737428707195
0.188264707870959363545 55.3748447091224065275
0.19225067756885097503 52.1124190313136779196
0.196319892931354045285 48.983051487132740931
0.200474092516762320004 45.9849946089488383905
0.204715051192587205175 43.1163267665986822408
0.209044580893862963489 40.3749589527439951553
0.213464531397291101822 37.7586418766970766114
0.21797679111155024434 35.2649739573325078368
0.222583287884112052124 32.8914096548213024107
0.227285989824908274404 30.6352683692658551706
0.232086906147198568373 28.4937439610161042935
0.236988088025999271702 26.4639144194580104852
0.24199162947444216587 24.5427522680576579717
0.247099668238433739509 22.7271350108603336082
0.252314386709999116665 21.0138560234762294954
0.25763801285970300281 19.3996357048778200749
0.263072821188541638993 17.8811325893960919586
0.268621133699714853549 16.4549548989991620829
0.27428532089069546096 15.1176717869632426527
0.280067802766015505611 13.8658248393766232454
0.285971049871203975012 12.6959393736640198114
0.291997584348320460279 11.6045355221897246167
0.298149981013530962493 10.588139332065154008
0.304430868457188474885 9.64329325277405047245
0.310842930166890851762 8.76656661777265888702
0.317388905673990584511 7.95456546007414200261
0.324071591724049756778 7.20394196992619217923
0.330893843471741277984 6.51140347960937049265
0.337858575700703267497 5.87372065732015080641
0.344968764068869448991 5.28773536059608062487
0.352227446379810626986 4.75036749530680246778
0.359637723880624426975 4.25862140449053327984
0.367202762586933406652 3.80959139295719717566
0.374925794635552755985 3.40046649603278172691
0.382810119665411674461 3.02853467625529715335
0.39085910622731212527 2.69118611120016248961
0.399076193223128927734 2.38591613244929945381
0.407464891375071747159 2.11032740063098467331
0.416028784725627043262 1.86213175446101741883
0.424771532168827681275 1.6391516041806979409
0.4336968690135045712 1.43932084435465723615
0.442808608579183471399 1.2606854900520831908
0.452110643825311797617 1.10140362949095571565
0.461606949014514156282 0.959745007243714587375
0.471301581410581371667 0.834089835605286045173
0.481198683011921535257 0.722927006122765281049
0.491302482321216538175 0.624851633039601783715
0.501617296152034541912 0.538561894330718438084
0.512147531473172490379 0.462855451740524337367
0.522897687291520307795 0.396625310326741475908
0.533872356574245809924 0.338855491133570663198
0.545076228211122226774 0.288616424164566509614
0.556514089017843049945 0.245060266824178474288
0.568190825781171304776 0.20741619242649655952
0.580111427346800878624 0.174985634977043835736
0.592280986750826854426 0.147137648095979511886
0.60470470339572601759 0.123304257520378046653
0.617387885271782232977 0.102975972816801583654
0.630335951224910151502 0.0856973711442593905074
0.643554433271836923147 0.0710628328511772600073
0.657048978963636010064 0.0587124365728654770691
0.670825353798626844437 0.0483279971944260561267
0.684889443685662735462 0.0396293214727775344741
0.699247257458863735735 0.0323706196516965125087
0.713904929444873381783 0.0263371503532086881361
0.72886872208372743831 0.0213420524772786612822
0.744145028604457414723 0.0172233974032863258741
0.759740375756580488265 0.0138414551482373485158
0.775661426598626801976 0.0110761615612341469961
0.791914983344911505014 0.00882480694185868580481
0.808507990271753240741 0.0069999115602739324371
0.825447536684396632189 0.00552730886908036397193
0.842740859945892650806 0.00434440640293000911176
0.860395348569233942015 0.00339862815110433032911
0.878418545374076042975 0.00264602336583723502308
0.896818150709379646734 0.00205002867829463895216
0.915602025743355363296 0.00158037916609026223187
0.934778195822125734793 0.0012121478683627625629
0.954354853898524146949 0.000924911310376379377715
0.974340364032503791769 0.000702022513025802783436
0.994743264964658702176 0.000529985384158519843428
1.01557227376436776112 0.000397917759107787498765
1.03683628955413120742 0.000297093302009844605679
1.05854439731169547301 0.000220554262654279567861
1.08070587175157473148 0.000162784371884777196359
1.10333018128763971077 0.000119436101679451004928
1.12642699207846885834 8.71031577686545005739e-05
1.15000617215718126118 6.31329893742695410662e-05
1.17407779564751368895 4.54727066873718434705e-05
1.19865214706796363586 3.25434568673161513639e-05
1.22373972572581046769 2.31387992110073895818e-05
1.24935125020290649367 1.6342790982821820317e-05
1.27549766293515887128 1.146472041943702089e-05
1.30219013488764590036 7.98719471131925723092e-06
1.32944007032736966067 5.52534679054193926696e-06
1.35725911169569601888 3.79488680901519977585e-06
1.38565914458254657582 2.58731961970703947505e-06
1.41465230280446929712 1.75085685096544921642e-06
1.44425097358878051779 1.17580532438825753283e-06
1.4744678028659596869 7.83500417381789538141e-07
1.50531570067257502998 5.17957578174490179528e-07
1.53680784666706315988 3.39650301170095472751e-07
1.56895769576068611073 2.20893183001447069958e-07
1.60177898386609340875 1.42453527584142816547e-07
1.63528573376595143252 9.10818823667715031324e-08
1.66949226110412340951 5.77275247926256847352e-08
1.70441318050198220568 3.6261914677439980549e-08
1.7400634118024511654 2.25712767056505216606e-08
1.77645818644446462642 1.39193972949002657774e-08
1.81361305397054373145 8.50279188334240054976e-09
1.85154388867028041332 5.14394689716078035377e-09
1.89026689636258171667 3.08134834356764317779e-09
1.9297986213195466032 1.82728642731614635259e-09
1.97015595333494419883 1.07252443567685412404e-09
2.01135613494032972071 6.22945371076085004756e-10
2.05341676877185186356 3.57968511348789628918e-10
2.09635582509091422665 2.03467820644226799592e-10
2.14019164946191775556 1.14368811156196948269e-10
2.18494297059033426578 6.35597389535157285796e-11
2.2306289083244776883 3.49154663418147529657e-11
2.27726898182440340435 1.8954604502590308218e-11
2.32488311790139645652 1.01663433547735862017e-11
2.37349165953162888343 5.38598558137369038937e-12
2.42311537454763703536 2.81775289016808665125e-12
2.4737754645113012586 1.45535798462782577329e-12
2.52549357377213423703 7.41908282412686496373e-13
2.57829179871476688035 3.7318816907255848538e-13
2.63219269719954818143 1.85176608892566179814e-13
2.68721929820030425162 9.06148037932996344289e-14
2.74339511164340432714 4.37168867581802502203e-14
2.80074413845228820108 2.07874911195132596815e-14
2.85929088080177162823 9.73947638550006061106e-15
2.91906035258652973852 4.49480926977359957903e-15
2.98007809010819180173 2.04266576973488957755e-15
3.04237016298562945593 9.13808617288861975211e-16
3.1059631852931288698 4.02290319933900128753e-16
3.1708843269311537405 1.7422640206546314894e-16
3.23716132523458322012 7.42025161309590708819e-17
3.30482249682341100439 3.10682355374855174093e-17
3.37389674970091490991 1.27831961786188908043e-17
3.44441359560449367194 5.16703283785357945742e-18
3.51640316261447249957 2.05094329133209949901e-18
3.58989620802620956752 7.99121243496277843294e-19
3.66492413149105367154 3.0553234796271616774e-19
3.74151898843172059372 1.14577706480228740219e-19
3.81971350373788576249 4.21296674103158317317e-20
3.8995410857477690314 1.51815204155818427906e-20
3.98103584052172232433 5.3595195953999652245e-21
4.06423258641394813395 1.85272237746385284177e-21
4.1491668689485106114 6.26891947470204545184e-22
4.23587497600602969072 2.07527575007765809252e-22
4.32439395332757392509 6.71814219967588695237e-23
4.41476162034231389697 2.12587327176520524012e-23
4.507016586325735652 6.57192208987149342482e-24
4.60119826689533795161 1.98405298980945184546e-24
4.69734690085081663113 5.8459235258146036889e-25
4.79550356736593563767 1.68041980328246021355e-25
4.89571020353948593851 4.70969324702412534033e-26
4.99800962231275924808 1.28634612313428216853e-26
5.10244553076121754032 3.42214437305544766047e-27
5.20906254876821162014 8.86192387011514870168e-28
5.31790622808866420002 2.23294622906102077321e-28
5.42902307181088694676 5.47024833308827416721e-29
5.54246055422489103393 1.30245188480282287422e-29
5.65826714110560313742 3.01157342929680350119e-30
5.77649231041968391764 6.7593446577790604333e-31
5.89718657346485208848 1.47162566693722586115e-31
6.02040149645064470718 3.10581189146248447324e-32
6.14618972252989070881 6.35093144755376709215e-33
6.27460499429034612717 1.25707905206832407623e-33
6.40570217671601493947 2.40787338661925933902e-34
6.53953728062801253884 4.45819746682543181582e-35
6.67616748661502157347 7.97660854434398639357e-36
6.81565116946349380811 1.37771198116886897921e-36
6.95804792309805630879 2.29580555712624715836e-37
7.10341858604284492884 3.68845537020595439409e-38
7.2518252674145324832 5.7072536922044292645e-39
7.40333137345825065267 8.50314264816038454502e-40
7.55800163463766061511 1.21795599017586711256e-40
7.71590213329086083149 1.6772752059022359532e-41
7.87710033186382396764 2.21703361797928351517e-42
8.04166510173346971158 2.81237875196238829734e-43
8.2096667526327653519 3.41939233710961182298e-44
8.38117706269029660859 3.98137225596228046138e-45
8.55626930909724059404 4.43730124762214362461e-46
8.73501829941473850738 4.72501264915863966692e-47
8.91750040353525896819 4.80910377321243286639e-48
9.10379358631131019308 4.66639204607720310296e-49
9.29397744086567456634 4.31979266377723726081e-50
9.48813322259729297059 0
9.68634388389737566172 0
9.88869410959045502807 0
10.0952703531157901296 0
10.3061608734642344842 0
10.5214557728866004993 0
10.7412470353895450614 0
10.9656285660354075873 0
11.1946962310628581605 0
11.4285478988453323979 0
11.6672834817050752321 0
11.9110049786002676342 0
12.1598165187037405843 0
12.4138244058918125745 0
12.6731371641622807545 0
12.9378655840008232047 0
13.2081227697160095147 0
13.4840241877626194622 0
13.7656877160743214006 0
14.0532336944266091905 0
14.3467849758515928471 0
14.6464669791264263665 0
14.9524077423582006929 0
15.2647379776876856994 0
15.5835911271356710728 0
15.9091034196156098091 0
16.2414139291369821194 0
16.5806646342240711078 0
16.9270004785759837773 0
17.2805694329932180153 0
17.6415225585977140099 0
18.0100140713732095321 0
18.3862014080535018934 0
18.7702452933866510421 0
19.1623098088042382869 0
19.5625624625244824983 0
19.9711742611195930408 0
20.3883197825777138235 0
20.8141772508908360351 0
21.2489286122002170032 0
21.6927596125324733123 0
22.1458598771587951148 0
22.608422991611707431 0
23.0806465843938433125 0
23.5627324114140392908 0
24.0548864421868913155 0
24.5573189478323570256 0
25.0702445909136244495 0
25.5938825171507779999 0
26.1284564490501196588 0
26.6741947814888149537 0
27.2313306792958798042 0
27.8001021768708618254 0
28.3807522798835094591 0
28.9735290690969158334 0
29.5786858063592177359 0
30.1964810428088696881 0
30.8271787293397423468 0
31.4710483293730689525 0
32.1283649339850541082 0
32.7994093794384085072 0
33.4844683671686880189 0
34.1838345862765464744 0
34.8978068385781696747 0
35.6266901662671173767 0
36.3707959822428747998 0
37.1304422031607401777 0
37.905953385260694688 0
38.697660863032872669 0
39.5059028907792395557 0
40.3310247871312412826 0
41.1733790825864574003 0
42.03332567012575538 0
42.9112319589763799854 0
43.8074730315863263286 0
44.7224318038770718431 0
45.6564991888428082234 0
46.6100742635670854952 0
47.5835644397268922035 0
48.5773856376579260541 0
49.5919624640551219841 0
50.6277283933844373109 0
51.6851259530833928579 0
52.7646069126290697682 0
53.8666324765555728504 0
54.9916734815017349547 0
56.1402105973745761958 0
57.3127345327138186803 0
58.5097462443455711423 0
59.7317571514139871169 0
60.9792893538839422263 0
62.2528758556060850538 0
63.5530607920409167377 0
64.8803996627388954721 0
66.235459568675807418 0
67.6188194545441660921 0
69.0310703561061558275 0
70.4728156527110769503 0
71.9446713250872988965 0
73.4472662185178108984 0
74.9812423115124744299 0
76.5472549900904652986 0
78.1459733277925749917 0
