0 224733422.881072640419
5.41232671694897210556e-05 865797.770721449283883
0.000109376880951714345789 307729.387209826498292
0.000165784448263471328794 183770.712286760972347
0.000223370069044243437558 133694.380254496471025
0.000282158346552812615109 107466.987213430998963
0.000342174397878919475322 91568.2648115804040572
0.000403443864674452935034 80984.4249670902063372
0.000465992924108759058385 73465.4013382391858613
0.000529848300052744125392 67862.6693784512463026
0.000595037274496559897077 63532.7773636010169866
0.000661587699205738711226 60088.8830264748539776
0.00072952800762076340773 57285.1801915185205871
0.000798887227005161382719 54958.3548713382406277
0.000869694990847297397414 52995.8444891253166134
0.000941981551521183803864 51317.6448693003985682
0.00101577779321170382811 49865.3886130547616631
0.00109111524510977137871 48595.5266583534466918
0.00116802609488306859305 47474.9259341032084194
0.00124654320242812235477 46477.9429393580940086
0.0013267001139095732816 45584.4280974564098869
0.00140853107609266729912 44778.3338871585947345
0.00149207105097506551039 44046.7244149192774785
0.00157735573072423558051 43379.057867296913173
0.00166442155292681232166 42766.6581764761140221
0.00175330571615642683697 42202.3203584849761683
0.00184404619586667206654 41680.0116402667990769
0.0019366817606159855529 41194.6424453921208624
0.00203125198863138116401 40741.8889175201620674
0.00212779728471810918033 40318.0539584276048117
0.00222635889752247724191 39919.9574000085995067
0.00232697893715518369651 39544.8484324417586322
0.00242970039318272630971 39190.3352107343525859
0.00253456715299454080417 38854.327833106246544
0.00264162402055374096951 38534.9918391509709181
0.00275091673553945655073 38230.7100181800851715
0.0028624919928889529068 37940.0508484352976666
0.00297639746274788860245 37661.7422861426748568
0.00309268181083721194549 37394.6498446303594392
0.00321139471924542993508 37137.7581898501885007
0.00333258690765510928733 36890.1556114489794709
0.0034563101550126860452 36651.0208446826654836
0.00358261732165084199192 36419.6118531086030998
0.00371156237187289777396 36195.2562349976651603
0.00384320039700888470974 35977.3429873102868441
0.00397758763895311728831 35765.3154067303767079
0.00411478151419335247407 35558.664951044593181
0.00425484063834179106894 35356.9259136690743617
0.0043978248511783880198 35159.6707852246254333
0.00454379524221720440535 34966.5062061203934718
0.00469281417680668042069 34777.0694199157951516
0.00484494532277502613221 34591.0251587499951711
0.00500025367763207856386 34408.0629024669615319
0.00515880559633926597668 34227.8944587261139532
0.00532066881965952837019 34050.2518203002691735
0.00548591250309934420903 33874.8852654989459552
0.00565460724645516776832 33701.5616696991273784
0.00582682512397695272222 33530.0630031873151893
0.00600263971516163362396 33360.1849848738347646
0.00618212613618970927704 33191.7358871223113965
0.00636536107201837036973 33024.5354557740065502
0.00655242280914488783167 32858.413949700028752
0.00674339126905425419178 32693.211269856801664
0.00693834804236535557936 32528.7761828726288513
0.00713737642369028247452 32364.9656142305284448
0.00734056144722167701333 32201.6440167915316124
0.00754798992306329481067 32038.6827947148558451
0.00775975047431931574948 31875.959786810548394
0.00797593357495827472159 31713.3587963570062129
0.00819663158846774438093 31550.7691652544563112
0.00842193880731632871228 31388.0853891741317057
0.00865195149323977168165 31225.2067678625062399
0.00888676791836848743722 31062.0370862325544294
0.00912648840721397118514 30898.4843274356717302
0.00937121537953209543526 30734.4604109701358539
0.00962105339408161723547 30569.8809545952171902
0.00987610919329654467214 30404.6650590741410269
0.0101364917488914550031 30238.735112117126846
0.0104023123084193182264 30072.0166119194982457
0.0106736844428016054015 29904.4380060039220552
0.01095072409485109248 29735.9305462630836701
0.0112335496288080149974 29566.428157768692472
0.0115222818809107910298 29395.8673209411826974
0.0118170442110228958443 29224.1869655170230544
0.012117962555337919231 29051.3283753849682398
0.0124251654801853950866 28877.2351043651615328
0.0127387842369603154768 28701.8529007245379034
0.0130589528181998277417 28525.1296408169691858
0.0133858080148311023999 28347.0152716206503101
0.0137194894746147828812 28167.4617596382231568
0.0140601397618090075137 27986.423048138152808
0.0144079044180794920565 27803.8550207711414259
0.0147629320246817283269 27619.7154710118302319
0.0151253742659418020239 27433.9640782564347319
0.0154953859940629851133 27246.5623889372400299
0.015873125295285849673 27057.4738029774380266
0.0162587535574300230679 26866.6635652071418008
0.0166524355388466271943 26674.0987614752630179
0.0170543394388106665793 26479.7483189815684455
0.0174646369693836275849 26283.5830106934045034
0.0178835034287768770978 26085.5754638407743187
0.0183111177762471759312 25885.7001718896244711
0.0187476627085564583053 25683.9335100778262131
0.0191933247380283514283 25480.2537541935525951
0.0196482942722349430975 25274.6411021956300829
0.0201127656953477944313 25067.0776991272832674
0.0205869374511878505674 24857.5476643638357928
0.0210710121280099187124 24646.0371214849255921
0.0215651965450578200767 24432.534230466309964
0.0220697018409271479567 24217.029222223591205
0.0225847435637735530212 23999.5144349829606654
0.0231105417634049521702 23779.9843522700466565
0.0236473210852970253115 23558.4356429980944085
0.0241953108665722282922 23334.8672027761640493
0.024754745233983348196 23109.2801964110440167
0.0253258632039432551863 22881.6781017204521049
0.0259089087846439136698 22652.0667544009593257
0.0265041310803080555625 22420.4543931938969763
0.0271117843976180494803 22186.85170598388504
0.027732128354367571732 21951.2718760802745237
0.0283654279903824829701 21713.7306286242783244
0.0290119538807580741591 21474.2462771092068579
0.0296719822514614553488 21232.8397694458253682
0.0303457950973480689028 20989.5347334750040318
0.031033680302643050497 20744.3575217447942123
0.0317359317639388238685 20497.3372554516572563
0.0324528495157613214306 20248.5058671314072853
0.033184739858758763309 19997.8981415947419009
0.0339319154905675865463 19745.5517552934907144
0.0346946956394113409372 19491.5073136320934282
0.0354734062004899222686 19235.808386156859342
0.0362683798752172145696 18978.5015387895327876
0.0370799563133665105452 18719.6363633669716364
0.037908482258184779401 18459.2655039639867027
0.0387543116945375937243 18197.4446799931320129
0.0396178060001478107854 17934.232705029015051
0.0404993340999930326318 17669.6915017084647843
0.0413992726239275979361 17403.8861125054281729
0.0423180060675962671501 17136.8847053554673039
0.0432559269567087817387 16868.7585743428026035
0.0442134360147450611311 16599.5821349995967466
0.0451909423341628896376 16329.4329140069894493
0.0461888635511814513168 16058.3915326848455152
0.0472076260242147369151 15786.5416840147590847
0.0482476650160318237814 15513.9701033838628064
0.0493094248797214945723 15240.7665321555068658
0.0503933592485403675232 14967.0236736043880228
0.0514999312297262437643 14692.8371418344286212
0.052629613602359209823 14418.3054027871403378
0.0537828890193546432785 14143.5297066089369764
0.0549602502136751353001 13868.6140121754015126
0.0561622002088490446248 13593.6649031431352341
0.0573892525338853681793 13318.7914946311539097
0.0586419314426774168636 13044.1053312854201067
0.059920772137988437267 12769.7202764859666786
0.0612263210001151303441 12495.7523917337384773
0.0625591358203267666749 12222.3198068416349997
0.0639197860391796379709 11949.5425811794684705
0.0653088529898084996228 11677.5425548052699014
0.0667269301462992819873 11406.4431902235683083
0.0681746233772486803781 11136.3694055075466167
0.0696525512046195227622 10867.4473971021889156
0.0711613450680023129635 10599.8044537417536048
0.0727016495943953039438 10333.568762191622227
0.0742741228736193692672 10068.8692029535723123
0.075879436739484704133 9805.83513811916782288
0.0775182770568293016966 9544.59619174576437217
0.0791913440145524116787 9285.28202098742622184
0.0808993524247680478867 9028.02208107104161172
0.0826430320282056790626 8772.94538366151755326
0.0844231278059896506072 8520.18024749679352681
0.0862404002979298839326 8269.85404510755506635
0.0880956259274596892306 8022.09294393067648343
0.089989597333360066278 7777.02164215625907673
0.0919231237084121438619 7534.76310325805843604
0.0938970311451216010923 7295.4382860333107601
0.0959121629886642845797 7059.1658730693434336
0.0979693801972021938163 6826.06200025641010143
0.100069561709725030063 6596.23998358874996484
0.102213604821573988968 6369.81004909235161904
0.104402425567807918827 6146.87906524236404948
0.106636959114576213015 5927.55027616649749689
0.10891816015866545575 5711.92304259975571767
0.111247003335390129419 5500.09258608577238192
0.11362448363500234072 5292.14973954063862038
0.116051616827798131926 5088.18070870243445825
0.118529439898101496276 4888.26683825191594224
0.121059011487312628841 4692.48439124419201107
0.123641412346208887096 4500.90433961566941434
0.126277745796691570623 4313.59216400489822263
0.128969138203176625357 4130.60767211132679222
0.131716739453830028461 3952.00482699067379144
0.134521723451853286724 3777.83159263062680111
0.137385288617029921454 3608.12979836374506704
0.140308658397745866786 3442.93501522463839137
0.143293081793703647175 3282.27645675749226939
0.14633983388955368321 3126.17689473238533537
0.149450216399668850409 2974.65259449493350985
0.152625558224298546461 2827.71327514012273241
0.155867216017336301936 2685.36208313354791244
0.159176574765945016976 2547.59559404098899904
0.162555048382288847009 2414.40383202202565371
0.166004080307621842971 2285.77030955889222241
0.169525144128993388026 2161.67209499443606546
0.173119744208832831989 2042.07989291146736832
0.1767894163276838293 1926.9581537544929688
0.180535728340361051325 1816.26520065484987754
0.184360280845810187156 1709.9533752096203898
0.188264707870959363545 1607.96921035580248827
0.19225067756885097503 1510.25361288629596856
0.196319892931354045285 1416.7420737879212993
0.200474092516762320004 1327.36489132607584907
0.204715051192587205175 1242.04741025105658991
0.209044580893862963489 1160.71028346867865366
0.213464531397291101822 1083.26973812409733
0.21797679111155024434 1009.63786575876326879
0.222583287884112052124 939.722917462406826417
0.227285989824908274404 873.429611643026646561
0.232086906147198568373 810.659456095321274915
0.236988088025999271702 751.311068814104260127
0.24199162947444216587 695.280517079057176488
0.247099668238433739509 642.461652156006834957
0.252314386709999116665 592.746453205624220573
0.25763801285970300281 546.02537467459887921
0.263072821188541638993 502.187687956843433312
0.268621133699714853549 461.121833270700676621
0.27428532089069546096 422.715758199486458579
0.280067802766015505611 386.857261664652014588
0.285971049871203975012 353.434329174163565312
0.291997584348320460279 322.335459723738665616
0.298149981013530962493 293.44999231643822668
0.304430868457188474885 266.668413152447897119
0.310842930166890851762 241.882663432286818761
0.317388905673990584511 218.986428075506864843
0.324071591724049756778 197.875416054010912603
0.330893843471741277984 178.447629624553258054
0.337858575700703267497 160.603613261655084443
0.344968764068869448991 144.246696054010243415
0.352227446379810626986 129.28320614039762404
0.359637723880624426975 115.622670328420582564
0.367202762586933406652 103.177981813953067558
0.374925794635552755985 91.8655325348095459503
0.382810119665411674461 81.6053078984716790956
0.39085910622731212527 72.3209268112531731276
0.399076193223128927734 63.939640234768383209
0.407464891375071747159 56.392277871226355046
0.416028784725627043262 49.613164922982704752
0.424771532168827681275 43.5400198073977264812
0.4336968690135045712 38.11385004666436771
0.442808608579183471399 33.2788687734843477983
0.452110643825311797617 28.98243187059123116
0.461606949014514156282 25.175008479648049331
0.471301581410581371667 21.810168774729831398
0.481198683011921535257 18.8445817500256076471
0.491302482321216538175 16.2380047796301951735
0.501617296152034541912 13.9532477743596583508
0.512147531473172490379 11.9561082623577341622
0.522897687291520307795 10.2152684072417319072
0.533872356574245809924 8.7021661681633801777
0.545076228211122226774 7.39084348859266349052
0.556514089017843049945 6.25778418795584734369
0.568190825781171304776 5.28174865906113133462
0.580111427346800878624 4.44360901505992345051
0.592280986750826854426 3.72619124010263469415
0.60470470339572601759 3.11412174031252186879
0.617387885271782232977 2.59368280446235388581
0.630335951224910151502 2.15267408080175082219
0.643554433271836923147 1.78028166819548605559
0.657048978963636010064 1.46695443788155999165
0.670825353798626844437 1.20428665321184702464
0.684889443685662735462 0.984908488254982783516
0.699247257458863735735 0.802382472581758099395
0.713904929444873381783 0.651107660762945572586
0.72886872208372743831 0.526230078337867723803
0.744145028604457414723 0.42356014416092557795
0.759740375756580488265 0.339496735809065919298
0.775661426598626801976 0.27095741974155523879
0.791914983344911505014 0.215315244629912611041
0.808507990271753240741 0.170341083831466122422
0.825447536684396632189 0.134151956776308561858
0.842740859945892650806 0.105164456998923322439
0.860395348569233942015 0.0820532967588129269476
0.878418545374076042975 0.063714502504534226146
0.896818150709379646734 0.0492328568077018552396
0.915602025743355363296 0.0378534119336379829002
0.934778195822125734793 0.0289565009832103738285
0.954354853898524146949 0.022036135714261915336
0.974340364032503791769 0.0166812824555267052995
0.994743264964658702176 0.0125598259567040702878
1.01557227376436776112 0.00940487046922163644203
1.03683628955413120742 0.00700310672210030515927
1.05854439731169547301 0.00518502177076042309462
1.08070587175157473148 0.00381666634197280448329
1.10333018128763971077 0.00279281960917928014088
1.12642699207846885834 0.00203131225334467029053
1.15000617215718126118 0.00146836751475142306307
1.17407779564751368895 0.00105478836887553718317
1.19865214706796363586 0.000752861700370743131515
1.22373972572581046769 0.000533864012674315586635
1.24935125020290649367 0.000376059097653235201338
1.27549766293515887128 0.000263108926159631587374
1.30219013488764590036 0.000182814764918716151157
1.32944007032736966067 0.000126131781271779966043
1.35725911169569601888 8.64003254776620063446e-05
1.38565914458254657582 5.87519417346021657358e-05
1.41465230280446929712 3.96536227635988495393e-05
1.44425097358878051779 2.65602813050401170641e-05
1.4744678028659596869 1.76525269744726238312e-05
1.50531570067257502998 1.16395995943682707859e-05
1.53680784666706315988 7.61304267456780959687e-06
1.56895769576068611073 4.93852868950167772313e-06
1.60177898386609340875 3.17676025864741720103e-06
1.63528573376595143252 2.0260329659670509512e-06
1.66949226110412340951 1.28087965627778444358e-06
1.70441318050198220568 8.02592177472169250059e-07
1.7400634118024511654 4.98341737803659833137e-07
1.77645818644446462642 3.0656806646950120131e-07
1.81361305397054373145 1.86815094043327448304e-07
1.85154388867028041332 1.12745593881052068656e-07
1.89026689636258171667 6.73760429632818408013e-08
1.9297986213195466032 3.98604267582291836205e-08
1.97015595333494419883 2.3341151058042091157e-08
2.01135613494032972071 1.35255203767049254934e-08
2.05341676877185186356 7.75438023734436072489e-09
2.09635582509091422665 4.39749727196747866046e-09
2.14019164946191775556 2.46623492614952420229e-09
2.18494297059033426578 1.36752541920360539525e-09
2.2306289083244776883 7.49561281833205282842e-10
2.27726898182440340435 4.06022096991653876336e-10
2.32488311790139645652 2.17297664594879950194e-10
2.37349165953162888343 1.14873722035945007209e-10
2.42311537454763703536 5.9969937115022963451e-11
2.4737754645113012586 3.09090660548492254013e-11
2.52549357377213423703 1.57239613613232196169e-11
2.57829179871476688035 7.89306849543391329229e-12
2.63219269719954818143 3.90859979764983004583e-12
2.68721929820030425162 1.90880836120801182451e-12
2.74339511164340432714 9.19076930523327287675e-13
2.80074413845228820108 4.36169953511036741953e-13
2.85929088080177162823 2.03963402934098858645e-13
2.91906035258652973852 9.39513542270907919382e-14
2.98007809010819180173 4.26163958970401950431e-14
3.04237016298562945593 1.90298362112104896025e-14
3.1059631852931288698 8.36243519197385653514e-15
3.1708843269311537405 3.6152124722133932025e-15
3.23716132523458322012 1.53701660173809456714e-15
3.30482249682341100439 6.42436586512146629648e-16
3.37389674970091490991 2.63888563789658696982e-16
3.44441359560449367194 1.06488729362033900376e-16
3.51640316261447249957 4.21998806133638613171e-17
3.58989620802620956752 1.64164491103180567519e-17
3.66492413149105367154 6.2668100129069940905e-18
3.74151898843172059372 2.34652842852360730052e-18
3.81971350373788576249 8.61516582263737669632e-19
3.8995410857477690314 3.09994477399303897581e-19
3.98103584052172232433 1.09280003304743763552e-19
4.06423258641394813395 3.77236719712899359192e-20
4.1491668689485106114 1.27466913730551932998e-20
4.23587497600602969072 4.21399256632501435271e-21
4.32439395332757392509 1.36236006634590532327e-21
4.41476162034231389697 4.30542635880761844875e-22
4.507016586325735652 1.32928475116911013765e-22
4.60119826689533795161 4.00807909403062983788e-23
4.69734690085081663113 1.17951510472474136912e-23
4.79550356736593563767 3.38645505397070160259e-24
4.89571020353948593851 9.47996164741870009724e-25
4.99800962231275924808 2.58623049416381026939e-25
5.10244553076121754032 6.8724542041707627765e-26
5.20906254876821162014 1.77768141895757868839e-26
5.31790622808866420002 4.4742967051099840393e-27
5.42902307181088694676 1.09491847258685632916e-27
5.54246055422489103393 2.60418815196529234393e-28
5.65826714110560313742 6.01516080168138565531e-29
5.77649231041968391764 1.34868566687640145578e-29
5.89718657346485208848 2.93333777332844565177e-30
6.02040149645064470718 6.18449336408953415234e-31
6.14618972252989070881 1.26338991332499223937e-31
6.27460499429034612717 2.4982725347159377337e-32
6.40570217671601493947 4.78073454898295333663e-33
6.53953728062801253884 8.84321032123977080322e-34
6.67616748661502157347 1.58075593339058499883e-34
6.81565116946349380811 2.72776280712211174688e-35
6.95804792309805630879 4.54141000086665312384e-36
7.10341858604284492884 7.2897605117167131415e-37
7.2518252674145324832 1.1269752293437101065e-37
7.40333137345825065267 1.67760901591964453249e-38
7.55800163463766061511 2.40088797455287103326e-39
7.71590213329086083149 3.30353641386436490122e-40
7.87710033186382396764 4.36300970956588991351e-41
8.04166510173346971158 5.53008641249675682721e-42
8.2096667526327653519 6.71824455836361700493e-43
8.38117706269029660859 7.81615098696368364916e-44
8.55626930909724059404 8.70438566709317061738e-45
8.73501829941473850738 9.26160555108733969731e-46
8.91750040353525896819 9.41919802054831543292e-47
9.10379358631131019308 9.13273710717867167825e-48
9.29397744086567456634 8.44805518347135980044e-49
9.48813322259729297059 7.43705085067231142038e-50
9.68634388389737566172 0
9.88869410959045502807 0
10.0952703531157901296 0
10.3061608734642344842 0
10.5214557728866004993 0
10.7412470353895450614 0
10.9656285660354075873 0
11.1946962310628581605 0
11.4285478988453323979 0
11.6672834817050752321 0
11.9110049786002676342 0
12.1598165187037405843 0
12.4138244058918125745 0
12.6731371641622807545 0
12.9378655840008232047 0
13.2081227697160095147 0
13.4840241877626194622 0
13.7656877160743214006 0
14.0532336944266091905 0
14.3467849758515928471 0
14.6464669791264263665 0
14.9524077423582006929 0
15.2647379776876856994 0
15.5835911271356710728 0
15.9091034196156098091 0
16.2414139291369821194 0
16.5806646342240711078 0
16.9270004785759837773 0
17.2805694329932180153 0
17.6415225585977140099 0
18.0100140713732095321 0
18.3862014080535018934 0
18.7702452933866510421 0
19.1623098088042382869 0
19.5625624625244824983 0
19.9711742611195930408 0
20.3883197825777138235 0
20.8141772508908360351 0
21.2489286122002170032 0
21.6927596125324733123 0
22.1458598771587951148 0
22.608422991611707431 0
23.0806465843938433125 0
23.5627324114140392908 0
24.0548864421868913155 0
24.5573189478323570256 0
25.0702445909136244495 0
25.5938825171507779999 0
26.1284564490501196588 0
26.6741947814888149537 0
27.2313306792958798042 0
27.8001021768708618254 0
28.3807522798835094591 0
28.9735290690969158334 0
29.5786858063592177359 0
30.1964810428088696881 0
30.8271787293397423468 0
31.4710483293730689525 0
32.1283649339850541082 0
32.7994093794384085072 0
33.4844683671686880189 0
34.1838345862765464744 0
34.8978068385781696747 0
35.6266901662671173767 0
36.3707959822428747998 0
37.1304422031607401777 0
37.905953385260694688 0
38.697660863032872669 0
39.5059028907792395557 0
40.3310247871312412826 0
41.1733790825864574003 0
42.03332567012575538 0
42.9112319589763799854 0
43.8074730315863263286 0
44.7224318038770718431 0
45.6564991888428082234 0
46.6100742635670854952 0
47.5835644397268922035 0
48.5773856376579260541 0
49.5919624640551219841 0
50.6277283933844373109 0
51.6851259530833928579 0
52.7646069126290697682 0
53.8666324765555728504 0
54.9916734815017349547 0
56.1402105973745761958 0
57.3127345327138186803 0
58.5097462443455711423 0
59.7317571514139871169 0
60.9792893538839422263 0
62.2528758556060850538 0
63.5530607920409167377 0
64.8803996627388954721 0
66.235459568675807418 0
67.6188194545441660921 0
69.0310703561061558275 0
70.4728156527110769503 0
71.9446713250872988965 0
73.4472662185178108984 0
74.9812423115124744299 0
76.5472549900904652986 0
78.1459733277925749917 0
