0.00000000000000000 0.00004157329156399 -0.00023969678163269
0.00005412326716949 0.00143783996516395 -0.00825647164665190
0.00010937688095171 0.00248734295885643 -0.01428289124367047
0.00016578444826347 0.00347396621055337 -0.01994830738709438
0.00022337006904424 0.00443994390507230 -0.02549518319988893
0.00028215834655281 0.00540147841581759 -0.03101655018414479
0.00034217439787892 0.00636669615237550 -0.03655907017079848
0.00040344386467445 0.00734034482009816 -0.04215000468368645
0.00046599292410876 0.00832550209681287 -0.04780702592026589
0.00052984830005274 0.00932432657307131 -0.05354252863393170
0.00059503727449656 0.01033843150027431 -0.05936577620592411
0.00066158769920574 0.01136908810657497 -0.06528406809514364
0.00072952800762076 0.01241734389879363 -0.07130341913446883
0.00079888722700516 0.01348409524781455 -0.07742897632027465
0.00086969499084730 0.01457013388108184 -0.08366528577480943
0.00094198155152118 0.01567617775071497 -0.09001646999228154
0.00101577779321170 0.01680289216068019 -0.09648634915173504
0.00109111524510977 0.01795090461177059 -0.10307852635711444
0.00116802609488307 0.01912081547570401 -0.10979644892780259
0.00124654320242812 0.02031320582884993 -0.11664345337952027
0.00132670011390957 0.02152864330860147 -0.12362279905108220
0.00140853107609267 0.02276768656530665 -0.13073769366671883
0.00149207105097507 0.02403088869934674 -0.13799131307099696
0.00157735573072424 0.02531879995326071 -0.14538681668611511
0.00166442155292681 0.02663196984921113 -0.15292735978425487
0.00175330571615643 0.02797094890737740 -0.16061610335352439
0.00184404619586667 0.02933629004525387 -0.16845622213156916
0.00193668176061599 0.03072854972999359 -0.17645091122107720
0.00203125198863138 0.03214828893839748 -0.18460339160068898
0.00212779728471811 0.03359607396553028 -0.19291691476662423
0.00222635889752248 0.03507247711304977 -0.20139476668351766
0.00232697893715518 0.03657807728118996 -0.21004027118192600
0.00242970039318273 0.03811346048297651 -0.21885679290917670
0.00253456715299454 0.03967922029517829 -0.22784773991683266
0.00264162402055374 0.04127595825725479 -0.23701656594941811
0.00275091673553946 0.04290428422748951 -0.24636677248716748
0.00286249199288895 0.04456481670347827 -0.25590191058395345
0.00297639746274789 0.04625818311248620 -0.26562558253204316
0.00309268181083721 0.04798502007665122 -0.27554144338225611
0.00321139471924543 0.04974597365649442 -0.28565320233938257
0.00333258690765511 0.05154169957578501 -0.29596462405035145
0.00345631015501269 0.05337286343037299 -0.30647952980013826
0.00358261732165084 0.05524014088278666 -0.31720179862572168
0.00371156237187290 0.05714421784427839 -0.32813536835773960
0.00384320039700888 0.05908579064562444 -0.33928423659732898
0.00397758763895312 0.06106556619771879 -0.35065246163410474
0.00411478151419335 0.06308426214279794 -0.36224416331006676
0.00425484063834179 0.06514260699695962 -0.37406352383322528
0.00439782485117839 0.06724134028449134 -0.38611478854388898
0.00454379524221720 0.06938121266440338 -0.39840226663585815
0.00469281417680668 0.07156298604945170 -0.41093033183414690
0.00484494532277503 0.07378743371784725 -0.42370342303033498
0.00500025367763208 0.07605534041776572 -0.43672604487618455
0.00515880559633927 0.07836750246468120 -0.45000276833563063
0.00532066881965953 0.08072472783155335 -0.46353823119528481
0.00548591250309934 0.08312783623180411 -0.47733713853306409
0.00565460724645517 0.08557765919488870 -0.49140426314378671
0.00582682512397695 0.08807504013437278 -0.50574444592120238
0.00600263971516163 0.09062083440836040 -0.52036259619552605
0.00618212613618971 0.09321590937185527 -0.53526369202404878
0.00636536107201837 0.09586114442104168 -0.55045278043470403
0.00655242280914489 0.09855743102892255 -0.56593497761932232
0.00674339126905425 0.10130567277220842 -0.58171546907591865
0.00693834804236536 0.10410678534889642 -0.59779950969675022
0.00713737642369028 0.10696169658634501 -0.61419242380098271
0.00734056144722168 0.10987134643921119 -0.63089960510826959
0.00754798992306329 0.11283668697704667 -0.64792651665203227
0.00775975047431932 0.11585868236084935 -0.66527869062833800
0.00797593357495827 0.11893830880824934 -0.68296172817847700
0.00819663158846774 0.12207655454674909 -0.70098129910183415
0.00842193880731633 0.12527441975441786 -0.71934314149555645
0.00865195149323977 0.12853291648757545 -0.73805306131826198
0.00888676791836849 0.13185306859481236 -0.75711693187397566
0.00912648840721397 0.13523591161671278 -0.77654069321256347
0.00937121537953210 0.13868249267066671 -0.79633035144306319
0.00962105339408162 0.14219387032011779 -0.81649197795607154
0.00987610919329654 0.14577111442751581 -0.83703170855088416
0.01013649174889146 0.14941530599027278 -0.85795574246327422
0.01040231230841932 0.15312753695897760 -0.87927034128951798
0.01067368444280161 0.15690891003711110 -0.90098182780219838
0.01095072409485109 0.16076053846146005 -0.92309658465307587
0.01123354962880801 0.16468354576240504 -0.94562105295815013
0.01152228188091079 0.16867906550324699 -0.96856173075999175
0.01181704421102290 0.17274824099769381 -0.99192517136215308
0.01211796255533792 0.17689222500461807 -1.01571798153040760
0.01242516548018540 0.18111217939915883 -1.03994681955533408
0.01273878423696032 0.18540927481921923 -1.06461839317063411
0.01305895281819983 0.18978469028639050 -1.08973945732144251
0.01338580801483110 0.19423961280029600 -1.11531681177666497
0.01371948947461478 0.19877523690533369 -1.14135729857927459
0.01406013976180901 0.20339276422876543 -1.16786779932833307
0.01440790441807949 0.20809340298907614 -1.19485523228631596
0.01476293202468173 0.21287836747350075 -1.22232654930520357
0.01512537426594180 0.21774887748359553 -1.25028873256462103
0.01549538599406299 0.22270615774770017 -1.27874879111516027
0.01587312529528585 0.22775143729911904 -1.30771375721987759
0.01625875355743002 0.23288594881882355 -1.33719068248680495
0.01665243553884663 0.23811092794145738 -1.36718663378516636
0.01705433943881067 0.24342761252339953 -1.39770868893784672
0.01746463696938363 0.24883724187163050 -1.42876393218255981
0.01788350342877688 0.25434105593211048 -1.46035944939395623
0.01831111777624718 0.25994029443637884 -1.49250232305886943
0.01874766270855646 0.26563619600505173 -1.52519962699673295
0.01919332473802835 0.27142999720688404 -1.55845842081707597
0.01964829427223494 0.27732293157205262 -1.59228574410595503
0.02011276569534779 0.28331622855829541 -1.62668861033302692
0.02058693745118785 0.28941111246853563 -1.66167400047089830
0.02107101212800992 0.29560880131861234 -1.69724885631833677
0.02156519654505782 0.30191050565373045 -1.73342007351883498
0.02206970184092715 0.30831742731223166 -1.77019449426594222
0.02258474356377355 0.31483075813529726 -1.80757889968679364
0.02311054176340495 0.32145167862120078 -1.84558000189527682
0.02364732108529703 0.32818135652270380 -1.88420443570611074
0.02419531086657223 0.33502094538622362 -1.92345875000127009
0.02475474523398335 0.34197158303139641 -1.96334939874014469
0.02532586320394326 0.34903438996967490 -2.00388273160484198
0.02590890878464391 0.35621046776061116 -2.04506498427212158
0.02650413108030806 0.36350089730453927 -2.08690226830372216
0.02711178439761805 0.37090673707034161 -2.12940056064666061
0.02773212835436757 0.37842902125703043 -2.17256569273531364
0.02836542799038248 0.38606875788792261 -2.21640333918730059
0.02901195388075807 0.39382692683618936 -2.26091900608517760
0.02967198225146146 0.40170447778071389 -2.30611801883675005
0.03034579509734807 0.40970232809112189 -2.35200550960639898
0.03103368030264305 0.41782136064094311 -2.39858640431029269
0.03173593176393882 0.42606242154791224 -2.44586540916858297
0.03245284951576132 0.43442631784051589 -2.49384699680821731
0.03318473985875876 0.44291381505006766 -2.54253539191088818
0.03393191549056759 0.45152563472744900 -2.59193455639985482
0.03469469563941134 0.46026245188386244 -2.64204817416041227
0.03547340620048992 0.46912489235500654 -2.69287963528918306
0.03626837987521721 0.47811353008845164 -2.74443201986933083
0.03707995631336651 0.48722888435368950 -2.79670808126709325
0.03790848225818478 0.49647141687460061 -2.84971022894649773
0.03875431169453759 0.50584152888425449 -2.90344051080001675
0.03961780600014781 0.51533955810242771 -2.95790059499547642
0.04049933409999303 0.52496577563573377 -3.01309175133676721
0.04139927262392760 0.53472038280059453 -3.06901483213777171
0.04231800606759627 0.54460350786987610 -3.12567025261206499
0.04325592695670878 0.55461520274407283 -3.18305797078137775
0.04421343601474506 0.56475543954749163 -3.24117746690324893
0.04519094233416289 0.57502410715039909 -3.30002772242117892
0.04618886355118145 0.58542100761930971 -3.35960719844724576
0.04720762602421474 0.59594585259636212 -3.41991381378028958
0.04824766501603182 0.60659825960905966 -3.48094492246458964
0.04930942487972149 0.61737774831317871 -3.54269729090235330
0.05039335924854037 0.62828373667130677 -3.60516707453142304
0.05149993122972624 0.63931553706839317 -3.66834979407362383
0.05262961360235921 0.65047235236752898 -3.73224031136927215
0.05378288901935464 0.66175327191036659 -3.79683280481998331
0.05496025021367514 0.67315726746377902 -3.86212074444631526
0.05616220020884904 0.68468318911636750 -3.92809686657790413
0.05738925253388537 0.69632976113121248 -3.99475314820917049
0.05864193144267742 0.70809557775703202 -4.06208078103025194
0.05992077213798844 0.71997909900169421 -4.13007014515262849
0.06122632100011513 0.73197864637657373 -4.19871078257417540
0.06255913582032677 0.74409239861464416 -4.26799137039734067
0.06391978603917964 0.75631838736662460 -4.33789969382197693
0.06530885298980850 0.76865449288608811 -4.40842261897108578
0.06672693014629928 0.78109843970693438 -4.47954606556602108
0.06817462337724868 0.79364779231818117 -4.55125497947638102
0.06965255120461952 0.80629995084986861 -4.62353330521893646
0.07116134506800231 0.81905214677332328 -4.69636395842149312
0.07270164959439530 0.83190143862209631 -4.76972879828463814
0.07427412287361937 0.84484470775061993 -4.84360860013401773
0.07587943673948470 0.85787865413258235 -4.91798302807236798
0.07751827705682930 0.87099979220826840 -4.99283060778091503
0.07919134401455241 0.88420444680074306 -5.06812869957882572
0.08089935242476805 0.89748874910056586 -5.14385347173759122
0.08264303202820568 0.91084863273391725 -5.21997987413163411
0.08442312780598965 0.92427982993469537 -5.29648161233826453
0.08624040029792988 0.93777786781792016 -5.37333112217132314
0.08809562592745969 0.95133806477847693 -5.45049954478133980
0.08998959733336007 0.96495552703175935 -5.52795670241394266
0.09192312370841214 0.97862514529393807 -5.60567107481373039
0.09389703114512160 0.99234159163746583 -5.68360977647182963
0.09591216298866428 1.00609931652776252 -5.76173853475079500
0.09796938019720219 1.01989254604679713 -5.84002166891961050
0.10006956170972503 1.03371527934760254 -5.91842207034511869
0.10221360482157399 1.04756128633039092 -5.99690118378981829
0.10440242556780792 1.06142410556696354 -6.07541898996695995
0.10663695911457621 1.07529704251069669 -6.15393398956321125
0.10891816015866546 1.08917316797512886 -6.23240318863800358
0.11124700333539013 1.10304531693632923 -6.31078208571072974
0.11362448363500234 1.11690608766909727 -6.38902466059651442
0.11605161682779813 1.13074784121485594 -6.46708336498432690
0.11852943989810150 1.14456270125378867 -6.54490911516731622
0.12105901148731263 1.15834255435360345 -6.62245128677907857
0.12364141234620889 1.17207905064016926 -6.69965771179548142
0.12627774579669157 1.18576360493673216 -6.77647467807108406
0.12896913820317663 1.19938739833567976 -6.85284693121944155
0.13171673945383003 1.21294138029900189 -6.92871767938341776
0.13452172345185329 1.22641627126672170 -7.00402860079214218
0.13738528861702992 1.23980256579047099 -7.07871985421318772
0.14030865839774587 1.25309053628211897 -7.15273009281482164
0.14329308179370365 1.26627023730633059 -7.22599648105764292
0.14633983388955368 1.27933151052579341 -7.29845471523762424
0.14945021639966885 1.29226399029200278 -7.37003904765893481
0.15262555822429855 1.30505710985932577 -7.44068231433130567
0.15586721601733630 1.31770010835400564 -7.51031596694592452
0.15917657476594502 1.33018203838545834 -7.57887010852388343
0.16255504838228885 1.34249177441552381 -7.64627353340464033
0.16600408030762184 1.35461802188417790 -7.71245377159092449
0.16952514412899339 1.36654932702183296 -7.77733713708604402
0.17311974420883283 1.37827408751617897 -7.84084878118779649
0.17678941632768383 1.38978056386127591 -7.90291274980688385
0.18053572834036105 1.40105689151425516 -7.96345204553957942
0.18436028084581019 1.41209109383972153 -8.02238869441614177
0.18826470787095936 1.42287109572089698 -8.07964381668357490
0.19225067756885098 1.43338473803534261 -8.13513770276384562
0.19631989293135405 1.44361979273573038 -8.18878989297629900
0.20047409251676232 1.45356397869131126 -8.24051926193450157
0.20471505119258721 1.46320497821471918 -8.29024410724045246
0.20904458089386296 1.47253045412252836 -8.33788224167437342
0.21346453139729110 1.48152806755650723 -8.38335109020009028
0.21797679111155024 1.49018549620708840 -8.42656778983322496
0.22258328788411205 1.49849045318660501 -8.46744929381518752
0.22728598982490827 1.50643070639328625 -8.50591247926485039
0.23208690614719857 1.51399409827713560 -8.54187425787433696
0.23698808802599927 1.52116856628812891 -8.57525169129223919
0.24199162947444217 1.52794216361829727 -8.60596210908798298
0.24709966823843374 1.53430308071686228 -8.63392323206269552
0.25231438670999912 1.54023966737183660 -8.65905329982478378
0.25763801285970300 1.54574045556981954 -8.68127120389441664
0.26307282118854164 1.55079418354884102 -8.70049662874288288
0.26862113369971485 1.55538982087525546 -8.71665019987790934
0.27428532089069546 1.55951659548684041 -8.72965364432614876
0.28006780276601551 1.56316402263236287 -8.73942996314618625
0.28597104987120398 1.56632193661907926 -8.74590362109846531
0.29199758434832046 1.56898052603991078 -8.74900075721077997
0.29814998101353096 1.57113037295470703 -8.74864941880086633
0.30443086845718847 1.57276249750098196 -8.74477982710867430
0.31084293016689085 1.57386840809777162 -8.73732467519249489
0.31738890567399058 1.57444015867704268 -8.72621946585194586
0.32407159172404976 1.57447041301362756 -8.71140288955962383
0.33089384347174128 1.57395251605804298 -8.69281724140488521
0.33785857570070327 1.57288057146521210 -8.67040887212018951
0.34496876406886945 1.57124952192976930 -8.64412865378455031
0.35222744637981063 1.56905522828968524 -8.61393243764393013
0.35963772388062443 1.56629453914494454 -8.57978145821531513
0.36720276258693341 1.56296534123598385 -8.54164263044673078
0.37492579463555276 1.55906657796146098 -8.49948867170864908
0.38281011966541167 1.55459822233528122 -8.45329797554858864
0.39085910622731213 1.54956119379586177 -8.40305418295374018
0.39907619322312893 1.54395721158825627 -8.34874541560929551
0.40746489137507175 1.53778858895973736 -8.29036320012549588
0.41602878472562704 1.53105798182942632 -8.22790116274503625
0.42477153216882768 1.52376811912283872 -8.16135364678031650
0.43369686901350457 1.51592155152278707 -8.09071445410939916
0.44280860857918347 1.50752045737531604 -8.01597591858456759
0.45211064382531180 1.49856654393035216 -7.93712851253794405
0.46160694901451416 1.48906106500626922 -7.85416109041071753
0.47130158141058137 1.47900496091865197 -7.76706179014634035
0.48119868301192154 1.46839910036237509 -7.67581947188539893
0.49130248232121654 1.45724458647821065 -7.58042548332886046
0.50161729615203454 1.44554307926097425 -7.48087549245151617
0.51214753147317249 1.43329708797626321 -7.37717114119044126
0.52289768729152031 1.42051020266128880 -7.26932136146671493
0.53387235657424581 1.40718724982707943 -7.15734328087758254
0.54507622821112223 1.39333437604567911 -7.04126274526898044
0.55651408901784305 1.37895907258183636 -6.92111453279520372
0.56819082578117130 1.36407015873064075 -6.79694235588475060
0.58011142734680088 1.34867774107688287 -6.66879874364022296
0.59228098675082685 1.33279316060229558 -6.53674486618072503
0.60470470339572602 1.31642893750880474 -6.40085035310058625
0.61738788527178223 1.29959871701747365 -6.26119312042583243
0.63033595122491015 1.28231721906875373 -6.11785922129664517
0.64355443327183692 1.26460019121899925 -5.97094271507493968
0.65704897896363601 1.24646436355964396 -5.82054554803095936
0.67082535379862684 1.22792740498345787 -5.66677744267770223
0.68488944368566274 1.20900787779274554 -5.50975577861630672
0.69924725745886374 1.18972519120453724 -5.34960547009457610
0.71390492944487338 1.17009955086256889 -5.18645882374563616
0.72886872208372744 1.15015190526697730 -5.02045538358338028
0.74414502860445741 1.12990388794035979 -4.85174175689363008
0.75974037575658049 1.10937775535995908 -4.68047142191589227
0.77566142659862680 1.08859632171793885 -4.50680452457613168
0.79191498334491151 1.06758288932755474 -4.33090765685954349
0.80850799027175324 1.04636117722565358 -4.15295363316507693
0.82544753668439663 1.02495524644631542 -3.97312125457388277
0.84274085994589265 1.00338942436378775 -3.79159507612910351
0.86039534856923394 0.98168822760660279 -3.60856517340339078
0.87841854537407604 0.95987628443676165 -3.42422691347627683
0.89681815070937965 0.93797825778909349 -3.23878073749622963
0.91560202574335536 0.91601876816784100 -3.05243194856633560
0.93477819582212573 0.89402231878678717 -2.86539051992110982
0.95435485389852415 0.87201322143174120 -2.67787091204697436
0.97434036403250379 0.85001552527167112 -2.49009191254118045
0.99474326496465870 0.82805294776733118 -2.30227649155376701
1.01557227376436776 0.80614880859488425 -2.11465167743393234
1.03683628955413121 0.78432596709869273 -1.92744845455928449
1.05854439731169547 0.76260676271923877 -1.74090167720505118
1.08070587175157473 0.74101295992753602 -1.55525000844695671
1.10333018128763971 0.71956569640199930 -1.37073587212764436
1.12642699207846886 0.69828543598737547 -1.18760542674533953
1.15000617215718126 0.67719192549828799 -1.00610855097807850
1.17407779564751369 0.65630415607410830 -0.82649884286792541
1.19865214706796364 0.63564032897322253 -0.64903362839345036
1.22373972572581047 0.61521782558142435 -0.47397397288109261
1.24935125020290649 0.59505318210527081 -0.30158469592581544
1.27549766293515887 0.57516206828083638 -0.13213437781868839
1.30219013488764590 0.55555927057664523 0.03410464149759178
1.32944007032736966 0.53625867931656179 0.19685628339193256
1.35725911169569602 0.51727327985540739 0.35584077452392743
1.38565914458254658 0.49861514746121599 0.51077472355348863
1.41465230280446930 0.48029544581200012 0.66137123909648154
1.44425097358878052 0.46232442873000146 0.80734009611642654
1.47446780286595969 0.44471144516329503 0.94838796299162798
1.50531570067257503 0.42746494678365288 1.08421869606857912
1.53680784666706316 0.41059249838340739 1.21453371493913709
1.56895769576068611 0.39410079038273538 1.33903246693430700
1.60177898386609341 0.37799565343903296 1.45741299319822559
1.63528573376595143 0.36228207488773062 1.56937260704743720
1.66949226110412341 0.34696421641638353 1.67460869583074978
1.70441318050198221 0.33204543346465926 1.77281965841624500
1.74006341180245117 0.31752829504146907 1.86370598894338135
1.77645818644446463 0.30341460505935253 1.94697151928817158
1.81361305397054373 0.28970542372686575 2.02232483091836146
1.85154388867028041 0.27640108992622320 2.08948084814419444
1.89026689636258172 0.26350124387799284 2.14816262376547762
1.92979862131954660 0.25100485004210032 2.19810332836271138
1.97015595333494420 0.23891022090699948 2.23904845447276957
2.01135613494032972 0.22721504040624202 2.27075824596153275
2.05341676877185186 0.21591638876420699 2.29301036352381926
2.09635582509091423 0.20501076690988124 2.30560279527421308
2.14019164946191776 0.19449412238517882 2.30835702164511591
2.18494297059033427 0.18436187546008145 2.30112144107693073
2.23062890832447769 0.17460894627728069 2.28377506143177245
2.27726898182440340 0.16522978320685403 2.25623145851480045
2.32488311790139646 0.15621839153995482 2.21844299859340488
2.37349165953162888 0.14756836419652578 2.17040531645093537
2.42311537454763704 0.13927291227943231 2.11216203288693682
2.47377546451130126 0.13132489769789729 2.04380968666428409
2.52549357377213424 0.12371686565805645 1.96550284542202158
2.57829179871476688 0.11644107837319521 1.87745934679729309
2.63219269719954818 0.10948954904170284 1.77996560649246649
2.68721929820030425 0.10285407565876370 1.67338191497698996
2.74339511164340433 0.09652627544954052 1.55814762199583567
2.80074413845228820 0.09049761780808173 1.43478609737029883
2.85929088080177163 0.08475945770946315 1.30390932192503550
2.91906035258652974 0.07930306690472737 1.16622196026080704
2.98007809010819180 0.07411966472066103 1.02252472462270294
3.04237016298562946 0.06920044667981923 0.87371683826759772
3.10596318529312887 0.06453661140858073 0.72079737723842996
3.17088432693115374 0.06011938583388329 0.56486524826127860
3.23716132523458322 0.05594004746917276 0.40711757660272141
3.30482249682341100 0.05198994542148652 0.24884621321168723
3.37389674970091491 0.04826051793301697 0.09143215423885212
3.44441359560449367 0.04474330866511052 -0.06366243539720580
3.51640316261447250 0.04142997986368432 -0.21490477560713750
3.58989620802620957 0.03831232387871226 -0.36070485803215557
3.66492413149105367 0.03538227256207936 -0.49943183046678941
3.74151898843172059 0.03263190458663452 -0.62943349169383211
3.81971350373788576 0.03005345179461043 -0.74905904059511519
3.89954108574776903 0.02763930337877978 -0.85668497472427863
3.98103584052172232 0.02538200992685153 -0.95074420664638326
4.06423258641394813 0.02327428577699284 -1.02975805899274131
4.14916686894851061 0.02130901150763986 -1.09237099996286280
4.23587497600602969 0.01947923566644192 -1.13738758729188194
4.32439395332757393 0.01777817646329779 -1.16381111017429495
4.41476162034231390 0.01619922367443169 -1.17088323848195031
4.50701658632573565 0.01473594020855148 -1.15812368383190178
4.60119826689533795 0.01338206451186924 -1.12536898626463522
4.69734690085081663 0.01213151247848292 -1.07280895346572258
4.79550356736593564 0.01097838025498938 -1.00101955281552102
4.89571020353948594 0.00991694667637104 -0.91099044202324786
4.99800962231275925 0.00894167614220629 -0.80414552100141101
5.10244553076121754 0.00804722140946768 -0.68235453019716952
5.20906254876821162 0.00722842616755766 -0.54793373670374723
5.31790622808866420 0.00648032775476864 -0.40363373667058683
5.42902307181088695 0.00579815911132224 -0.25261241077484464
5.54246055422489103 0.00517735086579159 -0.09839127961131006
5.65826714110560314 0.00461353243495562 0.05520617639118635
5.77649231041968392 0.00410253297184800 0.20413532645644811
5.89718657346485209 0.00364038143524394 0.34423066900718535
6.02040149645064471 0.00322330608590603 0.47132522732586518
6.14618972252989071 0.00284773336720615 0.58138779158083909
6.27460499429034613 0.00251028586721235 0.67067521585685907
6.40570217671601494 0.00220777989468756 0.73589636255451196
6.53953728062801254 0.00193722201677864 0.77438171180088566
6.67616748661502157 0.00169580528596010 0.78425248542638126
6.81565116946349381 0.00148090457572986 0.76458011397449466
6.95804792309805631 0.00129007153567737 0.71552676182662711
7.10341858604284493 0.00112102896401135 0.63845551534920031
7.25182526741453248 0.00097166470016134 0.53599846471229240
7.40333137345825065 0.00084002525330806 0.41207094602908839
7.55800163463766062 0.00072430893128782 0.27182021373520665
7.71590213329086083 0.00062285892554382 0.12149936657456949
7.87710033186382397 0.00053415600721518 -0.03174065050227914
8.04166510173346971 0.00045681126655763 -0.18014337586003737
8.20966675263276535 0.00038955867795983 -0.31572065272513455
8.38117706269029661 0.00033124771175502 -0.43069814389645483
8.55626930909724059 0.00028083600236348 -0.51801512418861873
8.73501829941473851 0.00023738206001599 -0.57185167847340634
8.91750040353525897 0.00020003821338183 -0.58814967254976491
9.10379358631131019 0.00016804363214227 -0.56508319608651658
9.29397744086567457 0.00014071766694870 -0.50343214098936229
9.48813322259729297 0.00011745335272955 -0.40680578664500111
9.68634388389737566 0.00009771124097250 -0.28166893555239159
9.88869410959045503 0.00008101349384532 -0.13712782923313560
10.09527035311579013 0.00006693828610525 0.01555081621179457
10.30616087346423448 0.00005511454324958 0.16369372503645474
10.52145577288660050 0.00004521696788948 0.29422499953021269
10.74124703538954506 0.00003696143310788 0.39486481969950343
10.96562856603540759 0.00003010065958804 0.45542872780605470
11.19469623106285816 0.00002442024795382 0.46910253504583294
11.42854789884533240 0.00001973500104932 0.43353541640633275
11.66728348170507523 0.00001588556455402 0.35158365469881803
11.91100497860026763 0.00001273535900490 0.23154047087189078
12.15981651870374058 0.00001016778806495 0.08671922210133418
12.41382440589181257 0.00000808372518889 -0.06568050164605924
12.67313716416228075 0.00000639923963341 -0.20640708260343482
12.93786558400082320 0.00000504357272126 -0.31656065103048292
13.20812276971600951 0.00000395732378569 -0.38031172555756465
13.48402418776261946 0.00000309084884002 -0.38756874079054315
13.76568771607432140 0.00000240284307019 -0.33614321640627021
14.05323369442660919 0.00000185909726924 -0.23294415510548436
14.34678497585159285 0.00000143141212600 -0.09379787799011265
14.64646697912642637 0.00000109665190086 0.05834838739868344
14.95240774235820069 0.00000083592896621 0.19681305292329390
15.26473797768768570 0.00000063389908480 0.29579973997527581
15.58359112713567107 0.00000047816082333 0.33554123855319146
15.90910341961560981 0.00000035874241882 0.30696422576994975
16.24141392913698212 0.00000026766842061 0.21474477263017047
16.58066463422407111 0.00000019859440899 0.07772615529956206
16.92700047857598378 0.00000014650110286 -0.07392074537172751
17.28056943299321802 0.00000010744013804 -0.20472560783971394
17.64152255859771401 0.00000007832316397 -0.28219558178264209
18.01001407137320953 0.00000005674890435 -0.28555262858593322
18.38620140805350189 0.00000004086131070 -0.21256015205599160
18.77024529338665104 0.00000002923464258 -0.08208635546819862
19.16230980880423829 0.00000002078048638 0.06921939316973517
19.56256246252448250 0.00000001467326419 0.19623072042355499
19.97117426111959304 0.00000001029083238 0.25875717627952988
20.38831978257771382 0.00000000716744927 0.23529295035579320
20.81417725089083604 0.00000000495685646 0.13231932033624783
21.24892861220021700 0.00000000340338155 -0.01514265804397696
21.69275961253247331 0.00000000231959453 -0.15361119444096016
22.14585987715879511 0.00000000156907284 -0.22992656913095325
22.60842299161170743 0.00000000105325901 -0.21265157960612346
23.08064658439384331 0.00000000070148496 -0.10741996609923997
23.56273241141403929 0.00000000046346902 0.04177357975751787
24.05488644218689132 0.00000000030371752 0.16862612430603288
24.55731894783235703 0.00000000019737418 0.21350512113727624
25.07024459091362445 0.00000000012717656 0.15332225863229987
25.59388251715077800 0.00000000008123467 0.01691584393877467
26.12845644905011966 0.00000000005142980 -0.12507809200276360
26.67419478148881495 0.00000000003226606 -0.19502219603085755
27.23133067929587980 0.00000000002005635 -0.15205478938707864
27.80010217687086183 0.00000000001234950 -0.02001425719396905
28.38075227988350946 0.00000000000753096 0.12104515057726305
28.97352906909691583 0.00000000000454746 0.18095055383191605
29.57868580635921774 0.00000000000271841 0.11875524773315126
30.19648104280886969 0.00000000000160840 -0.02408557208329270
30.82717872933974235 0.00000000000094171 -0.14587086304312849
31.47104832937306895 0.00000000000054549 -0.15532925937875613
32.12836493398505411 0.00000000000031254 -0.04379069649323233
32.79940937943840851 0.00000000000017708 0.10012368852406429
33.48446836716868802 0.00000000000009919 0.15613691025914211
34.18383458627654647 0.00000000000005492 0.07454948538016069
34.89780683857816967 0.00000000000003005 -0.07224208288469709
35.62669016626711738 0.00000000000001624 -0.14702859783135336
36.37079598224287480 0.00000000000000867 -0.07625382115142575
37.13044220316074018 0.00000000000000457 0.06970519484541197
37.90595338526069469 0.00000000000000238 0.13814915932379532
38.69766086303287267 0.00000000000000122 0.05391872019533366
39.50590289077923956 0.00000000000000062 -0.08878394217145899
40.33102478713124128 0.00000000000000031 -0.12296360791094869
41.17337908258645740 0.00000000000000015 -0.00645736410147476
42.03332567012575538 0.00000000000000007 0.11453299064326275
42.91123195897637999 0.00000000000000004 0.08188640315000642
43.80747303158632633 0.00000000000000002 -0.06066008053415393
44.72243180387707184 0.00000000000000001 -0.11333025035332216
45.65649918884280822 0.00000000000000000 0.00056718453737726
46.61007426356708550 0.00000000000000000 0.10969783131398080
47.58356443972689220 0.00000000000000000 0.04402644502369351
48.57738563765792605 0.00000000000000000 -0.09030153898661065
49.59196246405512198 0.00000000000000000 -0.06904013282043703
50.62772839338443731 0.00000000000000000 0.07055549925336835
51.68512595308339286 0.00000000000000000 0.07894034772652091
52.76460691262906977 0.00000000000000000 -0.05853216354781179
53.86663247655557285 0.00000000000000000 -0.07900261427918961
54.99167348150173495 0.00000000000000000 0.05673843034499530
56.14021059737457620 0.00000000000000000 0.07154500150537560
57.31273453271381868 0.00000000000000000 -0.06413477497144665
58.50974624434557114 0.00000000000000000 -0.05519268572953482
59.73175715141398712 0.00000000000000000 0.07620879162354631
60.97928935388394223 0.00000000000000000 0.02653015653771785
62.25287585560608505 0.00000000000000000 -0.08334896854588256
63.55306079204091674 0.00000000000000000 0.01496108362776342
64.88039966273889547 0.00000000000000000 0.07066134579499593
66.23545956867580742 0.00000000000000000 -0.05823433427167155
67.61881945454416609 0.00000000000000000 -0.02607084744671854
69.03107035610615583 0.00000000000000000 0.07478200176918796
70.47281565271107695 0.00000000000000000 -0.03839782378873728
71.94467132508729890 0.00000000000000000 -0.03489672240293586
73.44726621851781090 0.00000000000000000 0.07009698209442257
74.98124231151247443 0.00000000000000000 -0.04148805320182655
76.54725499009046530 0.00000000000000000 -0.01820925175022680
78.14597332779257499 0.00000000000000000 0.05988832050675789
