0.00000000000000000 -10.31667675253886074 31.94932291706478722
0.00005412326716949 -10.24506389609884138 31.72810801547398896
0.00010937688095171 -10.22802258840986056 31.67535564465757858
0.00016578444826347 -10.21600982619429843 31.63815700272966325
0.00022337006904424 -10.20600437237674996 31.60717144407095702
0.00028215834655281 -10.19705332066063441 31.57945007199461784
0.00034217439787892 -10.18873111557572919 31.55367555707872995
0.00040344386467445 -10.18080998313752339 31.52914271152573278
0.00046599292410876 -10.17315324093370421 31.50542832961782835
0.00052984830005274 -10.16567203982459944 31.48225729278897944
0.00059503727449656 -10.15830506513760589 31.45943973190773235
0.00066158769920574 -10.15100797058726378 31.43683831583056687
0.00072952800762076 -10.14374743253780586 31.41434984297403332
0.00079888722700516 -10.13649759403004325 31.39189423129802137
0.00086969499084730 -10.12923783136498024 31.36940760296608488
0.00094198155152118 -10.12195129349097300 31.34683776172090575
0.00101577779321170 -10.11462391392971760 31.32414113335469352
0.00109111524510977 -10.10724372282573214 31.30128063545678430
0.00116802609488307 -10.09980035588730729 31.27822415681089296
0.00124654320242812 -10.09228469618649093 31.25494344818045533
0.00132670011390957 -10.08468860781689891 31.23141329752818152
0.00140853107609267 -10.07700473447581757 31.20761090627305379
0.00149207105097507 -10.06922634480703316 31.18351541034305185
0.00157735573072424 -10.06134721200260351 31.15910750731162437
0.00166442155292681 -10.05336151889170360 31.13436916245600372
0.00175330571615643 -10.04526378229608241 31.10928337447565895
0.00184404619586667 -10.03704879206350498 31.08383398666161312
0.00193668176061599 -10.02871156148501441 31.05800553331615177
0.00203125198863138 -10.02024728659655572 31.03178311368294828
0.00212779728471811 -10.01165131248861329 31.00515228757737063
0.00222635889752248 -10.00291910519979588 30.97809898830690400
0.00232697893715518 -9.99404622809421284 30.95060944947499237
0.00242970039318273 -9.98502832186609801 30.92267014301580019
0.00253456715299454 -9.97586108749952594 30.89426772637845175
0.00264162402055374 -9.96654027166189493 30.86538899724604690
0.00275091673553946 -9.95706165409789712 30.83602085444808338
0.00286249199288895 -9.94742103668549049 30.80615026401762080
0.00297639746274789 -9.93761423389612375 30.77576422959525715
0.00309268181083721 -9.92763706441274252 30.74484976641630851
0.00321139471924543 -9.91748534374162638 30.71339387837385360
0.00333258690765511 -9.90715487766716763 30.68138353768972237
0.00345631015501269 -9.89664145641399351 30.64880566677401319
0.00358261732165084 -9.88594084942727136 30.61564712199655247
0.00371156237187290 -9.87504880068064850 30.58189467908997017
0.00384320039700888 -9.86396102444003553 30.54753501996214737
0.00397758763895312 -9.85267320142373038 30.51255472073331632
0.00411478151419335 -9.84118097530848779 30.47694024084207243
0.00425484063834179 -9.82947994953883608 30.44067791308770765
0.00439782485117839 -9.81756568440327548 30.40375393449631503
0.00454379524221720 -9.80543369434648504 30.36615435791485496
0.00469281417680668 -9.79307944549117160 30.32786508425159155
0.00484494532277503 -9.78049835334705620 30.28887185529295678
0.00500025367763208 -9.76768578068789850 30.24916024703777850
0.00515880559633927 -9.75463703558249051 30.20871566350496451
0.00532066881965953 -9.74134736956157710 30.16752333095902117
0.00548591250309934 -9.72781197590861701 30.12556829251552060
0.00565460724645517 -9.71402598807101292 30.08283540311617088
0.00582682512397695 -9.69998447817714649 30.03930932482808203
0.00600263971516163 -9.68568245564732067 29.99497452242994555
0.00618212613618971 -9.67111486590950342 29.94981525931913069
0.00636536107201837 -9.65627658919044407 29.90381559364822195
0.00655242280914489 -9.64116243940253170 29.85695937475401607
0.00674339126905425 -9.62576716310115188 29.80923023980079734
0.00693834804236536 -9.61008543852882546 29.76061161068817285
0.00713737642369028 -9.59411187472490568 29.71108669115743339
0.00734056144722168 -9.57784101072039640 29.66063846415732996
0.00754798992306329 -9.56126731479304937 29.60924968939180602
0.00775975047431932 -9.54438518380512235 29.55690290111914109
0.00797593357495827 -9.52718894260664939 29.50358040614919730
0.00819663158846774 -9.50967284350969777 29.44926428205573998
0.00842193880731633 -9.49183106584038150 29.39393637562446671
0.00865195149323977 -9.47365771555831060 29.33757830150490520
0.00888676791836849 -9.45514682495065095 29.28017144108814662
0.00912648840721397 -9.43629235240395836 29.22169694162019482
0.00937121537953210 -9.41708818225184352 29.16213571554483153
0.00962105339408162 -9.39752812469941290 29.10146844007871536
0.00987610919329654 -9.37760591582988212 29.03967555703550119
0.01013649174889146 -9.35731521769443830 28.97673727290197121
0.01040231230841932 -9.33664961848784358 28.91263355917424249
0.01067368444280161 -9.31560263281141410 28.84734415295854504
0.01095072409485109 -9.29416770202736586 28.78084855784912932
0.01123354962880801 -9.27233819470773568 28.71312604509325084
0.01152228188091079 -9.25010740718103719 28.64415565505278138
0.01181704421102290 -9.22746856417991879 28.57391619897239821
0.01211796255533792 -9.20441481959367103 28.50238626106678907
0.01242516548018540 -9.18093925732938310 28.42954420093782630
0.01273878423696032 -9.15703489228575584 28.35536815633473040
0.01305895281819983 -9.13269467144378488 28.27983604626998115
0.01338580801483110 -9.10791147507866938 28.20292557450448356
0.01371948947461478 -9.08267811809751713 28.12461423341629896
0.01406013976180901 -9.05698735150750522 28.04487930826718767
0.01440790441807949 -9.03083186401928906 27.96369788188200900
0.01476293202468173 -9.00420428379067594 27.88104683975661402
0.01512537426594180 -8.97709718031574511 27.79690287561027162
0.01549538599406299 -8.94950306646464711 27.71124249739890288
0.01587312529528585 -8.92141440067950775 27.62404203380625489
0.01625875355743002 -8.89282358933212613 27.53527764123060706
0.01665243553884663 -8.86372298924899127 27.44492531128440049
0.01705433943881067 -8.83410491040963741 27.35296087882550964
0.01746463696938363 -8.80396161882418937 27.25936003053882217
0.01788350342877688 -8.77328533959626355 27.16409831408705244
0.01831111777624718 -8.74206826017734606 27.06715114785061260
0.01874766270855646 -8.71030253381901964 26.96849383127594635
0.01919332473802835 -8.67798028322937931 26.86810155585315840
0.01964829427223494 -8.64509360444026065 26.76594941674303740
0.02011276569534779 -8.61163457089172901 26.66201242507463576
0.02058693745118785 -8.57759523774062771 26.55626552093447756
0.02107101212800992 -8.54296764639979322 26.44868358706884948
0.02156519654505782 -8.50774382931485107 26.33924146332078919
0.02206970184092715 -8.47191581498543478 26.22791396182410395
0.02258474356377355 -8.43547563323765459 26.11467588297595555
0.02311054176340495 -8.39841532075432085 25.99950203220918254
0.02364732108529703 -8.36072692687024421 25.88236723758775426
0.02419531086657223 -8.32240251963937361 25.76324636824753966
0.02475474523398335 -8.28343419218059651 25.64211435370420133
0.02532586320394326 -8.24381406930910998 25.51894620405111169
0.02590890878464391 -8.20353431446027592 25.39371703106955991
0.02650413108030806 -8.16258713691137849 25.26640207026957086
0.02711178439761805 -8.12096479930893622 25.13697670388637917
0.02773212835436757 -8.07865962550773098 25.00541648485307178
0.02836542799038248 -8.03566400872789899 24.87169716177073298
0.02901195388075807 -7.99197042003662439 24.73579470489792342
0.02967198225146146 -7.94757141715831761 24.59768533317362227
0.03034579509734807 -7.90245965362021607 24.45734554229682800
0.03103368030264305 -7.85662788823893532 24.31475213388208800
0.03173593176393882 -7.81006899495332352 24.16988224570977550
0.03245284951576132 -7.76277597300768107 24.02271338308598203
0.03318473985875876 -7.71474195748796809 23.87322345132292156
0.03393191549056759 -7.66596023021737505 23.72139078936178791
0.03469469563941134 -7.61642423101447363 23.56719420455132408
0.03547340620048992 -7.56612756931715502 23.41061300859452032
0.03626837987521721 -7.51506403617145757 23.25162705466440372
0.03707995631336651 -7.46322761659052603 23.09021677570800080
0.03790848225818478 -7.41061250228525381 22.92636322394705317
0.03875431169453759 -7.35721310476679680 22.76004811157954322
0.03961780600014781 -7.30302406881715704 22.59125385267456565
0.04049933409999303 -7.24804028633129693 22.41996360627507556
0.04139927262392760 -7.19225691053003136 22.24616132071045982
0.04231800606759627 -7.13566937053800032 22.06983177910602123
0.04325592695670878 -7.07827338632202530 21.89096064607970149
0.04421343601474506 -7.02006498399043988 21.70953451563267578
0.04519094233416289 -6.96104051144821590 21.52554096022267771
0.04618886355118145 -6.90119665439432151 21.33896858098447069
0.04720762602421474 -6.84053045265961401 21.14980705909737679
0.04824766501603182 -6.77903931687974826 20.95804720828821033
0.04930942487972149 -6.71672104548700233 20.76368102842708652
0.05039335924854037 -6.65357384200922741 20.56670176018570828
0.05149993122972624 -6.58959633267169842 20.36710394075133124
0.05262961360235921 -6.52478758428456640 20.16488346055009728
0.05378288901935464 -6.45914712239265842 19.96003762091594425
0.05496025021367514 -6.39267494968310679 19.75256519269750299
0.05616220020884904 -6.32537156463250927 19.54246647575393325
0.05738925253388537 -6.25723798035989986 19.32974335924539133
0.05864193144267742 -6.18827574367842104 19.11439938270258665
0.05992077213798844 -6.11848695432631384 18.89643979782377770
0.06122632100011513 -6.04787428433371410 18.67587163087587143
0.06255913582032677 -5.97644099751441260 18.45270374567320459
0.06391978603917964 -5.90419096906180396 18.22694690707812626
0.06530885298980850 -5.83112870519505666 17.99861384486939642
0.06672693014629928 -5.75725936284191420 17.76771931794387882
0.06817462337724868 -5.68258876933490242 17.53428017878796297
0.06965255120461952 -5.60712344205466717 17.29831543802880134
0.07116134506800231 -5.53087060800776964 17.05984632903290787
0.07270164959439530 -5.45383822331001866 16.81889637247175173
0.07427412287361937 -5.37603499249559569 16.57549144062437207
0.07587943673948470 -5.29747038764577471 16.32965982140322225
0.07751827705682930 -5.21815466729571487 16.08143228198515828
0.07919134401455241 -5.13809889502870831 15.83084213178532806
0.08089935242476805 -5.05731495776357587 15.57792528479408212
0.08264303202820568 -4.97581558366925947 15.32272032108645909
0.08442312780598965 -4.89361435961588498 15.06526854724068976
0.08624040029792988 -4.81072574818033694 14.80561405572108313
0.08809562592745969 -4.72716510410109070 14.54380378291813436
0.08998959733336007 -4.64294869011327549 14.27988756564496597
0.09192312370841214 -4.55809369218276039 14.01391819614574707
0.09389703114512160 -4.47261823398457015 13.74595147516259885
0.09591216298866428 -4.38654139060917014 13.47604626301214203
0.09796938019720219 -4.29988320148235648 13.20426452862852784
0.10006956170972503 -4.21266468230997315 12.93067139601695636
0.10221360482157399 -4.12490783610552469 12.65533518828514659
0.10440242556780792 -4.03663566319489497 12.37832746893834468
0.10663695911457621 -3.94787217004535007 12.09972307998393148
0.10891816015866546 -3.85864237701738588 11.81960017712919075
0.11124700333539013 -3.76897232480787059 11.53804026138450922
0.11362448363500234 -3.67888907956218336 11.25512820699757732
0.11605161682779813 -3.58842073669177619 10.97095228581547133
0.11852943989810150 -3.49759642308988639 10.68560418715937566
0.12105901148731263 -3.40644629790295461 10.39917903366129970
0.12364141234620889 -3.31500155168040322 10.11177539252585511
0.12627774579669157 -3.22329440371815235 9.82349528165620711
0.12896913820317663 -3.13135809779895347 9.53444417122169341
0.13171673945383003 -3.03922689591662465 9.24473097943014110
0.13452172345185329 -2.94693607011671510 8.95446806286981634
0.13738528861702992 -2.85452189241080978 8.66377120126799305
0.14030865839774587 -2.76202162237751025 8.37275957549662131
0.14329308179370365 -2.66947349282002833 8.08155573988119791
0.14633983388955368 -2.57691669300149195 7.79028558736668231
0.14945021639966885 -2.48439134952098506 7.49907830768630568
0.15262555822429855 -2.39193850496326954 7.20806633888290094
0.15586721601733630 -2.29960009371956930 6.91738531036089288
0.15917657476594502 -2.20741891552930802 6.62717397904019201
0.16255504838228885 -2.11543860620198476 6.33757415696551529
0.16600408030762184 -2.02370360552490824 6.04873063033112679
0.16952514412899339 -1.93225912267905486 5.76079107081240682
0.17311974420883283 -1.84115109834069113 5.47390593671516168
0.17678941632768383 -1.75042616425491726 5.18822836619568584
0.18053572834036105 -1.66013159963543755 4.90391406057715695
0.18436028084581019 -1.57031528442387813 4.62112115778713228
0.18826470787095936 -1.48102564990800922 4.34001009731593523
0.19225067756885098 -1.39231162566876177 4.06074347357462972
0.19631989293135405 -1.30422258399003921 3.78348588092138538
0.20047409251676232 -1.21680828088160875 3.50840374776244524
0.20471505119258721 -1.13011879396216997 3.23566516037018781
0.20904458089386296 -1.04420445780587090 2.96543967811478382
0.21346453139729110 -0.95911579558152593 2.69789813655295552
0.21797679111155024 -0.87490344859359603 2.43321244304013851
0.22258328788411205 -0.79161810251174136 2.17155536117615178
0.22728598982490827 -0.70931041104217474 1.91310028620835415
0.23208690614719857 -0.62803091752239848 1.65802101271145030
0.23698808802599927 -0.54782997329805694 1.40649149103954474
0.24199162947444217 -0.46875765496664656 1.15868557860623533
0.24709966823843374 -0.39086367868815530 0.91477678051142941
0.25231438670999912 -0.31419731312741228 0.67493798400164662
0.25763801285970300 -0.23880729086603009 0.43934118611208761
0.26307282118854164 -0.16474171744559890 0.20815721179681110
0.26862113369971485 -0.09204798019677317 -0.01844457126287632
0.27428532089069546 -0.02077265421677658 -0.24029654927458372
0.28006780276601551 0.04903859208934254 -0.45723316346824083
0.28597104987120398 0.11734109361798742 -0.66909122116846476
0.29199758434832046 0.18409128755861592 -0.87571021785491965
0.29814998101353096 0.24924681368514237 -1.07693266735355175
0.30443086845718847 0.31276661942556416 -1.27260445094563446
0.31084293016689085 0.37461106702908686 -1.46257517777443069
0.31738890567399058 0.43474204686069418 -1.64669856894111688
0.32407159172404976 0.49312309580061292 -1.82483286247964660
0.33089384347174128 0.54971952159111359 -1.99684124177735911
0.33785857570070327 0.60449853524583541 -2.16259229353570781
0.34496876406886945 0.65742938733697998 -2.32196048203483141
0.35222744637981063 0.70848351026957745 -2.47482664477812175
0.35963772388062443 0.75763465808289854 -2.62107848221815587
0.36720276258693341 0.80485903934281422 -2.76061102570238859
0.37492579463555276 0.85013543240890266 -2.89332704852889044
0.38281011966541167 0.89344526874996000 -3.01913737414350658
0.39085910622731213 0.93477267485894111 -3.13796105115016344
0.39907619322312893 0.97410445603616236 -3.24972534440557626
0.40746489137507175 1.01143002138316795 -3.35436554272672360
0.41602878472562704 1.04674124881355612 -3.45182458484105537
0.42477153216882768 1.08003230619593338 -3.54205256022735204
0.43369686901350457 1.11129945545913156 -3.62500617544359560
0.44280860857918347 1.14054086933329790 -3.70064828443064986
0.45211064382531180 1.16775650352388038 -3.76894761913705656
0.46160694901451416 1.19294804738784821 -3.82987879198057346
0.47130158141058137 1.21611897646950684 -3.88342263798324083
0.48119868301192154 1.23727469955093161 -3.92956686588162940
0.49130248232121654 1.25642277833986471 -3.96830694075876300
0.50161729615203454 1.27357318504269590 -3.99964708165767746
0.51214753147317249 1.28873855150252248 -4.02360122489939442
0.52289768729152031 1.30193438323838362 -4.04019386840340111
0.53387235657424581 1.31317921078631827 -4.04946071299161048
0.54507622821112223 1.32249467924038067 -4.05144910678918002
0.55651408901784305 1.32990557861974135 -4.04621830470568256
0.56819082578117130 1.33543982726486465 -4.03383958381014729
0.58011142734680088 1.33912842496454743 -4.01439626843898445
0.59228098675082685 1.34100538086450838 -3.98798368102416401
0.60470470339572602 1.34110763254559462 -3.95470906968552915
0.61738788527178223 1.33947495311406373 -3.91469150144943434
0.63033595122491015 1.33614985539340059 -3.86806174867430608
0.64355443327183692 1.33117749024037213 -3.81496215810144124
0.65704897896363601 1.32460553835455253 -3.75554649942088803
0.67082535379862684 1.31648409860952498 -3.68997980247822444
0.68488944368566274 1.30686556456114378 -3.61843815550663184
0.69924725745886374 1.29580449722482727 -3.54110849034877795
0.71390492944487338 1.28335748429311969 -3.45818832232914408
0.72886872208372744 1.26958299287205478 -3.36988546769084785
0.74414502860445741 1.25454121156526299 -3.27641772473920811
0.75974037575658049 1.23829388256583628 -3.17801252043773053
0.77566142659862680 1.22090412823259475 -3.07490653716547602
0.79191498334491151 1.20243626592515218 -2.96734529819159309
0.80850799027175324 1.18295562141485622 -2.85558274612426954
0.82544753668439663 1.16252833258808730 -2.73988078559360027
0.84274085994589265 1.14122115273461899 -2.62050882096241722
0.86039534856923394 1.11910124970699876 -2.49774327557311837
0.87841854537407604 1.09623600354105721 -2.37186710025490521
0.89681815070937965 1.07269280654321020 -2.24316928408421301
0.91560202574335536 1.04853886104314276 -2.11194434916181839
0.93477819582212573 1.02384098437999871 -1.97849186188061954
0.95435485389852415 0.99866541329859693 -1.84311593136089513
0.97434036403250379 0.97307761688210248 -1.70612472601733800
0.99474326496465870 0.94714211339944310 -1.56782998994654221
1.01557227376436776 0.92092229448290963 -1.42854656938302238
1.03683628955413121 0.89448025851142521 -1.28859195430137574
1.05854439731169547 0.86787664990609259 -1.14828582031463999
1.08070587175157473 0.84117051135444498 -1.00794959501874226
1.10333018128763971 0.81441914227828838 -0.86790602048376508
1.12642699207846886 0.78767797102143700 -0.72847873785104122
1.15000617215718126 0.76100043573509402 -0.58999187140817799
1.17407779564751369 0.73443787746905276 -0.45276962246416858
1.19865214706796364 0.70803944510239891 -0.31713586843575625
1.22373972572581047 0.68185201048706323 -0.18341375615756098
1.24935125020290649 0.65592009747539659 -0.05192530149915007
1.27549766293515887 0.63028582017860246 0.07700902942506874
1.30219013488764590 0.60498883510237478 0.20307074078759826
1.32944007032736966 0.58006630291567085 0.32594375323431507
1.35725911169569602 0.55555286241203672 0.44531486833260492
1.38565914458254658 0.53148061501197208 0.56087426337975121
1.41465230280446930 0.50787911937154628 0.67231602426776238
1.44425097358878052 0.48477539681045123 0.77933871567513957
1.47446780286595969 0.46219394530681823 0.88164600735637122
1.50531570067257503 0.44015676350691091 0.97894734986835741
1.53680784666706316 0.41868338247547576 1.07095872005809079
1.56895769576068611 0.39779090591087224 1.15740343286911651
1.60177898386609341 0.37749405747566767 1.23801303304224164
1.63528573376595143 0.35780523506459699 1.31252827109761516
1.66949226110412341 0.33873457121736955 1.38070016840289478
1.70441318050198221 0.32028999938342678 1.44229118182046379
1.74006341180245117 0.30247732502415131 1.49707646715512888
1.77645818644446463 0.28530030174361715 1.54484525279561979
1.81361305397054373 0.26876071109978367 1.58540232199998177
1.85154388867028041 0.25285844642132671 1.61856961143986156
1.89026689636258172 0.23759159975130570 1.64418792619683574
1.92979862131954660 0.22295655138068129 1.66211877382272033
1.97015595333494420 0.20894806250815548 1.67224631826666492
2.01135613494032972 0.19555936898915824 1.67447945277986077
2.05341676877185186 0.18278227820153364 1.66875399021721127
2.09635582509091423 0.17060726603398474 1.65503496759827184
2.14019164946191776 0.15902357627139205 1.63331905866155180
2.18494297059033427 0.14801932006072810 1.60363708731921095
2.23062890832447769 0.13758157615970881 1.56605663059539268
2.27726898182440340 0.12769649182145953 1.52068469498388259
2.32488311790139646 0.11834938243390906 1.46767044961415061
2.37349165953162888 0.10952483217496932 1.40720798516979473
2.42311537454763704 0.10120679177855219 1.33953907415556972
2.47377546451130126 0.09337867668942156 1.26495588314259333
2.52549357377213424 0.08602346173280016 1.18380359706428528
2.57829179871476688 0.07912377431639013 1.09648288949161454
2.63219269719954818 0.07266198447641191 1.00345217199553205
2.68721929820030425 0.06662029100463378 0.90522954453008275
2.74339511164340433 0.06098080498037821 0.80239434322768688
2.80074413845228820 0.05572562732356424 0.69558819899147895
2.85929088080177163 0.05083692374861224 0.58551546608531413
2.91906035258652974 0.04629699292331291 0.47294292216706130
2.98007809010819180 0.04208833104279130 0.35869857750032236
3.04237016298562946 0.03819369018409326 0.24366947144669407
3.10596318529312887 0.03459613149344205 0.12879830259531128
3.17088432693115374 0.03127907345870036 0.01507873751152451
3.23716132523458322 0.02822633367478233 -0.09645071422091542
3.30482249682341100 0.02542216687632697 -0.20471443975807838
3.37389674970091491 0.02285129609554916 -0.30860912905585691
3.44441359560449367 0.02049894050403269 -0.40701501420693481
3.51640316261447250 0.01835083726081095 -0.49880893958366057
3.58989620802620957 0.01639325968884971 -0.58287934221985371
3.66492413149105367 0.01461303110392178 -0.65814310602507120
3.74151898843172059 0.01299753440888694 -0.72356420445692926
3.81971350373788576 0.01153471898292390 -0.77817406334786277
3.89954108574776903 0.01021310315517679 -0.82109334909763609
3.98103584052172232 0.00902177499229142 -0.85155503707129754
4.06423258641394813 0.00795038920624626 -0.86892827045871435
4.14916686894851061 0.00698916256137022 -0.87274269146535066
4.23587497600602969 0.00612886651768955 -0.86271261860071191
4.32439395332757393 0.00536081804289143 -0.83876048138168968
4.41476162034231390 0.00467686886006745 -0.80103879413276169
4.50701658632573565 0.00406939253046768 -0.74994978029762394
4.60119826689533795 0.00353127082394939 -0.68616183144018139
4.69734690085081663 0.00305587795700018 -0.61062168238356873
4.79550356736593564 0.00263706442024439 -0.52456135585908004
4.89571020353948594 0.00226913917950489 -0.42949867554651872
4.99800962231275925 0.00194685134673296 -0.32723029612725291
5.10244553076121754 0.00166537097616971 -0.21981612402324147
5.20906254876821162 0.00142026912981283 -0.10955415421805435
5.31790622808866420 0.00120749776261306 0.00105518056877276
5.42902307181088695 0.00102336886565710 0.10935571107109748
5.54246055422489103 0.00086453387203805 0.21259374887687993
5.65826714110560314 0.00072796260313084 0.30798759237205525
5.77649231041968392 0.00061092263939341 0.39280795378642075
5.89718657346485209 0.00051095871956373 0.46446800059326376
6.02040149645064471 0.00042587257751209 0.52062124309542079
6.14618972252989071 0.00035370330027469 0.55926470529554073
6.27460499429034613 0.00029270814556053 0.57884370190575651
6.40570217671601494 0.00024134423032729 0.57835427981035503
6.53953728062801254 0.00019825078426957 0.55743764691351227
6.67616748661502157 0.00016223242903645 0.51646121552803603
6.81565116946349381 0.00013224320236490 0.45657920136668118
6.95804792309805631 0.00010737161000376 0.37976629285039948
7.10341858604284493 0.00008682659801754 0.28881725771096328
7.25182526741453248 0.00006992449073117 0.18730613442642471
7.40333137345825065 0.00005607694822310 0.07949962939806389
7.55800163463766062 0.00004477982388759 -0.02977905014439000
7.71590213329086083 0.00003560304055626 -0.13533724579934547
7.87710033186382397 0.00002818131719861 -0.23184876030627521
8.04166510173346971 0.00002220583028148 -0.31413311441105995
8.20966675263276535 0.00001741668093293 -0.37746757057687536
8.38117706269029661 0.00001359617161028 -0.41791691445171431
8.55626930909724059 0.00001056282613073 -0.43266093983953424
8.73501829941473851 0.00000816609016604 -0.42029443830451085
8.91750040353525897 0.00000628168730477 -0.38107230671875558
9.10379358631131019 0.00000480753991823 -0.31706828513013824
9.29397744086567457 0.00000366023950719 -0.23221890850643515
9.48813322259729297 0.00000277198264304 -0.13222513027274471
9.68634388389737566 0.00000208794639693 -0.02429356879940461
9.88869410959045503 0.00000156404201773 0.08329102377391809
10.09527035311579013 0.00000116500795507 0.18175405118299148
10.30616087346423448 0.00000086280195172 0.26255428570510486
10.52145577288660050 0.00000063524892687 0.31819372279234076
10.74124703538954506 0.00000046491708445 0.34304694625584170
10.96562856603540759 0.00000033818345349 0.33412060514860725
11.19469623106285816 0.00000024446698211 0.29164528138401680
11.42854789884533240 0.00000017559953765 0.21939447635723500
11.66728348170507523 0.00000012531553273 0.12463963029429972
11.91100497860026763 0.00000008883965664 0.01767420079890122
12.15981651870374058 0.00000006255608569 -0.08911504397705022
12.41382440589181257 0.00000004374542891 -0.18259187682329900
12.67313716416228075 0.00000003037622108 -0.25051976547725185
12.93786558400082320 0.00000002094159742 -0.28333506237110673
13.20812276971600951 0.00000001433163674 -0.27579444217404203
13.48402418776261946 0.00000000973477051 -0.22821305308925618
13.76568771607432140 0.00000000656193692 -0.14700555421189154
14.05323369442660919 0.00000000438879690 -0.04430145809591098
14.34678497585159285 0.00000000291203118 0.06347974961424685
14.64646697912642637 0.00000000191650928 0.15803542702371925
14.95240774235820069 0.00000000125088525 0.22230063087451615
15.26473797768768570 0.00000000080954264 0.24379904646341188
15.58359112713567107 0.00000000051939964 0.21757947723399954
15.90910341961560981 0.00000000033031210 0.14801928010965765
16.24141392913698212 0.00000000020817485 0.04887388668254045
16.58066463422407111 0.00000000012999652 -0.05878716594664637
16.92700047857598378 0.00000000008041749 -0.15067236629398018
17.28056943299321802 0.00000000004927207 -0.20476262770224352
17.64152255859771401 0.00000000002989469 -0.20704728058311261
18.01001407137320953 0.00000000001795738 -0.15600384174379781
18.38620140805350189 0.00000000001067715 -0.06430584541410750
18.77024529338665104 0.00000000000628261 0.04327084165112819
19.16230980880423829 0.00000000000365765 0.13585747493964756
19.56256246252448250 0.00000000000210641 0.18527655434552606
19.97117426111959304 0.00000000000119969 0.17526384101976170
20.38831978257771382 0.00000000000067558 0.10806204085428431
20.81417725089083604 0.00000000000037606 0.00555124913988870
21.24892861220021700 0.00000000000020688 -0.09656983798277559
21.69275961253247331 0.00000000000011245 -0.16065556249551274
22.14585987715879511 0.00000000000006037 -0.16148793753278987
22.60842299161170743 0.00000000000003201 -0.09769389525834192
23.08064658439384331 0.00000000000001675 0.00527242354244857
23.56273241141403929 0.00000000000000866 0.10352122172802383
24.05488644218689132 0.00000000000000441 0.15277752555925064
24.55731894783235703 0.00000000000000222 0.12921675126053223
25.07024459091362445 0.00000000000000110 0.04319160176204472
25.59388251715077800 0.00000000000000054 -0.06266615533360362
26.12845644905011966 0.00000000000000026 -0.13286767235308636
26.67419478148881495 0.00000000000000012 -0.12841111667292149
27.23133067929587980 0.00000000000000006 -0.05076106081793436
27.80010217687086183 0.00000000000000003 0.05508482973021320
28.38075227988350946 0.00000000000000001 0.12427119628091207
28.97352906909691583 0.00000000000000001 0.11196385768499759
29.57868580635921774 0.00000000000000000 0.02528463620399972
30.19648104280886969 0.00000000000000000 -0.07668998100338664
30.82717872933974235 0.00000000000000000 -0.12074740457574049
31.47104832937306895 0.00000000000000000 -0.07322694938125134
32.12836493398505411 0.00000000000000000 0.03000935576456072
32.79940937943840851 0.00000000000000000 0.10621809973863663
33.48446836716868802 0.00000000000000000 0.09117042534554341
34.18383458627654647 0.00000000000000000 -0.00298038220761395
34.89780683857816967 0.00000000000000000 -0.09182197426077558
35.62669016626711738 0.00000000000000000 -0.09181978441108016
36.37079598224287480 0.00000000000000000 -0.00217711807006630
37.13044220316074018 0.00000000000000000 0.08709331906146599
37.90595338526069469 0.00000000000000000 0.08216853212104637
38.69766086303287267 0.00000000000000000 -0.01227130026268675
39.50590289077923956 0.00000000000000000 -0.08998601584256181
40.33102478713124128 0.00000000000000000 -0.05968544115371827
41.17337908258645740 0.00000000000000000 0.04234585632907326
42.03332567012575538 0.00000000000000000 0.08772130019632977
42.91123195897637999 0.00000000000000000 0.01687962015277127
43.80747303158632633 0.00000000000000000 -0.07454125150595092
44.72243180387707184 0.00000000000000000 -0.05824193394261184
45.65649918884280822 0.00000000000000000 0.04223147185344968
46.61007426356708550 0.00000000000000000 0.07564214415070557
47.58356443972689220 0.00000000000000000 -0.01005949192422261
48.57738563765792605 0.00000000000000000 -0.07646190633867571
49.59196246405512198 0.00000000000000000 -0.01280799271126305
50.62772839338443731 0.00000000000000000 0.07057010830927404
51.68512595308339286 0.00000000000000000 0.02482364199901845
52.76460691262906977 0.00000000000000000 -0.06490243977707676
53.86663247655557285 0.00000000000000000 -0.02737869475871916
54.99167348150173495 0.00000000000000000 0.06245073241725833
56.14021059737457620 0.00000000000000000 0.02166518286316494
57.31273453271381868 0.00000000000000000 -0.06272428724219786
58.50974624434557114 0.00000000000000000 -0.00781366202382762
59.73175715141398712 0.00000000000000000 0.06195121472413758
60.97928935388394223 0.00000000000000000 -0.01374135978831216
62.25287585560608505 0.00000000000000000 -0.05323367230860932
63.55306079204091674 0.00000000000000000 0.03869276222653428
64.88039966273889547 0.00000000000000000 0.02900982455590856
66.23545956867580742 0.00000000000000000 -0.05467663558425639
67.61881945454416609 0.00000000000000000 0.01074099956126467
69.03107035610615583 0.00000000000000000 0.04316038221138365
70.47281565271107695 0.00000000000000000 -0.04635919371040526
71.94467132508729890 0.00000000000000000 0.00194251623457067
73.44726621851781090 0.00000000000000000 0.04128612925242113
74.98124231151247443 0.00000000000000000 -0.04533280089574210
76.54725499009046530 0.00000000000000000 0.01276230706058230
78.14597332779257499 0.00000000000000000 0.02650349382718226
