0.00000000000000000 0.00005356584160383
0.00005412326716949 0.00005468454656718
0.00010937688095171 0.00005582661531531
0.00016578444826347 0.00005699253579318
0.00022337006904424 0.00005818280613631
0.00028215834655281 0.00005939793488361
0.00034217439787892 0.00006063844119467
0.00040344386467445 0.00006190485507156
0.00046599292410876 0.00006319771758525
0.00052984830005274 0.00006451758110682
0.00059503727449656 0.00006586500954342
0.00066158769920574 0.00006724057857923
0.00072952800762076 0.00006864487592139
0.00079888722700516 0.00007007850155113
0.00086969499084730 0.00007154206798007
0.00094198155152118 0.00007303620051194
0.00101577779321170 0.00007456153750975
0.00109111524510977 0.00007611873066848
0.00116802609488307 0.00007770844529356
0.00124654320242812 0.00007933136058512
0.00132670011390957 0.00008098816992814
0.00140853107609267 0.00008267958118872
0.00149207105097507 0.00008440631701652
0.00157735573072424 0.00008616911515348
0.00166442155292681 0.00008796872874908
0.00175330571615643 0.00008980592668202
0.00184404619586667 0.00009168149388883
0.00193668176061599 0.00009359623169915
0.00203125198863138 0.00009555095817815
0.00212779728471811 0.00009754650847599
0.00222635889752248 0.00009958373518469
0.00232697893715518 0.00010166350870237
0.00242970039318273 0.00010378671760513
0.00253456715299454 0.00010595426902667
0.00264162402055374 0.00010816708904590
0.00275091673553946 0.00011042612308259
0.00286249199288895 0.00011273233630126
0.00297639746274789 0.00011508671402359
0.00309268181083721 0.00011749026214939
0.00321139471924543 0.00011994400758634
0.00333258690765511 0.00012244899868875
0.00345631015501269 0.00012500630570547
0.00358261732165084 0.00012761702123715
0.00371156237187290 0.00013028226070303
0.00384320039700888 0.00013300316281753
0.00397758763895312 0.00013578089007673
0.00411478151419335 0.00013861662925507
0.00425484063834179 0.00014151159191238
0.00439782485117839 0.00014446701491151
0.00454379524221720 0.00014748416094680
0.00469281417680668 0.00015056431908352
0.00484494532277503 0.00015370880530867
0.00500025367763208 0.00015691896309320
0.00515880559633927 0.00016019616396599
0.00532066881965953 0.00016354180809987
0.00548591250309934 0.00016695732490981
0.00565460724645517 0.00017044417366364
0.00582682512397695 0.00017400384410551
0.00600263971516163 0.00017763785709241
0.00618212613618971 0.00018134776524391
0.00636536107201837 0.00018513515360553
0.00655242280914489 0.00018900164032594
0.00674339126905425 0.00019294887734832
0.00693834804236536 0.00019697855111614
0.00713737642369028 0.00020109238329368
0.00734056144722168 0.00020529213150162
0.00754798992306329 0.00020957959006795
0.00775975047431932 0.00021395659079464
0.00797593357495827 0.00021842500374021
0.00819663158846774 0.00022298673801877
0.00842193880731633 0.00022764374261560
0.00865195149323977 0.00023239800721996
0.00888676791836849 0.00023725156307505
0.00912648840721397 0.00024220648384596
0.00937121537953210 0.00024726488650559
0.00962105339408162 0.00025242893223909
0.00987610919329654 0.00025770082736728
0.01013649174889146 0.00026308282428925
0.01040231230841932 0.00026857722244472
0.01067368444280161 0.00027418636929643
0.01095072409485109 0.00027991266133312
0.01123354962880801 0.00028575854509340
0.01152228188091079 0.00029172651821104
0.01181704421102290 0.00029781913048206
0.01211796255533792 0.00030403898495414
0.01242516548018540 0.00031038873903876
0.01273878423696032 0.00031687110564653
0.01305895281819983 0.00032348885434636
0.01338580801483110 0.00033024481254863
0.01371948947461478 0.00033714186671331
0.01406013976180901 0.00034418296358311
0.01440790441807949 0.00035137111144249
0.01476293202468173 0.00035870938140295
0.01512537426594180 0.00036620090871514
0.01549538599406299 0.00037384889410837
0.01587312529528585 0.00038165660515816
0.01625875355743002 0.00038962737768224
0.01665243553884663 0.00039776461716582
0.01705433943881067 0.00040607180021652
0.01746463696938363 0.00041455247604979
0.01788350342877688 0.00042321026800525
0.01831111777624718 0.00043204887509481
0.01874766270855646 0.00044107207358299
0.01919332473802835 0.00045028371860037
0.01964829427223494 0.00045968774579067
0.02011276569534779 0.00046928817299220
0.02058693745118785 0.00047908910195454
0.02107101212800992 0.00048909472009095
0.02156519654505782 0.00049930930226740
0.02206970184092715 0.00050973721262908
0.02258474356377355 0.00052038290646489
0.02311054176340495 0.00053125093211097
0.02364732108529703 0.00054234593289396
0.02419531086657223 0.00055367264911486
0.02475474523398335 0.00056523592007430
0.02532586320394326 0.00057704068614008
0.02590890878464391 0.00058909199085799
0.02650413108030806 0.00060139498310660
0.02711178439761805 0.00061395491929709
0.02773212835436757 0.00062677716561910
0.02836542799038248 0.00063986720033334
0.02901195388075807 0.00065323061611221
0.02967198225146146 0.00066687312242922
0.03034579509734807 0.00068080054799836
0.03103368030264305 0.00069501884326438
0.03173593176393882 0.00070953408294513
0.03245284951576132 0.00072435246862693
0.03318473985875876 0.00073948033141419
0.03393191549056759 0.00075492413463435
0.03469469563941134 0.00077069047659932
0.03547340620048992 0.00078678609342457
0.03626837987521721 0.00080321786190713
0.03707995631336651 0.00081999280246368
0.03790848225818478 0.00083711808212998
0.03875431169453759 0.00085460101762298
0.03961780600014781 0.00087244907846684
0.04049933409999303 0.00089066989018428
0.04139927262392760 0.00090927123755457
0.04231800606759627 0.00092826106793949
0.04325592695670878 0.00094764749467890
0.04421343601474506 0.00096743880055705
0.04519094233416289 0.00098764344134145
0.04618886355118145 0.00100827004939550
0.04720762602421474 0.00102932743736668
0.04824766501603182 0.00105082460195171
0.04930942487972149 0.00107277072774036
0.05039335924854037 0.00109517519113952
0.05149993122972624 0.00111804756437927
0.05262961360235921 0.00114139761960255
0.05378288901935464 0.00116523533304030
0.05496025021367514 0.00118957088927374
0.05616220020884904 0.00121441468558572
0.05738925253388537 0.00123977733640294
0.05864193144267742 0.00126566967783088
0.05992077213798844 0.00129210277228352
0.06122632100011513 0.00131908791320973
0.06255913582032677 0.00134663662991832
0.06391978603917964 0.00137476069250393
0.06530885298980850 0.00140347211687574
0.06672693014629928 0.00143278316989125
0.06817462337724868 0.00146270637459724
0.06965255120461952 0.00149325451558018
0.07116134506800231 0.00152444064442844
0.07270164959439530 0.00155627808530850
0.07427412287361937 0.00158878044065768
0.07587943673948470 0.00162196159699572
0.07751827705682930 0.00165583573085774
0.07919134401455241 0.00169041731485115
0.08089935242476805 0.00172572112383900
0.08264303202820568 0.00176176224125246
0.08442312780598965 0.00179855606553522
0.08624040029792988 0.00183611831672239
0.08809562592745969 0.00187446504315683
0.08998959733336007 0.00191361262834577
0.09192312370841214 0.00195357779796058
0.09389703114512160 0.00199437762698278
0.09591216298866428 0.00203602954699924
0.09796938019720219 0.00207855135364981
0.10006956170972503 0.00212196121423038
0.10221360482157399 0.00216627767545486
0.10440242556780792 0.00221151967137918
0.10663695911457621 0.00225770653149076
0.10891816015866546 0.00230485798896703
0.11124700333539013 0.00235299418910632
0.11362448363500234 0.00240213569793488
0.11605161682779813 0.00245230351099365
0.11852943989810150 0.00250351906230854
0.12105901148731263 0.00255580423354801
0.12364141234620889 0.00260918136337199
0.12627774579669157 0.00266367325697592
0.12896913820317663 0.00271930319583429
0.13171673945383003 0.00277609494764749
0.13452172345185329 0.00283407277649651
0.13738528861702992 0.00289326145320969
0.14030865839774587 0.00295368626594594
0.14329308179370365 0.00301537303099907
0.14633983388955368 0.00307834810382767
0.14945021639966885 0.00314263839031541
0.15262555822429855 0.00320827135826648
0.15586721601733630 0.00327527504914111
0.15917657476594502 0.00334367809003619
0.16255504838228885 0.00341350970591612
0.16600408030762184 0.00348479973209905
0.16952514412899339 0.00355757862700391
0.17311974420883283 0.00363187748516370
0.17678941632768383 0.00370772805051048
0.18053572834036105 0.00378516272993792
0.18436028084581019 0.00386421460714695
0.18826470787095936 0.00394491745678071
0.19225067756885098 0.00402730575885466
0.19631989293135405 0.00411141471348801
0.20047409251676232 0.00419728025594287
0.20471505119258721 0.00428493907197748
0.20904458089386296 0.00437442861352004
0.21346453139729110 0.00446578711466995
0.21797679111155024 0.00455905360803319
0.22258328788411205 0.00465426794139886
0.22728598982490827 0.00475147079476401
0.23208690614719857 0.00485070369771403
0.23698808802599927 0.00495200904716603
0.24199162947444217 0.00505543012548278
0.24709966823843374 0.00516101111896494
0.25231438670999912 0.00526879713672950
0.25763801285970300 0.00537883422998252
0.26307282118854164 0.00549116941169431
0.26862113369971485 0.00560585067668562
0.27428532089069546 0.00572292702213319
0.28006780276601551 0.00584244846850370
0.28597104987120398 0.00596446608092476
0.29199758434832046 0.00608903199100240
0.29814998101353096 0.00621619941909405
0.30443086845718847 0.00634602269704678
0.31084293016689085 0.00647855729141040
0.31738890567399058 0.00661385982713537
0.32407159172404976 0.00675198811176555
0.33089384347174128 0.00689300116013635
0.33785857570070327 0.00703695921958859
0.34496876406886945 0.00718392379570893
0.35222744637981063 0.00733395767860799
0.35963772388062443 0.00748712496974715
0.36720276258693341 0.00764349110932573
0.37492579463555276 0.00780312290424003
0.38281011966541167 0.00796608855662641
0.39085910622731213 0.00813245769300037
0.39907619322312893 0.00830230139400426
0.40746489137507175 0.00847569222477627
0.41602878472562704 0.00865270426595356
0.42477153216882768 0.00883341314532304
0.43369686901350457 0.00901789607013302
0.44280860857918347 0.00920623186007979
0.45211064382531180 0.00939850098098303
0.46160694901451416 0.00959478557916456
0.47130158141058137 0.00979516951654511
0.48119868301192154 0.00999973840647398
0.49130248232121654 0.01020857965030709
0.50161729615203454 0.01042178247474891
0.51214753147317249 0.01063943796997423
0.52289768729152031 0.01086163912854614
0.53387235657424581 0.01108848088514684
0.54507622821112223 0.01132006015713805
0.55651408901784305 0.01155647588596869
0.56819082578117130 0.01179782907944730
0.58011142734680088 0.01204422285489717
0.59228098675082685 0.01229576248321299
0.60470470339572602 0.01255255543383741
0.61738788527178223 0.01281471142067697
0.63033595122491015 0.01308234244897706
0.64355443327183692 0.01335556286317574
0.65704897896363601 0.01363448939575694
0.67082535379862684 0.01391924121712416
0.68488944368566274 0.01420993998651551
0.69924725745886374 0.01450670990398220
0.71390492944487338 0.01480967776345264
0.72886872208372744 0.01511897300690468
0.74414502860445741 0.01543472777966924
0.75974037575658049 0.01575707698688897
0.77566142659862680 0.01608615835115601
0.79191498334491151 0.01642211247135349
0.80850799027175324 0.01676508288272588
0.82544753668439663 0.01711521611820401
0.84274085994589265 0.01747266177101071
0.86039534856923394 0.01783757255857399
0.87841854537407604 0.01821010438777505
0.89681815070937965 0.01859041642155903
0.91560202574335536 0.01897867114693668
0.93477819582212573 0.01937503444440652
0.95435485389852415 0.01977967565882666
0.97434036403250379 0.02019276767176677
0.99474326496465870 0.02061448697537121
1.01557227376436776 0.02104501374776467
1.03683628955413121 0.02148453193003258
1.05854439731169547 0.02193322930480943
1.08070587175157473 0.02239129757650821
1.10333018128763971 0.02285893245322537
1.12642699207846886 0.02333633373035657
1.15000617215718126 0.02382370537595854
1.17407779564751369 0.02432125561789363
1.19865214706796364 0.02482919703279460
1.22373972572581047 0.02534774663688717
1.24935125020290649 0.02587712597870943
1.27549766293515887 0.02641756123376781
1.30219013488764590 0.02696928330116967
1.32944007032736966 0.02753252790227418
1.35725911169569602 0.02810753568140349
1.38565914458254658 0.02869455230865724
1.41465230280446930 0.02929382858487407
1.44425097358878052 0.02990562054878567
1.47446780286595969 0.03053018958640832
1.50531570067257503 0.03116780254271908
1.53680784666706316 0.03181873183566460
1.56895769576068611 0.03248325557255061
1.60177898386609341 0.03316165766886228
1.63528573376595143 0.03385422796956628
1.66949226110412341 0.03456126237294592
1.70441318050198221 0.03528306295702279
1.74006341180245117 0.03601993810861836
1.77645818644446463 0.03677220265511143
1.81361305397054373 0.03754017799894694
1.85154388867028041 0.03832419225495395
1.89026689636258172 0.03912458039053179
1.92979862131954660 0.03994168436876361
1.97015595333494420 0.04077585329451888
2.01135613494032972 0.04162744356360738
2.05341676877185186 0.04249681901504803
2.09635582509091423 0.04338435108651775
2.14019164946191776 0.04429041897304715
2.18494297059033427 0.04521540978903017
2.23062890832447769 0.04615971873361729
2.27726898182440340 0.04712374925956326
2.32488311790139646 0.04810791324560070
2.37349165953162888 0.04911263117241387
2.42311537454763704 0.05013833230228776
2.47377546451130126 0.05118545486250883
2.52549357377213424 0.05225444623259600
2.57829179871476688 0.05334576313544223
2.63219269719954818 0.05445987183244775
2.68721929820030425 0.05559724832272841
2.74339511164340433 0.05675837854648504
2.80074413845228820 0.05794375859261952
2.85929088080177163 0.05915389491068697
2.91906035258652974 0.06038930452727483
2.98007809010819180 0.06165051526690058
3.04237016298562946 0.06293806597752277
3.10596318529312887 0.06425250676076232
3.17088432693115374 0.06559439920693132
3.23716132523458322 0.06696431663497047
3.30482249682341100 0.06836284433739791
3.37389674970091491 0.06979057983037329
3.44441359560449367 0.07124813310898435
3.51640316261447250 0.07273612690786554
3.58989620802620957 0.07425519696725900
3.66492413149105367 0.07580599230463261
3.74151898843172059 0.07738917549197009
3.81971350373788576 0.07900542293885314
3.89954108574776903 0.08065542518145477
3.98103584052172232 0.08233988717756840
4.06423258641394813 0.08405952860779907
4.14916686894851061 0.08581508418304420
4.23587497600602969 0.08760730395839623
4.32439395332757393 0.08943695365360144
4.41476162034231390 0.09130481498021080
4.50701658632573565 0.09321168597556348
4.60119826689533795 0.09515838134374580
4.69734690085081663 0.09714573280367080
4.79550356736593564 0.09917458944442681
4.89571020353948594 0.10124581808804842
4.99800962231275925 0.10336030365986301
5.10244553076121754 0.10551894956657182
5.20906254876821162 0.10772267808222770
5.31790622808866420 0.10997243074227352
5.42902307181088695 0.11226916874580947
5.54246055422489103 0.11461387336626280
5.65826714110560314 0.11700754637063313
5.77649231041968392 0.11945121044749367
5.89718657346485209 0.12194590964393211
6.02040149645064471 0.12449270981161568
6.14618972252989071 0.12709269906217247
6.27460499429034613 0.12974698823208392
6.40570217671601494 0.13245671135728551
6.53953728062801254 0.13522302615767967
6.67616748661502157 0.13804711453176793
6.81565116946349381 0.14093018306161292
6.95804792309805631 0.14387346352834599
7.10341858604284493 0.14687821343844210
7.25182526741453248 0.14994571656098479
7.40333137345825065 0.15307728347615235
7.55800163463766062 0.15627425213515808
7.71590213329086083 0.15953798843188621
7.87710033186382397 0.16286988678646500
8.04166510173346971 0.16627137074102746
8.20966675263276535 0.16974389356791572
8.38117706269029661 0.17328893889058616
8.55626930909724059 0.17690802131748276
8.73501829941473851 0.18060268708914717
8.91750040353525897 0.18437451473884656
9.10379358631131019 0.18822511576699524
9.29397744086567457 0.19215613532966311
9.48813322259729297 0.19616925294146276
9.68634388389737566 0.20026618319311684
9.88869410959045503 0.20444867648400961
10.09527035311579013 0.20871851977004105
10.30616087346423448 0.21307753732709642
10.52145577288660050 0.21752759153046206
10.74124703538954506 0.22207058365051904
10.96562856603540759 0.22670845466505413
11.19469623106285816 0.23144318608853653
11.42854789884533240 0.23627680081871141
11.66728348170507523 0.24121136400087839
11.91100497860026763 0.24624898391021632
12.15981651870374058 0.25139181285253687
12.41382440589181257 0.25664204808384994
12.67313716416228075 0.26200193274913408
12.93786558400082320 0.26747375684071067
13.20812276971600951 0.27305985817663808
13.48402418776261946 0.27876262339953450
13.76568771607432140 0.28458448899626343
14.05323369442660919 0.29052794233891405
14.34678497585159285 0.29659552274752315
14.64646697912642637 0.30278982257498888
14.95240774235820069 0.30911348831464747
15.26473797768768570 0.31556922173097646
15.58359112713567107 0.32215978101391490
15.90910341961560981 0.32888798195729063
16.24141392913698212 0.33575669916185874
16.58066463422407111 0.34276886726346273
16.92700047857598378 0.34992748218685144
17.28056943299321802 0.35723560242567470
17.64152255859771401 0.36469635034921510
18.01001407137320953 0.37231291353640972
18.38620140805350189 0.38008854613773252
18.77024529338665104 0.38802657026551690
19.16230980880423829 0.39613037741332013
19.56256246252448250 0.40440342990492500
19.97117426111959304 0.41284926237360670
20.38831978257771382 0.42147148327229195
20.81417725089083604 0.43027377641525988
21.24892861220021700 0.43925990255203523
21.69275961253247331 0.44843370097416058
22.14585987715879511 0.45779909115551748
22.60842299161170743 0.46736007442690869
23.08064658439384331 0.47712073568561320
23.56273241141403929 0.48708524514064472
24.05488644218689132 0.49725786009445982
24.55731894783235703 0.50764292676187228
25.07024459091362445 0.51824488212696396
25.59388251715077800 0.52906825583876704
26.12845644905011966 0.54011767214654249
26.67419478148881495 0.55139785187547419
27.23133067929587980 0.56291361444362664
27.80010217687086183 0.57466987992102037
28.38075227988350946 0.58667167113172147
28.97352906909691583 0.59892411579982152
29.57868580635921774 0.61143244874024139
30.19648104280886969 0.62420201409528775
30.82717872933974235 0.63723826761792057
31.47104832937306895 0.65054677900270075
32.12836493398505411 0.66413323426542925
32.79940937943840851 0.67800343817247388
33.48446836716868802 0.69216331672083597
34.18383458627654647 0.70661891967001367
34.89780683857816967 0.72137642312674077
35.62669016626711738 0.73644213218370314
36.37079598224287480 0.75182248361337445
37.13044220316074018 0.76752404861810120
37.90595338526069469 0.78355353563762720
38.69766086303287267 0.79991779321525047
39.50590289077923956 0.81662381292384301
40.33102478713124128 0.83367873235296908
41.17337908258645740 0.85108983815840544
42.03332567012575538 0.86886456917533383
42.91123195897637999 0.88701051959655874
43.80747303158632633 0.90553544221710125
44.72243180387707184 0.92444725174655507
45.65649918884280822 0.94375402819061294
46.61007426356708550 0.96346402030322986
47.58356443972689220 0.98358564911087021
48.57738563765792605 1.00412751151036295
49.59196246405512198 1.02509838394189612
50.62772839338443731 1.04650722613872160
51.68512595308339286 1.06836318495517135
52.76460691262906977 1.09067559827461302
53.86663247655557285 1.11345399899903841
54.99167348150173495 1.13670811912195702
56.14021059737457620 1.16044789388635827
57.31273453271381868 1.18468346602950936
58.50974624434557114 1.20942519011640814
59.73175715141398712 1.23468363696372596
60.97928935388394223 1.26046959815616622
62.25287585560608505 1.28679409065712314
63.55306079204091674 1.31366836151564326
64.88039966273889547 1.34110389267168939
66.23545956867580742 1.36911240586176275
67.61881945454416609 1.39770586762696225
69.03107035610615583 1.42689649442566657
70.47281565271107695 1.45669675785296104
71.94467132508729890 1.48711938996908888
73.44726621851781090 1.51817738873917740
74.98124231151247443 1.54988402358658051
76.54725499009046530 1.58225284106217901
78.14597332779257499 1.61529767063211693
