0.00000000000000000 -0.00000000006397367 -0.00000000002532660
0.00005412326716949 -0.00033314773412867 -0.00013181936495486
0.00010937688095171 -0.00067325319866434 -0.00026639175471568
0.00016578444826347 -0.00102046175811299 -0.00040377468813033
0.00022337006904424 -0.00137492181853428 -0.00054402688767725
0.00028215834655281 -0.00173678489151520 -0.00068720830479202
0.00034217439787892 -0.00210620565951678 -0.00083338014573792
0.00040344386467445 -0.00248334204261735 -0.00098260489803043
0.00046599292410876 -0.00286835526668802 -0.00113494635742955
0.00052984830005274 -0.00326140993303492 -0.00129046965551350
0.00059503727449656 -0.00366267408953496 -0.00144924128784500
0.00066158769920574 -0.00407231930330494 -0.00161132914274566
0.00072952800762076 -0.00449052073493679 -0.00177680253069144
0.00079888722700516 -0.00491745721433680 -0.00194573221434455
0.00086969499084730 -0.00535331131820365 -0.00211819043923537
0.00094198155152118 -0.00579826944918323 -0.00229425096511000
0.00101577779321170 -0.00625252191674161 -0.00247398909795952
0.00109111524510977 -0.00671626301979420 -0.00265748172274619
0.00116802609488307 -0.00718969113113510 -0.00284480733684437
0.00124654320242812 -0.00767300878371010 -0.00303604608421286
0.00132670011390957 -0.00816642275875951 -0.00323127979031124
0.00140853107609267 -0.00867014417591023 -0.00343059199778837
0.00149207105097507 -0.00918438858522973 -0.00363406800295152
0.00157735573072424 -0.00970937606131456 -0.00384179489304269
0.00166442155292681 -0.01024533129943796 -0.00405386158433422
0.00175330571615643 -0.01079248371382739 -0.00427035886107034
0.00184404619586667 -0.01135106753811917 -0.00449137941527368
0.00193668176061599 -0.01192132192804296 -0.00471701788743827
0.00203125198863138 -0.01250349106637985 -0.00494737090812752
0.00212779728471811 -0.01309782427026709 -0.00518253714050490
0.00222635889752248 -0.01370457610090716 -0.00542261732382061
0.00232697893715518 -0.01432400647573654 -0.00566771431787710
0.00242970039318273 -0.01495638078309961 -0.00591793314849309
0.00253456715299454 -0.01560196999954069 -0.00617338105400707
0.00264162402055374 -0.01626105080972400 -0.00643416753282954
0.00275091673553946 -0.01693390572909160 -0.00670040439208444
0.00286249199288895 -0.01762082322930775 -0.00697220579736131
0.00297639746274789 -0.01832209786658250 -0.00724968832361388
0.00309268181083721 -0.01903803041293870 -0.00753297100723207
0.00321139471924543 -0.01976892799047174 -0.00782217539930998
0.00333258690765511 -0.02051510420878140 -0.00811742562017312
0.00345631015501269 -0.02127687930552366 -0.00841884841515657
0.00358261732165084 -0.02205458029030079 -0.00872657321171024
0.00371156237187290 -0.02284854109186782 -0.00904073217783268
0.00384320039700888 -0.02365910270883595 -0.00936146028189846
0.00397758763895312 -0.02448661336396363 -0.00968889535391625
0.00411478151419335 -0.02533142866201699 -0.01002317814822220
0.00425484063834179 -0.02619391175153733 -0.01036445240772230
0.00439782485117839 -0.02707443349034078 -0.01071286492964098
0.00454379524221720 -0.02797337261515043 -0.01106856563291009
0.00469281417680668 -0.02889111591521432 -0.01143170762716445
0.00484494532277503 -0.02982805841027528 -0.01180244728346955
0.00500025367763208 -0.03078460353278749 -0.01218094430676045
0.00515880559633927 -0.03176116331475431 -0.01256736181012125
0.00532066881965953 -0.03275815857908284 -0.01296186639088630
0.00548591250309934 -0.03377601913581155 -0.01336462820868718
0.00565460724645517 -0.03481518398321441 -0.01377582106546162
0.00582682512397695 -0.03587610151402224 -0.01419562248751368
0.00600263971516163 -0.03695922972687578 -0.01462421380967759
0.00618212613618971 -0.03806503644325190 -0.01506178026167595
0.00636536107201837 -0.03919399952991523 -0.01550851105670672
0.00655242280914489 -0.04034660712724659 -0.01596459948238565
0.00674339126905425 -0.04152335788349756 -0.01643024299407940
0.00693834804236536 -0.04272476119525504 -0.01690564331073716
0.00713737642369028 -0.04395133745435448 -0.01739100651331524
0.00734056144722168 -0.04520361830130076 -0.01788654314583707
0.00754798992306329 -0.04648214688572770 -0.01839246831927347
0.00775975047431932 -0.04778747813379877 -0.01890900181824072
0.00797593357495827 -0.04912017902309380 -0.01943636821070818
0.00819663158846774 -0.05048082886503680 -0.01997479696076140
0.00842193880731633 -0.05187001959533410 -0.02052452254459325
0.00865195149323977 -0.05328835607253837 -0.02108578456978937
0.00888676791836849 -0.05473645638516408 -0.02165882789807131
0.00912648840721397 -0.05621495216772450 -0.02224390277164360
0.00937121537953210 -0.05772448892580608 -0.02284126494321759
0.00962105339408162 -0.05926572637080572 -0.02345117580994058
0.00987610919329654 -0.06083933876463274 -0.02407390255136237
0.01013649174889146 -0.06244601527458263 -0.02470971827154509
0.01040231230841932 -0.06408646033909689 -0.02535890214557940
0.01067368444280161 -0.06576139404458743 -0.02602173957060691
0.01095072409485109 -0.06747155251403480 -0.02669852232161710
0.01123354962880801 -0.06921768830754867 -0.02738954871212617
0.01152228188091079 -0.07100057083573637 -0.02809512376005337
0.01181704421102290 -0.07282098678608277 -0.02881555935891260
0.01211796255533792 -0.07467974056319425 -0.02955117445464318
0.01242516548018540 -0.07657765474333050 -0.03030229522827176
0.01273878423696032 -0.07851557054391062 -0.03106925528468460
0.01305895281819983 -0.08049434830860951 -0.03185239584777060
0.01338580801483110 -0.08251486800888219 -0.03265206596226500
0.01371948947461478 -0.08457802976246137 -0.03346862270254308
0.01406013976180901 -0.08668475436966284 -0.03430243138870213
0.01440790441807949 -0.08883598386857050 -0.03515386581034947
0.01476293202468173 -0.09103268210948784 -0.03602330845830844
0.01512537426594180 -0.09327583534991524 -0.03691115076472935
0.01549538599406299 -0.09556645287110591 -0.03781779335203096
0.01587312529528585 -0.09790556761669569 -0.03874364629093618
0.01625875355743002 -0.10029423685524423 -0.03968912936828289
0.01665243553884663 -0.10273354286704800 -0.04065467236484516
0.01705433943881067 -0.10522459365696095 -0.04164071534382578
0.01746463696938363 -0.10776852369433437 -0.04264770895050334
0.01788350342877688 -0.11036649468134652 -0.04367611472356826
0.01831111777624718 -0.11301969635109697 -0.04472640541872515
0.01874766270855646 -0.11572934729714907 -0.04579906534524404
0.01919332473802835 -0.11849669583605256 -0.04689459071610204
0.01964829427223494 -0.12132302090426293 -0.04801349001233720
0.02011276569534779 -0.12420963299157071 -0.04915628436245613
0.02058693745118785 -0.12715787511268642 -0.05032350793760804
0.02107101212800992 -0.13016912381902823 -0.05151570836337159
0.02156519654505782 -0.13324479025275121 -0.05273344714901311
0.02206970184092715 -0.13638632124534220 -0.05397730013517280
0.02258474356377355 -0.13959520046286841 -0.05524785796088182
0.02311054176340495 -0.14287294960060462 -0.05654572655102007
0.02364732108529703 -0.14622112962951561 -0.05787152762526946
0.02419531086657223 -0.14964134209737148 -0.05922589922971729
0.02475474523398335 -0.15313523048731545 -0.06060949629231193
0.02532586320394326 -0.15670448163700459 -0.06202299120346726
0.02590890878464391 -0.16035082722187835 -0.06346707442327645
0.02650413108030806 -0.16407604530545292 -0.06494245511661580
0.02711178439761805 -0.16788196196060684 -0.06644986181776562
0.02773212835436757 -0.17177045296562596 -0.06799004312614065
0.02836542799038248 -0.17574344557930532 -0.06956376843491174
0.02901195388075807 -0.17980292039865289 -0.07117182869409938
0.02967198225146146 -0.18395091330503913 -0.07281503721044641
0.03034579509734807 -0.18818951750177262 -0.07449423048553884
0.03103368030264305 -0.19252088565023193 -0.07621026909494032
0.03173593176393882 -0.19694723210805981 -0.07796403861003831
0.03245284951576132 -0.20147083527614262 -0.07975645056531143
0.03318473985875876 -0.20609404006001747 -0.08158844347344422
0.03393191549056759 -0.21081926045202934 -0.08346098389096329
0.03469469563941134 -0.21564898224051970 -0.08537506753708977
0.03547340620048992 -0.22058576585413989 -0.08733172046911709
0.03626837987521721 -0.22563224934675014 -0.08933200031685903
0.03707995631336651 -0.23079115153301044 -0.09137699758017992
0.03790848225818478 -0.23606527528075250 -0.09346783699245335
0.03875431169453759 -0.24145751097021126 -0.09560567895406635
0.03961780600014781 -0.24697084012853912 -0.09779172103964162
0.04049933409999303 -0.25260833924940290 -0.10002719958313522
0.04139927262392760 -0.25837318380761565 -0.10231339134507028
0.04231800606759627 -0.26426865247954817 -0.10465161526650155
0.04325592695670878 -0.27029813158043842 -0.10704323431446630
0.04421343601474506 -0.27646511973028998 -0.10948965742394982
0.04519094233416289 -0.28277323276053634 -0.11199234154160878
0.04618886355118145 -0.28922620887470224 -0.11455279377691752
0.04720762602421474 -0.29582791407632619 -0.11717257366649518
0.04824766501603182 -0.30258234787867494 -0.11985329555783768
0.04930942487972149 -0.30949364931050705 -0.12259663111872200
0.05039335924854037 -0.31656610323423917 -0.12540431197928206
0.05149993122972624 -0.32380414699226401 -0.12827813251365738
0.05262961360235921 -0.33121237739862130 -0.13121995276869769
0.05378288901935464 -0.33879555809367762 -0.13423170154747557
0.05496025021367514 -0.34655862728065195 -0.13731537965579280
0.05616220020884904 -0.35450670586227306 -0.14047306331986059
0.05738925253388537 -0.36264510599948391 -0.14370690778459219
0.05864193144267742 -0.37097934011092820 -0.14701915110108146
0.05992077213798844 -0.37951513033588508 -0.15041211811314806
0.06122632100011513 -0.38825841848313630 -0.15388822465305738
0.06255913582032677 -0.39721537648817173 -0.15744998195649607
0.06391978603917964 -0.40639241740335580 -0.16110000130777596
0.06530885298980850 -0.41579620694433272 -0.16484099892607043
0.06672693014629928 -0.42543367562009060 -0.16867580110480690
0.06817462337724868 -0.43531203146858699 -0.17260734961480859
0.06965255120461952 -0.44543877342854915 -0.17663870738480977
0.07116134506800231 -0.45582170537183336 -0.18077306447100197
0.07270164959439530 -0.46646895082208473 -0.18501374432792439
0.07427412287361937 -0.47738896839082118 -0.18936421039504486
0.07587943673948470 -0.48859056795475247 -0.19382807301101423
0.07751827705682930 -0.50008292760296391 -0.19840909666931902
0.07919134401455241 -0.51187561138163029 -0.20311120762925983
0.08089935242476805 -0.52397858786261942 -0.20793850189539498
0.08264303202820568 -0.53640224955846960 -0.21289525357795036
0.08442312780598965 -0.54915743321706678 -0.21798592365034009
0.08624040029792988 -0.56225544100789648 -0.22321516911287256
0.08809562592745969 -0.57570806263011853 -0.22858785257817130
0.08998959733336007 -0.58952759836169477 -0.23410905229045698
0.09192312370841214 -0.60372688305785882 -0.23978407258690534
0.09389703114512160 -0.61831931112368332 -0.24561845481565325
0.09591216298866428 -0.63331886246460967 -0.25161798871770852
0.09796938019720219 -0.64874012941412718 -0.25778872427853317
0.10006956170972503 -0.66459834465414447 -0.26413698406144098
0.10221360482157399 -0.68090941010323147 -0.27066937602060998
0.10440242556780792 -0.69768992676722341 -0.27739280679850514
0.10663695911457621 -0.71495722553495411 -0.28431449550938381
0.10891816015866546 -0.73272939887080013 -0.29144198799838500
0.11124700333539013 -0.75102533337400756 -0.29878317157408446
0.11362448363500234 -0.76986474314825659 -0.30634629020201104
0.11605161682779813 -0.78926820388916286 -0.31413996013438000
0.11852943989810150 -0.80925718763715904 -0.32217318596656624
0.12105901148731263 -0.82985409805589383 -0.33045537707846406
0.12364141234620889 -0.85108230611838032 -0.33899636442821085
0.12627774579669157 -0.87296618607165499 -0.34780641766171733
0.12896913820317663 -0.89553115144936168 -0.35689626246422329
0.13171673945383003 -0.91880369098343517 -0.36627709811149367
0.13452172345185329 -0.94281140413367737 -0.37596061512932144
0.13738528861702992 -0.96758303594355932 -0.38595901296674323
0.14030865839774587 -0.99314851096527557 -0.39628501760227997
0.14329308179370365 -1.01953896578870662 -0.40695189892486711
0.14633983388955368 -1.04678677983634483 -0.41797348778014465
0.14945021639966885 -1.07492560391867897 -0.42936419251040192
0.15262555822429855 -1.10399038594897325 -0.44113901478143114
0.15586721601733630 -1.13401739333997242 -0.45331356453701027
0.15917657476594502 -1.16504423122721557 -0.46590407378045912
0.16255504838228885 -1.19710985586074226 -0.47892740895785213
0.16600408030762184 -1.23025458228726614 -0.49240108163525920
0.16952514412899339 -1.26452008521508774 -0.50634325707744199
0.17311974420883283 -1.29994939221802785 -0.52077276043503840
0.17678941632768383 -1.33658686779622182 -0.53570908000791628
0.18053572834036105 -1.37447818713446424 -0.55117236717457574
0.18436028084581019 -1.41367029805279976 -0.56718343244808400
0.18826470787095936 -1.45421136928782935 -0.58376373698442341
0.19225067756885098 -1.49615072366448576 -0.60093537902961280
0.19631989293135405 -1.53953875369958149 -0.61872107440663970
0.20047409251676232 -1.58442681774972560 -0.63714413035997930
0.20471505119258721 -1.63086711420365682 -0.65622841184321834
0.20904458089386296 -1.67891253076859259 -0.67599829916445309
0.21346453139729110 -1.72861646652098710 -0.69647863613901406
0.21797679111155024 -1.78003262280181485 -0.71769466729417242
0.22258328788411205 -1.83321476012653961 -0.73967196308306105
0.22728598982490827 -1.88821641704848475 -0.76243633159548074
0.23208690614719857 -1.94509058667764845 -0.78601371515825336
0.23698808802599927 -2.00388934719585343 -0.81043007046084947
0.24199162947444217 -2.06466344049879158 -0.83571122999084935
0.24709966823843374 -2.12746179503558386 -0.86188274330099968
0.25231438670999912 -2.19233098654816461 -0.88896969571690942
0.25763801285970300 -2.25931463103476871 -0.91699650232145280
0.26307282118854164 -2.32845270444357144 -0.94598667511496948
0.26862113369971485 -2.39978078106691983 -0.97596256025862504
0.27428532089069546 -2.47332918565239845 -1.00694504346826208
0.28006780276601551 -2.54912205018773497 -1.03895322004122215
0.28597104987120398 -2.62717626895731415 -1.07200402699386110
0.29199758434832046 -2.70750034410361540 -1.10611183423786330
0.29814998101353096 -2.79009311240459290 -1.14128799109184054
0.30443086845718847 -2.87494234758777178 -1.17754032580053680
0.31084293016689085 -2.96202322708973531 -1.21487259356868527
0.31738890567399058 -3.05129665793388272 -1.25328387082134363
0.32407159172404976 -3.14270745225356540 -1.29276789171316797
0.33089384347174128 -3.23618234507634117 -1.33331232364526242
0.33785857570070327 -3.33162784938686807 -1.37489797942409342
0.34496876406886945 -3.42892793919152084 -1.41749796186086008
0.35222744637981063 -3.52794155997340608 -1.46107673996118792
0.35963772388062443 -3.62849995936278846 -1.50558915305398933
0.36720276258693341 -3.73040383932027497 -1.55097934244361912
0.37492579463555276 -3.83342033024340489 -1.59717960961397898
0.38281011966541167 -3.93727978937609269 -1.64410920050787857
0.39085910622731213 -4.04167243454731828 -1.69167301873722042
0.39907619322312893 -4.14624482049118726 -1.73976026853319810
0.40746489137507175 -4.25059617914179366 -1.78824303384485250
0.41602878472562704 -4.35427464330880731 -1.83697479852827450
0.42477153216882768 -4.45677338538395951 -1.88578891718444019
0.43369686901350457 -4.55752670907044077 -1.93449704832091718
0.44280860857918347 -4.65590614034213779 -1.98288756383979115
0.45211064382531180 -4.75121657753078885 -2.03072395448803888
0.46160694901451416 -4.84269256965402839 -2.07774325286852468
0.47130158141058137 -4.92949480820097907 -2.12365450244624610
0.48119868301192154 -5.01070693181940108 -2.16813730496782231
0.49130248232121654 -5.08533276304277138 -2.21084048606548178
0.50161729615203454 -5.15229410987464931 -2.25138092392000955
0.51214753147317249 -5.21042929837785707 -2.28934259660699979
0.52289768729152031 -5.25849260582692590 -2.32427590673212592
0.53387235657424581 -5.29515481528901777 -2.35569735820037218
0.54507622821112223 -5.31900511201739068 -2.38308966195814920
0.55651408901784305 -5.32855459003277154 -2.40590236343481800
0.56819082578117130 -5.32224166534703258 -2.42355309525803309
0.58011142734680088 -5.29843969508219725 -2.43542956102605457
0.59228098675082685 -5.25546719331514112 -2.44089238733574421
0.60470470339572602 -5.19160096879210009 -2.43927896155719592
0.61738788527178223 -5.10509265028014081 -2.42990842091419790
0.63033595122491015 -4.99418897729415434 -2.41208793145097111
0.64355443327183692 -4.85715632701661537 -2.38512042842927752
0.65704897896363601 -4.69230994500717813 -2.34831399154066922
0.67082535379862684 -4.49804826640290401 -2.30099300303214171
0.68488944368566274 -4.27289287302078424 -2.24251129475566868
0.69924725745886374 -4.01553433153937345 -2.17226739013540371
0.71390492944487338 -3.72488440634778728 -2.08972203743710638
0.72886872208372744 -3.40013475195693493 -1.99441810073557368
0.74414502860445741 -3.04082227205099853 -1.88600290933435266
0.75974037575658049 -2.64690109327342737 -1.76425309062842794
0.77566142659862680 -2.21882074116579897 -1.62910179148867362
0.79191498334491151 -1.75761014029977058 -1.48066821824390460
0.80850799027175324 -1.26496618639343938 -1.31928912398656251
0.82544753668439663 -0.74334575903867628 -1.14555193387514165
0.84274085994589265 -0.19605890641574092 -0.96032880578898094
0.86039534856923394 0.37263932842581071 -0.76481085332321230
0.87841854537407604 0.95746201514814111 -0.56054140649694684
0.89681815070937965 1.55201297811383121 -0.34944683727877957
0.91560202574335536 2.14872446351836377 -0.13386320112441089
0.93477819582212573 2.73881708199901119 0.08344368097497541
0.95435485389852415 3.31229037164564089 0.29926740104208177
0.97434036403250379 3.85795446609129433 0.50996287834782361
0.99474326496465870 4.36351504896687192 0.71146502604539763
1.01557227376436776 4.81572618242160466 0.89932903840310707
1.03683628955413121 5.20062764339641515 1.06879788614987570
1.05854439731169547 5.50388663177780746 1.21490369995127390
1.08070587175157473 5.71126511580110918 1.33261031572417310
1.10333018128763971 5.80923873361763832 1.41700580907504348
1.12642699207846886 5.78579330469538977 1.46355409617243648
1.15000617215718126 5.63142999867968008 1.46841640749387792
1.17407779564751369 5.34041031884966522 1.42885373067496002
1.19865214706796364 4.91227348448524115 1.34372201733680163
1.22373972572581047 4.35366167085363998 1.21407322278767715
1.24935125020290649 3.68048113346996297 1.04387322026266283
1.27549766293515887 2.92043385955281520 0.84085032797432224
1.30219013488764590 2.11593566196801941 0.61748266889432901
1.32944007032736966 1.32744098395474674 0.39213489587657635
1.35725911169569602 0.63716765366000661 0.19034697215038796
1.38565914458254658 0.15290184254896813 0.04618329397400658
1.41465230280446930 0.00000000000000000 0.00000000000000000
1.44425097358878052 0.00000000000000000 0.00000000000000000
1.47446780286595969 0.00000000000000000 0.00000000000000000
1.50531570067257503 0.00000000000000000 0.00000000000000000
1.53680784666706316 0.00000000000000000 0.00000000000000000
1.56895769576068611 0.00000000000000000 0.00000000000000000
1.60177898386609341 0.00000000000000000 0.00000000000000000
1.63528573376595143 0.00000000000000000 0.00000000000000000
1.66949226110412341 0.00000000000000000 0.00000000000000000
1.70441318050198221 0.00000000000000000 0.00000000000000000
1.74006341180245117 0.00000000000000000 0.00000000000000000
1.77645818644446463 0.00000000000000000 0.00000000000000000
1.81361305397054373 0.00000000000000000 0.00000000000000000
1.85154388867028041 0.00000000000000000 0.00000000000000000
1.89026689636258172 0.00000000000000000 0.00000000000000000
1.92979862131954660 0.00000000000000000 0.00000000000000000
1.97015595333494420 0.00000000000000000 0.00000000000000000
2.01135613494032972 0.00000000000000000 0.00000000000000000
2.05341676877185186 0.00000000000000000 0.00000000000000000
2.09635582509091423 0.00000000000000000 0.00000000000000000
2.14019164946191776 0.00000000000000000 0.00000000000000000
2.18494297059033427 0.00000000000000000 0.00000000000000000
2.23062890832447769 0.00000000000000000 0.00000000000000000
2.27726898182440340 0.00000000000000000 0.00000000000000000
2.32488311790139646 0.00000000000000000 0.00000000000000000
2.37349165953162888 0.00000000000000000 0.00000000000000000
2.42311537454763704 0.00000000000000000 0.00000000000000000
2.47377546451130126 0.00000000000000000 0.00000000000000000
2.52549357377213424 0.00000000000000000 0.00000000000000000
2.57829179871476688 0.00000000000000000 0.00000000000000000
2.63219269719954818 0.00000000000000000 0.00000000000000000
2.68721929820030425 0.00000000000000000 0.00000000000000000
2.74339511164340433 0.00000000000000000 0.00000000000000000
2.80074413845228820 0.00000000000000000 0.00000000000000000
2.85929088080177163 0.00000000000000000 0.00000000000000000
2.91906035258652974 0.00000000000000000 0.00000000000000000
2.98007809010819180 0.00000000000000000 0.00000000000000000
3.04237016298562946 0.00000000000000000 0.00000000000000000
3.10596318529312887 0.00000000000000000 0.00000000000000000
3.17088432693115374 0.00000000000000000 0.00000000000000000
3.23716132523458322 0.00000000000000000 0.00000000000000000
3.30482249682341100 0.00000000000000000 0.00000000000000000
3.37389674970091491 0.00000000000000000 0.00000000000000000
3.44441359560449367 0.00000000000000000 0.00000000000000000
3.51640316261447250 0.00000000000000000 0.00000000000000000
3.58989620802620957 0.00000000000000000 0.00000000000000000
3.66492413149105367 0.00000000000000000 0.00000000000000000
3.74151898843172059 0.00000000000000000 0.00000000000000000
3.81971350373788576 0.00000000000000000 0.00000000000000000
3.89954108574776903 0.00000000000000000 0.00000000000000000
3.98103584052172232 0.00000000000000000 0.00000000000000000
4.06423258641394813 0.00000000000000000 0.00000000000000000
4.14916686894851061 0.00000000000000000 0.00000000000000000
4.23587497600602969 0.00000000000000000 0.00000000000000000
4.32439395332757393 0.00000000000000000 0.00000000000000000
4.41476162034231390 0.00000000000000000 0.00000000000000000
4.50701658632573565 0.00000000000000000 0.00000000000000000
4.60119826689533795 0.00000000000000000 0.00000000000000000
4.69734690085081663 0.00000000000000000 0.00000000000000000
4.79550356736593564 0.00000000000000000 0.00000000000000000
4.89571020353948594 0.00000000000000000 0.00000000000000000
4.99800962231275925 0.00000000000000000 0.00000000000000000
5.10244553076121754 0.00000000000000000 0.00000000000000000
5.20906254876821162 0.00000000000000000 0.00000000000000000
5.31790622808866420 0.00000000000000000 0.00000000000000000
5.42902307181088695 0.00000000000000000 0.00000000000000000
5.54246055422489103 0.00000000000000000 0.00000000000000000
5.65826714110560314 0.00000000000000000 0.00000000000000000
5.77649231041968392 0.00000000000000000 0.00000000000000000
5.89718657346485209 0.00000000000000000 0.00000000000000000
6.02040149645064471 0.00000000000000000 0.00000000000000000
6.14618972252989071 0.00000000000000000 0.00000000000000000
6.27460499429034613 0.00000000000000000 0.00000000000000000
6.40570217671601494 0.00000000000000000 0.00000000000000000
6.53953728062801254 0.00000000000000000 0.00000000000000000
6.67616748661502157 0.00000000000000000 0.00000000000000000
6.81565116946349381 0.00000000000000000 0.00000000000000000
6.95804792309805631 0.00000000000000000 0.00000000000000000
7.10341858604284493 0.00000000000000000 0.00000000000000000
7.25182526741453248 0.00000000000000000 0.00000000000000000
7.40333137345825065 0.00000000000000000 0.00000000000000000
7.55800163463766062 0.00000000000000000 0.00000000000000000
7.71590213329086083 0.00000000000000000 0.00000000000000000
7.87710033186382397 0.00000000000000000 0.00000000000000000
8.04166510173346971 0.00000000000000000 0.00000000000000000
8.20966675263276535 0.00000000000000000 0.00000000000000000
8.38117706269029661 0.00000000000000000 0.00000000000000000
8.55626930909724059 0.00000000000000000 0.00000000000000000
8.73501829941473851 0.00000000000000000 0.00000000000000000
8.91750040353525897 0.00000000000000000 0.00000000000000000
9.10379358631131019 0.00000000000000000 0.00000000000000000
9.29397744086567457 0.00000000000000000 0.00000000000000000
9.48813322259729297 0.00000000000000000 0.00000000000000000
9.68634388389737566 0.00000000000000000 0.00000000000000000
9.88869410959045503 0.00000000000000000 0.00000000000000000
10.09527035311579013 0.00000000000000000 0.00000000000000000
10.30616087346423448 0.00000000000000000 0.00000000000000000
10.52145577288660050 0.00000000000000000 0.00000000000000000
10.74124703538954506 0.00000000000000000 0.00000000000000000
10.96562856603540759 0.00000000000000000 0.00000000000000000
11.19469623106285816 0.00000000000000000 0.00000000000000000
11.42854789884533240 0.00000000000000000 0.00000000000000000
11.66728348170507523 0.00000000000000000 0.00000000000000000
11.91100497860026763 0.00000000000000000 0.00000000000000000
12.15981651870374058 0.00000000000000000 0.00000000000000000
12.41382440589181257 0.00000000000000000 0.00000000000000000
12.67313716416228075 0.00000000000000000 0.00000000000000000
12.93786558400082320 0.00000000000000000 0.00000000000000000
13.20812276971600951 0.00000000000000000 0.00000000000000000
13.48402418776261946 0.00000000000000000 0.00000000000000000
13.76568771607432140 0.00000000000000000 0.00000000000000000
14.05323369442660919 0.00000000000000000 0.00000000000000000
14.34678497585159285 0.00000000000000000 0.00000000000000000
14.64646697912642637 0.00000000000000000 0.00000000000000000
14.95240774235820069 0.00000000000000000 0.00000000000000000
15.26473797768768570 0.00000000000000000 0.00000000000000000
15.58359112713567107 0.00000000000000000 0.00000000000000000
15.90910341961560981 0.00000000000000000 0.00000000000000000
16.24141392913698212 0.00000000000000000 0.00000000000000000
16.58066463422407111 0.00000000000000000 0.00000000000000000
16.92700047857598378 0.00000000000000000 0.00000000000000000
17.28056943299321802 0.00000000000000000 0.00000000000000000
17.64152255859771401 0.00000000000000000 0.00000000000000000
18.01001407137320953 0.00000000000000000 0.00000000000000000
18.38620140805350189 0.00000000000000000 0.00000000000000000
18.77024529338665104 0.00000000000000000 0.00000000000000000
19.16230980880423829 0.00000000000000000 0.00000000000000000
19.56256246252448250 0.00000000000000000 0.00000000000000000
19.97117426111959304 0.00000000000000000 0.00000000000000000
20.38831978257771382 0.00000000000000000 0.00000000000000000
20.81417725089083604 0.00000000000000000 0.00000000000000000
21.24892861220021700 0.00000000000000000 0.00000000000000000
21.69275961253247331 0.00000000000000000 0.00000000000000000
22.14585987715879511 0.00000000000000000 0.00000000000000000
22.60842299161170743 0.00000000000000000 0.00000000000000000
23.08064658439384331 0.00000000000000000 0.00000000000000000
23.56273241141403929 0.00000000000000000 0.00000000000000000
24.05488644218689132 0.00000000000000000 0.00000000000000000
24.55731894783235703 0.00000000000000000 0.00000000000000000
25.07024459091362445 0.00000000000000000 0.00000000000000000
25.59388251715077800 0.00000000000000000 0.00000000000000000
26.12845644905011966 0.00000000000000000 0.00000000000000000
26.67419478148881495 0.00000000000000000 0.00000000000000000
27.23133067929587980 0.00000000000000000 0.00000000000000000
27.80010217687086183 0.00000000000000000 0.00000000000000000
28.38075227988350946 0.00000000000000000 0.00000000000000000
28.97352906909691583 0.00000000000000000 0.00000000000000000
29.57868580635921774 0.00000000000000000 0.00000000000000000
30.19648104280886969 0.00000000000000000 0.00000000000000000
30.82717872933974235 0.00000000000000000 0.00000000000000000
31.47104832937306895 0.00000000000000000 0.00000000000000000
32.12836493398505411 0.00000000000000000 0.00000000000000000
32.79940937943840851 0.00000000000000000 0.00000000000000000
33.48446836716868802 0.00000000000000000 0.00000000000000000
34.18383458627654647 0.00000000000000000 0.00000000000000000
34.89780683857816967 0.00000000000000000 0.00000000000000000
35.62669016626711738 0.00000000000000000 0.00000000000000000
36.37079598224287480 0.00000000000000000 0.00000000000000000
37.13044220316074018 0.00000000000000000 0.00000000000000000
37.90595338526069469 0.00000000000000000 0.00000000000000000
38.69766086303287267 0.00000000000000000 0.00000000000000000
39.50590289077923956 0.00000000000000000 0.00000000000000000
40.33102478713124128 0.00000000000000000 0.00000000000000000
41.17337908258645740 0.00000000000000000 0.00000000000000000
42.03332567012575538 0.00000000000000000 0.00000000000000000
42.91123195897637999 0.00000000000000000 0.00000000000000000
43.80747303158632633 0.00000000000000000 0.00000000000000000
44.72243180387707184 0.00000000000000000 0.00000000000000000
45.65649918884280822 0.00000000000000000 0.00000000000000000
46.61007426356708550 0.00000000000000000 0.00000000000000000
47.58356443972689220 0.00000000000000000 0.00000000000000000
48.57738563765792605 0.00000000000000000 0.00000000000000000
49.59196246405512198 0.00000000000000000 0.00000000000000000
50.62772839338443731 0.00000000000000000 0.00000000000000000
51.68512595308339286 0.00000000000000000 0.00000000000000000
52.76460691262906977 0.00000000000000000 0.00000000000000000
53.86663247655557285 0.00000000000000000 0.00000000000000000
54.99167348150173495 0.00000000000000000 0.00000000000000000
56.14021059737457620 0.00000000000000000 0.00000000000000000
57.31273453271381868 0.00000000000000000 0.00000000000000000
58.50974624434557114 0.00000000000000000 0.00000000000000000
59.73175715141398712 0.00000000000000000 0.00000000000000000
60.97928935388394223 0.00000000000000000 0.00000000000000000
62.25287585560608505 0.00000000000000000 0.00000000000000000
63.55306079204091674 0.00000000000000000 0.00000000000000000
64.88039966273889547 0.00000000000000000 0.00000000000000000
66.23545956867580742 0.00000000000000000 0.00000000000000000
67.61881945454416609 0.00000000000000000 0.00000000000000000
69.03107035610615583 0.00000000000000000 0.00000000000000000
70.47281565271107695 0.00000000000000000 0.00000000000000000
71.94467132508729890 0.00000000000000000 0.00000000000000000
73.44726621851781090 0.00000000000000000 0.00000000000000000
74.98124231151247443 0.00000000000000000 0.00000000000000000
76.54725499009046530 0.00000000000000000 0.00000000000000000
78.14597332779257499 0.00000000000000000 0.00000000000000000
