0.00000000000000000 -22.54108529866797639 -10.54978047026211563
0.00005412326716949 -22.54108503063761759 -10.54978035759048360
0.00010937688095171 -22.54108420379906619 -10.54978001001324195
0.00016578444826347 -22.54108278321598746 -10.54977941284423260
0.00022337006904424 -22.54108073215790142 -10.54977855064310255
0.00028215834655281 -22.54107801210020412 -10.54977740721530921
0.00034217439787892 -22.54107458264365604 -10.54977596557826658
0.00040344386467445 -22.54107040142991636 -10.54977420792584297
0.00046599292410876 -22.54106542405363101 -10.54977211559139505
0.00052984830005274 -22.54105960397057018 -10.54976966900918178
0.00059503727449656 -22.54105289240188270 -10.54976684767408557
0.00066158769920574 -22.54104523823411910 -10.54976363009957296
0.00072952800762076 -22.54103658791484577 -10.54975999377388618
0.00079888722700516 -22.54102688534405985 -10.54975591511431077
0.00086969499084730 -22.54101607176066935 -10.54975136941947689
0.00094198155152118 -22.54100408562374724 -10.54974633081950941
0.00101577779321170 -22.54099086248914574 -10.54974077222406059
0.00109111524510977 -22.54097633488071750 -10.54973466526826087
0.00116802609488307 -22.54096043215571754 -10.54972798025606195
0.00124654320242812 -22.54094308036464156 -10.54972068610135594
0.00132670011390957 -22.54092420210449887 -10.54971275026634103
0.00140853107609267 -22.54090371636682022 -10.54970413869751411
0.00149207105097507 -22.54088153837756892 -10.54969481575849777
0.00157735573072424 -22.54085757943197166 -10.54968474416051549
0.00166442155292681 -22.54083174672039647 -10.54967388488923596
0.00175330571615643 -22.54080394314797076 -10.54966219712898123
0.00184404619586667 -22.54077406714662857 -10.54964963818359536
0.00193668176061599 -22.54074201247719600 -10.54963616339340504
0.00203125198863138 -22.54070766802540149 -10.54962172604934345
0.00212779728471811 -22.54067091758761876 -10.54960627730296707
0.00222635889752248 -22.54063163964798733 -10.54958976607267118
0.00232697893715518 -22.54058970714483578 -10.54957213894561363
0.00242970039318273 -22.54054498722940991 -10.54955334007619605
0.00253456715299454 -22.54049734101185365 -10.54953331107930303
0.00264162402055374 -22.54044662329698667 -10.54951199091928871
0.00275091673553946 -22.54039268231016280 -10.54948931579465921
0.00286249199288895 -22.54033535940921951 -10.54946521901700507
0.00297639746274789 -22.54027448878544604 -10.54943963088533110
0.00309268181083721 -22.54020989715118617 -10.54941247855468767
0.00321139471924543 -22.54014140341491412 -10.54938368589959374
0.00333258690765511 -22.54006881834072118 -10.54935317337091405
0.00345631015501269 -22.53999194419510133 -10.54932085784733076
0.00358261732165084 -22.53991057437730916 -10.54928665248003128
0.00371156237187290 -22.53982449303456548 -10.54925046653084664
0.00384320039700888 -22.53973347466070365 -10.54921220520363789
0.00397758763895312 -22.53963728367737929 -10.54917176946815083
0.00411478151419335 -22.53953567399777924 -10.54912905587665328
0.00425484063834179 -22.53942838857134845 -10.54908395637258778
0.00439782485117839 -22.53931515890932857 -10.54903635809104578
0.00454379524221720 -22.53919570459006039 -10.54898614315083982
0.00469281417680668 -22.53906973274295922 -10.54893318843757122
0.00484494532277503 -22.53893693751084015 -10.54887736537760823
0.00500025367763208 -22.53879699948866389 -10.54881853970213079
0.00515880559633927 -22.53864958513917927 -10.54875657120153143
0.00532066881965953 -22.53849434618344461 -10.54869131346906208
0.00548591250309934 -22.53833091896427376 -10.54862261363343734
0.00565460724645517 -22.53815892378477415 -10.54855031208059479
0.00582682512397695 -22.53797796421672928 -10.54847424216302620
0.00600263971516163 -22.53778762638037136 -10.54839422989699038
0.00618212613618971 -22.53758747819384922 -10.54831009364699312
0.00636536107201837 -22.53737706858969858 -10.54822164379643468
0.00655242280914489 -22.53715592669936996 -10.54812868240473911
0.00674339126905425 -22.53692356100208016 -10.54803100284956052
0.00693834804236536 -22.53667945843781339 -10.54792838945392219
0.00713737642369028 -22.53642308348294065 -10.54782061709755681
0.00734056144722168 -22.53615387718573970 -10.54770745081154359
0.00754798992306329 -22.53587125616235554 -10.54758864535611451
0.00775975047431932 -22.53557461154882802 -10.54746394478011418
0.00797593357495827 -22.53526330790932874 -10.54733308196207098
0.00819663158846774 -22.53493668209788225 -10.54719577813163411
0.00842193880731633 -22.53459404207244887 -10.54705174237098930
0.00865195149323977 -22.53423466565736533 -10.54690067109464735
0.00888676791836849 -22.53385779925515209 -10.54674224750780631
0.00912648840721397 -22.53346265650224822 -10.54657614104131547
0.00937121537953210 -22.53304841686856008 -10.54640200676281303
0.00962105339408162 -22.53261422419805271 -10.54621948476324356
0.00987610919329654 -22.53215918518661098 -10.54602819951690584
0.01013649174889146 -22.53168236779647060 -10.54582775921490168
0.01040231230841932 -22.53118279960345660 -10.54561775507020727
0.01067368444280161 -22.53065946607351933 -10.54539776059321809
0.01095072409485109 -22.53011130876816637 -10.54516733083716318
0.01123354962880801 -22.52953722347224996 -10.54492600161106353
0.01152228188091079 -22.52893605824446865 -10.54467328866007492
0.01181704421102290 -22.52830661138372648 -10.54440868681054866
0.01211796255533792 -22.52764762931204601 -10.54413166907985655
0.01242516548018540 -22.52695780436600259 -10.54384168574794600
0.01273878423696032 -22.52623577249650921 -10.54353816339017769
0.01305895281819983 -22.52548011087166557 -10.54322050386947929
0.01338580801483110 -22.52468933537767626 -10.54288808328568905
0.01371948947461478 -22.52386189801638139 -10.54254025088125779
0.01406013976180901 -22.52299618419110772 -10.54217632790020076
0.01440790441807949 -22.52209050988050620 -10.54179560639980195
0.01476293202468173 -22.52114311869269869 -10.54139734801197115
0.01512537426594180 -22.52015217879561959 -10.54098078265263538
0.01549538599406299 -22.51911577971915790 -10.54054510717712567
0.01587312529528585 -22.51803192902256967 -10.54008948397897427
0.01625875355743002 -22.51689854882282305 -10.53961303953010997
0.01665243553884663 -22.51571347217666030 -10.53911486285971577
0.01705433943881067 -22.51447443931281001 -10.53859400396979673
0.01746463696938363 -22.51317909370423820 -10.53804947218379340
0.01788350342877688 -22.51182497797886128 -10.53748023442689075
0.01831111777624718 -22.51040952965721686 -10.53688521343386952
0.01874766270855646 -22.50893007671322010 -10.53626328588231864
0.01919332473802835 -22.50738383295071188 -10.53561328044839840
0.01964829427223494 -22.50576789318446913 -10.53493397578052182
0.02011276569534779 -22.50407922822390461 -10.53422409838974438
0.02058693745118785 -22.50231467964615106 -10.53348232045174093
0.02107101212800992 -22.50047095435156308 -10.53270725751724157
0.02156519654505782 -22.49854461889435697 -10.53189746612780198
0.02206970184092715 -22.49653209357780526 -10.53105144133246540
0.02258474356377355 -22.49442964630284081 -10.53016761410082935
0.02311054176340495 -22.49223338616513956 -10.52924434863012060
0.02364732108529703 -22.48993925678443873 -10.52827993953968466
0.02419531086657223 -22.48754302935963167 -10.52727260895003703
0.02475474523398335 -22.48504029543759586 -10.52622050344143290
0.02532586320394326 -22.48242645938217876 -10.52512169088637606
0.02590890878464391 -22.47969673053597717 -10.52397415715256912
0.02650413108030806 -22.47684611505663455 -10.52277580266915713
0.02711178439761805 -22.47386940742054051 -10.52152443885278288
0.02773212835436757 -22.47076118157752589 -10.52021778438676236
0.02836542799038248 -22.46751578174179187 -10.51885346134719157
0.02901195388075807 -22.46412731280923580 -10.51742899117171604
0.02967198225146146 -22.46058963038155554 -10.51594179046268884
0.03034579509734807 -22.45689633038523070 -10.51438916661982148
0.03103368030264305 -22.45304073826729763 -10.51276831329462880
0.03173593176393882 -22.44901589775360407 -10.51107630566053253
0.03245284951576132 -22.44481455915132884 -10.50931009549110406
0.03318473985875876 -22.44042916717807756 -10.50746650603885257
0.03393191549056759 -22.43585184830086376 -10.50554222670756133
0.03469469563941134 -22.43107439756438026 -10.50353380750953214
0.03547340620048992 -22.42608826489169260 -10.50143765330037127
0.03626837987521721 -22.42088454083451055 -10.49925001778208511
0.03707995631336651 -22.41545394175555472 -10.49696699726659865
0.03790848225818478 -22.40978679441937516 -10.49458452419010790
0.03875431169453759 -22.40387301997102654 -10.49209836036936849
0.03961780600014781 -22.39770211728006544 -10.48950408999037442
0.04049933409999303 -22.39126314562691888 -10.48679711231966927
0.04139927262392760 -22.38454470670583163 -10.48397263412775793
0.04231800606759627 -22.37753492592450755 -10.48102566181543693
0.04325592695670878 -22.37022143296911025 -10.47795099323059986
0.04421343601474506 -22.36259134161472417 -10.47474320916650292
0.04519094233416289 -22.35463122875130537 -10.47139666452892470
0.04618886355118145 -22.34632711259858695 -10.46790547916122627
0.04720762602421474 -22.33766443008386560 -10.46426352831571371
0.04824766501603182 -22.32862801335236469 -10.46046443275895221
0.04930942487972149 -22.31920206538272211 -10.45650154849905000
0.05039335924854037 -22.30937013467699970 -10.45236795612189162
0.05149993122972624 -22.29911508899695605 -10.44805644972449343
0.05262961360235921 -22.28841908811369876 -10.44355952543122967
0.05378288901935464 -22.27726355554275273 -10.43886936948106658
0.05496025021367514 -22.26562914922996939 -10.43397784587120292
0.05616220020884904 -22.25349573116013246 -10.42887648354476227
0.05738925253388537 -22.24084233585293546 -10.42355646310771533
0.05864193144267742 -22.22764713771685052 -10.41800860306216592
0.05992077213798844 -22.21388741722831384 -10.41222334554216999
0.06122632100011513 -22.19953952590199009 -10.40619074153716994
0.06255913582032677 -22.18457885002242236 -10.39990043559052779
0.06391978603917964 -22.16897977310498646 -10.39334164995889154
0.06530885298980850 -22.15271563705341862 -10.38650316821857977
0.06672693014629928 -22.13575870198268092 -10.37937331830521437
0.06817462337724868 -22.11808010468075381 -10.37193995497507082
0.06965255120461952 -22.09964981567538445 -10.36419044167324088
0.07116134506800231 -22.08043659487922028 -10.35611163179715533
0.07270164959439530 -22.06040794578959918 -10.34768984934444980
0.07427412287361937 -22.03953006821292249 -10.33891086893223843
0.07587943673948470 -22.01776780949323253 -10.32975989517831472
0.07751827705682930 -21.99508461422693628 -10.32022154143582604
0.07919134401455241 -21.97144247243717174 -10.31027980786973153
0.08089935242476805 -21.94680186620204054 -10.29991805887128820
0.08264303202820568 -21.92112171472021132 -10.28911899980292688
0.08442312780598965 -21.89435931780392863 -10.27786465306812325
0.08624040029792988 -21.86647029780230156 -10.26613633350620347
0.08809562592745969 -21.83740853995174547 -10.25391462310981794
0.08998959733336007 -21.80712613115976950 -10.24117934506573668
0.09192312370841214 -21.77557329724415780 -10.22790953712732964
0.09389703114512160 -21.74269833863780832 -10.21408342432096639
0.09591216298866428 -21.70844756459106151 -10.19967839099823159
0.09796938019720219 -21.67276522591905419 -10.18467095225190988
0.10006956170972503 -21.63559344632201231 -10.16903672470524711
0.10221360482157399 -21.59687215235287283 -10.15275039670402357
0.10440242556780792 -21.55653900210003471 -10.13578569793673090
0.10663695911457621 -21.51452931265213309 -10.11811536850915516
0.10891816015866546 -21.47077598646954044 -10.09971112752239542
0.11124700333539013 -21.42520943675177492 -10.08054364118883051
0.11362448363500234 -21.37775751193714768 -10.06058249054034981
0.11605161682779813 -21.32834541950512630 -10.03979613879626598
0.11852943989810150 -21.27689564921211129 -10.01815189844271714
0.12105901148731263 -21.22332789599334646 -9.99561589811655971
0.12364141234620889 -21.16755898273492420 -9.97215304937513380
0.12627774579669157 -21.10950278313901407 -9.94772701344109400
0.12896913820317663 -21.04907014501268492 -9.92230016805525850
0.13171673945383003 -20.98616881422404390 -9.89583357453479451
0.13452172345185329 -20.92070335970980466 -9.86828694519162397
0.13738528861702992 -20.85257509992188218 -9.83961861126731385
0.14030865839774587 -20.78168203107674117 -9.80978549153066837
0.14329308179370365 -20.70791875776253121 -9.77874306176246044
0.14633983388955368 -20.63117642633962490 -9.74644532530331631
0.14945021639966885 -20.55134266173174851 -9.71284478490592207
0.15262555822429855 -20.46830150827453565 -9.67789241616197415
0.15586721601733630 -20.38193337519737725 -9.64153764273654978
0.15917657476594502 -20.29211498761910804 -9.60372831376722935
0.16255504838228885 -20.19871934378003431 -9.56441068372071435
0.16600408030762184 -20.10161567941845817 -9.52352939507535190
0.16952514412899339 -20.00066944035853211 -9.48102746426305920
0.17311974420883283 -19.89574226419620118 -9.43684627123004738
0.17678941632768383 -19.78669197243256050 -9.39092555316552691
0.18053572834036105 -19.67337257417064222 -9.34320340285117901
0.18436028084581019 -19.55563428274707150 -9.29361627218926678
0.18826470787095936 -19.43332354690037178 -9.24209898156141918
0.19225067756885098 -19.30628309781273089 -9.18858473556093180
0.19631989293135405 -19.17435201402280143 -9.13300514591253432
0.20047409251676232 -19.03736580584232385 -9.07529026224369595
0.20471505119258721 -18.89515652131046863 -9.01536861153554803
0.20904458089386296 -18.74755287597546527 -8.95316724718639989
0.21346453139729110 -18.59438040845283524 -8.88861180848079613
0.21797679111155024 -18.43546166462689229 -8.82162659163311602
0.22258328788411205 -18.27061641274937642 -8.75213463332294594
0.22728598982490827 -18.09966189239811385 -8.68005780793013315
0.23208690614719857 -17.92241310037131896 -8.60531693972302669
0.23698808802599927 -17.73868311629817285 -8.52783193113223703
0.24199162947444217 -17.54828347187427440 -8.44752190870456765
0.24709966823843374 -17.35102456668998627 -8.36430538794524558
0.25231438670999912 -17.14671613480437529 -8.27810045874239542
0.25763801285970300 -16.93516776591457074 -8.18882499294281807
0.26307282118854164 -16.71618948496665880 -8.09639687564619592
0.26862113369971485 -16.48959239516952024 -8.00073426224168216
0.27428532089069546 -16.25518938812848901 -7.90175586270013852
0.28006780276601551 -16.01279592655419748 -7.79938125534745019
0.28597104987120398 -15.76223090394998927 -7.69353123191268651
0.29199758434832046 -15.50331758633191193 -7.58412817591091226
0.29814998101353096 -15.23588464158470757 -7.47109647664543441
0.30443086845718847 -14.95976726088701270 -7.35436298063400162
0.31084293016689085 -14.67480837853801567 -7.23385748304125631
0.31738890567399058 -14.38085999465775977 -7.10951326093754332
0.32407159172404976 -14.07778460667853970 -6.98126765079534017
0.33089384347174128 -13.76545675484383402 -6.84906267234799060
0.33785857570070327 -13.44376468644340328 -6.71284570073494180
0.34496876406886945 -13.11261214453912061 -6.57257018927796821
0.35222744637981063 -12.77192028485450415 -6.42819644438129068
0.35963772388062443 -12.42162972596007364 -6.27969245464553882
0.36720276258693341 -12.06170273587708763 -6.12703477546442965
0.37492579463555276 -11.69212555840717549 -5.97020947044996486
0.38281011966541167 -11.31291088153053970 -5.80921311063766588
0.39085910622731213 -10.92410044890888265 -5.64405383189347098
0.39907619322312893 -10.52576781485738877 -5.47475245066900573
0.40746489137507175 -10.11802124136504055 -5.30134363752907323
0.41602878472562704 -9.70100673432915883 -5.12387714729958521
0.42477153216882768 -9.27491121402461793 -4.94241910381490968
0.43369686901350457 -8.83996581338071508 -4.75705333666046659
0.44280860857918347 -8.39644929331303658 -4.56788276554565265
0.45211064382531180 -7.94469156474316751 -4.37503082811797839
0.46160694901451416 -7.48507729908109631 -4.17864294382639123
0.47130158141058137 -7.01804961041283537 -3.97888800706940460
0.48119868301192154 -6.54411378431421653 -3.77595989948069333
0.49130248232121654 -6.06384102491944521 -3.57007900989325400
0.50161729615203454 -5.57787219025300640 -3.36149374989809013
0.51214753147317249 -5.08692147061288491 -3.15048204673506937
0.52289768729152031 -4.59177997413446537 -2.93735279913054459
0.53387235657424581 -4.09331915738513885 -2.72244727101822281
0.54507622821112223 -3.59249405086255713 -2.50614040307567265
0.55651408901784305 -3.09034620730567466 -2.28884201312563507
0.56819082578117130 -2.58800629507972513 -2.07099785426263594
0.58011142734680088 -2.08669626240224293 -1.85309050111847551
0.59228098675082685 -1.58773095822658417 -1.63564001854579422
0.60470470339572602 -1.09251913117457011 -1.41920438167634200
0.61738788527178223 -0.60256366285200902 -1.20437959001522898
0.63033595122491015 -0.11946093270688636 -0.99179943511094315
0.64355443327183692 0.35510083549201915 -0.78213486245549479
0.65704897896363601 0.81934439971035622 -0.57609286691108252
0.67082535379862684 1.27140763256877265 -0.37441486937695367
0.68488944368566274 1.70934917839041067 -0.17787448923125138
0.69924725745886374 2.13115575504426102 0.01272533322645359
0.71390492944487338 2.53475135607092961 0.19655596412039458
0.72886872208372744 2.91800849756661007 0.37276750723982449
0.74414502860445741 3.27876174570462808 0.54049412948087938
0.75974037575658049 3.61482374026436304 0.69886036147193586
0.77566142659862680 3.92400387819575203 0.84698843267855006
0.79191498334491151 4.20412995541441070 0.98400675296597861
0.80850799027175324 4.45307285308354839 1.10905956603033529
0.82544753668439663 4.66877459012380402 1.22131789301406535
0.84274085994589265 4.84927980775183176 1.31999178016735375
0.86039534856923394 4.99277091248687466 1.40434392678556574
0.87841854537407604 5.09760699245623705 1.47370472253189333
0.89681815070937965 5.16236653095563280 1.52748868492316725
0.91560202574335536 5.18589408465945212 1.56521234142921362
0.93477819582212573 5.16735071639093135 1.58651344860568444
0.95435485389852415 5.10626828778976360 1.59117156142627469
0.97434036403250379 5.00260722786151657 1.57912977020899414
0.99474326496465870 4.85681761126985556 1.55051750424293333
1.01557227376436776 4.66990305180708010 1.50567416864035275
1.03683628955413121 4.44348677593151997 1.44517332369709584
1.05854439731169547 4.17987921321859535 1.36984709918265346
1.08070587175157473 3.88214588642181990 1.28081032249829230
1.10333018128763971 3.55417452442385651 1.17948388581147290
1.12642699207846886 3.20073954018070594 1.06761658255821335
1.15000617215718126 2.82756198420685578 0.94730462504975799
1.17407779564751369 2.44136230343690253 0.82100776371053119
1.19865214706796364 2.04990274936543004 0.69156074843065451
1.22373972572581047 1.66201546090518826 0.56217856258481869
1.24935125020290649 1.28761127478239690 0.43645352178992380
1.27549766293515887 0.93766307620359035 0.31834185142794175
1.30219013488764590 0.62415610241286623 0.21213688862900434
1.32944007032736966 0.35999550337991781 0.12242525369568273
1.35725911169569602 0.15885904330041681 0.05402150852499141
1.38565914458254658 0.03491747421021574 0.01185445673199486
1.41465230280446930 0.00000000000000000 0.00000000000000000
1.44425097358878052 0.00000000000000000 0.00000000000000000
1.47446780286595969 0.00000000000000000 0.00000000000000000
1.50531570067257503 0.00000000000000000 0.00000000000000000
1.53680784666706316 0.00000000000000000 0.00000000000000000
1.56895769576068611 0.00000000000000000 0.00000000000000000
1.60177898386609341 0.00000000000000000 0.00000000000000000
1.63528573376595143 0.00000000000000000 0.00000000000000000
1.66949226110412341 0.00000000000000000 0.00000000000000000
1.70441318050198221 0.00000000000000000 0.00000000000000000
1.74006341180245117 0.00000000000000000 0.00000000000000000
1.77645818644446463 0.00000000000000000 0.00000000000000000
1.81361305397054373 0.00000000000000000 0.00000000000000000
1.85154388867028041 0.00000000000000000 0.00000000000000000
1.89026689636258172 0.00000000000000000 0.00000000000000000
1.92979862131954660 0.00000000000000000 0.00000000000000000
1.97015595333494420 0.00000000000000000 0.00000000000000000
2.01135613494032972 0.00000000000000000 0.00000000000000000
2.05341676877185186 0.00000000000000000 0.00000000000000000
2.09635582509091423 0.00000000000000000 0.00000000000000000
2.14019164946191776 0.00000000000000000 0.00000000000000000
2.18494297059033427 0.00000000000000000 0.00000000000000000
2.23062890832447769 0.00000000000000000 0.00000000000000000
2.27726898182440340 0.00000000000000000 0.00000000000000000
2.32488311790139646 0.00000000000000000 0.00000000000000000
2.37349165953162888 0.00000000000000000 0.00000000000000000
2.42311537454763704 0.00000000000000000 0.00000000000000000
2.47377546451130126 0.00000000000000000 0.00000000000000000
2.52549357377213424 0.00000000000000000 0.00000000000000000
2.57829179871476688 0.00000000000000000 0.00000000000000000
2.63219269719954818 0.00000000000000000 0.00000000000000000
2.68721929820030425 0.00000000000000000 0.00000000000000000
2.74339511164340433 0.00000000000000000 0.00000000000000000
2.80074413845228820 0.00000000000000000 0.00000000000000000
2.85929088080177163 0.00000000000000000 0.00000000000000000
2.91906035258652974 0.00000000000000000 0.00000000000000000
2.98007809010819180 0.00000000000000000 0.00000000000000000
3.04237016298562946 0.00000000000000000 0.00000000000000000
3.10596318529312887 0.00000000000000000 0.00000000000000000
3.17088432693115374 0.00000000000000000 0.00000000000000000
3.23716132523458322 0.00000000000000000 0.00000000000000000
3.30482249682341100 0.00000000000000000 0.00000000000000000
3.37389674970091491 0.00000000000000000 0.00000000000000000
3.44441359560449367 0.00000000000000000 0.00000000000000000
3.51640316261447250 0.00000000000000000 0.00000000000000000
3.58989620802620957 0.00000000000000000 0.00000000000000000
3.66492413149105367 0.00000000000000000 0.00000000000000000
3.74151898843172059 0.00000000000000000 0.00000000000000000
3.81971350373788576 0.00000000000000000 0.00000000000000000
3.89954108574776903 0.00000000000000000 0.00000000000000000
3.98103584052172232 0.00000000000000000 0.00000000000000000
4.06423258641394813 0.00000000000000000 0.00000000000000000
4.14916686894851061 0.00000000000000000 0.00000000000000000
4.23587497600602969 0.00000000000000000 0.00000000000000000
4.32439395332757393 0.00000000000000000 0.00000000000000000
4.41476162034231390 0.00000000000000000 0.00000000000000000
4.50701658632573565 0.00000000000000000 0.00000000000000000
4.60119826689533795 0.00000000000000000 0.00000000000000000
4.69734690085081663 0.00000000000000000 0.00000000000000000
4.79550356736593564 0.00000000000000000 0.00000000000000000
4.89571020353948594 0.00000000000000000 0.00000000000000000
4.99800962231275925 0.00000000000000000 0.00000000000000000
5.10244553076121754 0.00000000000000000 0.00000000000000000
5.20906254876821162 0.00000000000000000 0.00000000000000000
5.31790622808866420 0.00000000000000000 0.00000000000000000
5.42902307181088695 0.00000000000000000 0.00000000000000000
5.54246055422489103 0.00000000000000000 0.00000000000000000
5.65826714110560314 0.00000000000000000 0.00000000000000000
5.77649231041968392 0.00000000000000000 0.00000000000000000
5.89718657346485209 0.00000000000000000 0.00000000000000000
6.02040149645064471 0.00000000000000000 0.00000000000000000
6.14618972252989071 0.00000000000000000 0.00000000000000000
6.27460499429034613 0.00000000000000000 0.00000000000000000
6.40570217671601494 0.00000000000000000 0.00000000000000000
6.53953728062801254 0.00000000000000000 0.00000000000000000
6.67616748661502157 0.00000000000000000 0.00000000000000000
6.81565116946349381 0.00000000000000000 0.00000000000000000
6.95804792309805631 0.00000000000000000 0.00000000000000000
7.10341858604284493 0.00000000000000000 0.00000000000000000
7.25182526741453248 0.00000000000000000 0.00000000000000000
7.40333137345825065 0.00000000000000000 0.00000000000000000
7.55800163463766062 0.00000000000000000 0.00000000000000000
7.71590213329086083 0.00000000000000000 0.00000000000000000
7.87710033186382397 0.00000000000000000 0.00000000000000000
8.04166510173346971 0.00000000000000000 0.00000000000000000
8.20966675263276535 0.00000000000000000 0.00000000000000000
8.38117706269029661 0.00000000000000000 0.00000000000000000
8.55626930909724059 0.00000000000000000 0.00000000000000000
8.73501829941473851 0.00000000000000000 0.00000000000000000
8.91750040353525897 0.00000000000000000 0.00000000000000000
9.10379358631131019 0.00000000000000000 0.00000000000000000
9.29397744086567457 0.00000000000000000 0.00000000000000000
9.48813322259729297 0.00000000000000000 0.00000000000000000
9.68634388389737566 0.00000000000000000 0.00000000000000000
9.88869410959045503 0.00000000000000000 0.00000000000000000
10.09527035311579013 0.00000000000000000 0.00000000000000000
10.30616087346423448 0.00000000000000000 0.00000000000000000
10.52145577288660050 0.00000000000000000 0.00000000000000000
10.74124703538954506 0.00000000000000000 0.00000000000000000
10.96562856603540759 0.00000000000000000 0.00000000000000000
11.19469623106285816 0.00000000000000000 0.00000000000000000
11.42854789884533240 0.00000000000000000 0.00000000000000000
11.66728348170507523 0.00000000000000000 0.00000000000000000
11.91100497860026763 0.00000000000000000 0.00000000000000000
12.15981651870374058 0.00000000000000000 0.00000000000000000
12.41382440589181257 0.00000000000000000 0.00000000000000000
12.67313716416228075 0.00000000000000000 0.00000000000000000
12.93786558400082320 0.00000000000000000 0.00000000000000000
13.20812276971600951 0.00000000000000000 0.00000000000000000
13.48402418776261946 0.00000000000000000 0.00000000000000000
13.76568771607432140 0.00000000000000000 0.00000000000000000
14.05323369442660919 0.00000000000000000 0.00000000000000000
14.34678497585159285 0.00000000000000000 0.00000000000000000
14.64646697912642637 0.00000000000000000 0.00000000000000000
14.95240774235820069 0.00000000000000000 0.00000000000000000
15.26473797768768570 0.00000000000000000 0.00000000000000000
15.58359112713567107 0.00000000000000000 0.00000000000000000
15.90910341961560981 0.00000000000000000 0.00000000000000000
16.24141392913698212 0.00000000000000000 0.00000000000000000
16.58066463422407111 0.00000000000000000 0.00000000000000000
16.92700047857598378 0.00000000000000000 0.00000000000000000
17.28056943299321802 0.00000000000000000 0.00000000000000000
17.64152255859771401 0.00000000000000000 0.00000000000000000
18.01001407137320953 0.00000000000000000 0.00000000000000000
18.38620140805350189 0.00000000000000000 0.00000000000000000
18.77024529338665104 0.00000000000000000 0.00000000000000000
19.16230980880423829 0.00000000000000000 0.00000000000000000
19.56256246252448250 0.00000000000000000 0.00000000000000000
19.97117426111959304 0.00000000000000000 0.00000000000000000
20.38831978257771382 0.00000000000000000 0.00000000000000000
20.81417725089083604 0.00000000000000000 0.00000000000000000
21.24892861220021700 0.00000000000000000 0.00000000000000000
21.69275961253247331 0.00000000000000000 0.00000000000000000
22.14585987715879511 0.00000000000000000 0.00000000000000000
22.60842299161170743 0.00000000000000000 0.00000000000000000
23.08064658439384331 0.00000000000000000 0.00000000000000000
23.56273241141403929 0.00000000000000000 0.00000000000000000
24.05488644218689132 0.00000000000000000 0.00000000000000000
24.55731894783235703 0.00000000000000000 0.00000000000000000
25.07024459091362445 0.00000000000000000 0.00000000000000000
25.59388251715077800 0.00000000000000000 0.00000000000000000
26.12845644905011966 0.00000000000000000 0.00000000000000000
26.67419478148881495 0.00000000000000000 0.00000000000000000
27.23133067929587980 0.00000000000000000 0.00000000000000000
27.80010217687086183 0.00000000000000000 0.00000000000000000
28.38075227988350946 0.00000000000000000 0.00000000000000000
28.97352906909691583 0.00000000000000000 0.00000000000000000
29.57868580635921774 0.00000000000000000 0.00000000000000000
30.19648104280886969 0.00000000000000000 0.00000000000000000
30.82717872933974235 0.00000000000000000 0.00000000000000000
31.47104832937306895 0.00000000000000000 0.00000000000000000
32.12836493398505411 0.00000000000000000 0.00000000000000000
32.79940937943840851 0.00000000000000000 0.00000000000000000
33.48446836716868802 0.00000000000000000 0.00000000000000000
34.18383458627654647 0.00000000000000000 0.00000000000000000
34.89780683857816967 0.00000000000000000 0.00000000000000000
35.62669016626711738 0.00000000000000000 0.00000000000000000
36.37079598224287480 0.00000000000000000 0.00000000000000000
37.13044220316074018 0.00000000000000000 0.00000000000000000
37.90595338526069469 0.00000000000000000 0.00000000000000000
38.69766086303287267 0.00000000000000000 0.00000000000000000
39.50590289077923956 0.00000000000000000 0.00000000000000000
40.33102478713124128 0.00000000000000000 0.00000000000000000
41.17337908258645740 0.00000000000000000 0.00000000000000000
42.03332567012575538 0.00000000000000000 0.00000000000000000
42.91123195897637999 0.00000000000000000 0.00000000000000000
43.80747303158632633 0.00000000000000000 0.00000000000000000
44.72243180387707184 0.00000000000000000 0.00000000000000000
45.65649918884280822 0.00000000000000000 0.00000000000000000
46.61007426356708550 0.00000000000000000 0.00000000000000000
47.58356443972689220 0.00000000000000000 0.00000000000000000
48.57738563765792605 0.00000000000000000 0.00000000000000000
49.59196246405512198 0.00000000000000000 0.00000000000000000
50.62772839338443731 0.00000000000000000 0.00000000000000000
51.68512595308339286 0.00000000000000000 0.00000000000000000
52.76460691262906977 0.00000000000000000 0.00000000000000000
53.86663247655557285 0.00000000000000000 0.00000000000000000
54.99167348150173495 0.00000000000000000 0.00000000000000000
56.14021059737457620 0.00000000000000000 0.00000000000000000
57.31273453271381868 0.00000000000000000 0.00000000000000000
58.50974624434557114 0.00000000000000000 0.00000000000000000
59.73175715141398712 0.00000000000000000 0.00000000000000000
60.97928935388394223 0.00000000000000000 0.00000000000000000
62.25287585560608505 0.00000000000000000 0.00000000000000000
63.55306079204091674 0.00000000000000000 0.00000000000000000
64.88039966273889547 0.00000000000000000 0.00000000000000000
66.23545956867580742 0.00000000000000000 0.00000000000000000
67.61881945454416609 0.00000000000000000 0.00000000000000000
69.03107035610615583 0.00000000000000000 0.00000000000000000
70.47281565271107695 0.00000000000000000 0.00000000000000000
71.94467132508729890 0.00000000000000000 0.00000000000000000
73.44726621851781090 0.00000000000000000 0.00000000000000000
74.98124231151247443 0.00000000000000000 0.00000000000000000
76.54725499009046530 0.00000000000000000 0.00000000000000000
78.14597332779257499 0.00000000000000000 0.00000000000000000
