0 6.65207370524480578e-18
5.41232671694897211e-05 1.8155605612651274e-10
0.000109376880951714346 7.41470361454944705e-10
0.000165784448263471329 1.70345355512672072e-09
0.000223370069044243438 3.09237866648659718e-09
0.000282158346552812615 4.93433354862580914e-09
0.000342174397878919475 7.25667559513846934e-09
0.000403443864674452935 1.0088088837897681e-08
0.000465992924108759058 1.34586435278137451e-08
0.000529848300052744125 1.73998583048679742e-08
0.000595037274496559897 2.19447650682312106e-08
0.000661587699205738711 2.71279766619806257e-08
0.000729528007620763408 3.29857574968334092e-08
0.000798887227005161383 3.95560972334286762e-08
0.000869694990847297397 4.68787876580140981e-08
0.000941981551521183804 5.49955028869505908e-08
0.00101577779321170383 6.39498830422325989e-08
0.00109111524510977138 7.3787621546254817e-08
0.00116802609488306859 8.45565561903433495e-08
0.00124654320242812235 9.63067641381222027e-08
0.00132670011390957328 1.09090661031611026e-07
0.0014085310760926673 1.2296310437507423e-07
0.00149207105097506551 1.37981501379051255e-07
0.00157735573072423558 1.54205921454733267e-07
0.00166442155292681232 1.71699213556909405e-07
0.00175330571615642684 1.90527128582093837e-07
0.00184404619586667207 2.10758447037208351e-07
0.00193668176061598555 2.32465112203302592e-07
0.00203125198863138116 2.55722369028304328e-07
0.00212779728471810918 2.80608908992695912e-07
0.00222635889752247724 3.07207021202335051e-07
0.0023269789371551837 3.35602749973389968e-07
0.00242970039318272631 3.65886059185577455e-07
0.0025345671529945408 3.9815100369156586e-07
0.00264162402055374097 4.32495908082579857e-07
0.00275091673553945655 4.69023553122933304e-07
0.00286249199288895291 5.07841370179435532e-07
0.0029763974627478886 5.49061643985381749e-07
0.00309268181083721195 5.92801724093204933e-07
0.00321139471924542994 6.39184245384825785e-07
0.00333258690765510929 6.88337358024301302e-07
0.00345631015501268605 7.40394967253648244e-07
0.00358261732165084199 7.95496983449611981e-07
0.00371156237187289777 8.53789582876794075e-07
0.00384320039700888471 9.15425479590938197e-07
0.00397758763895311729 9.80564208965289075e-07
0.00411478151419335247 1.04937242333292363e-06
0.00425484063834179107 1.12202420025870369e-06
0.00439782485117838802 1.19870136397616887e-06
0.00454379524221720441 1.27959382054725594e-06
0.00469281417680668042 1.36489990732621106e-06
0.00484494532277502613 1.45482675733358804e-06
0.00500025367763207856 1.54959067917170091e-06
0.00515880559633926598 1.64941755313948862e-06
0.00532066881965952837 1.75454324423245491e-06
0.00548591250309934421 1.86521403274222599e-06
0.00565460724645516777 1.98168706320017145e-06
0.00582682512397695272 2.10423081244101286e-06
0.00600263971516163362 2.23312557759494809e-06
0.00618212613618970928 2.36866398485048554e-06
0.00636536107201837037 2.51115151986612696e-06
0.00655242280914488783 2.66090708074519509e-06
0.00674339126905425419 2.81826355452720677e-06
0.00693834804236535558 2.98356841818843614e-06
0.00713737642369028247 3.15718436518674108e-06
0.00734056144722167701 3.33948995862816954e-06
0.00754798992306329481 3.53088031217913274e-06
0.00775975047431931575 3.73176779989368559e-06
0.00797593357495827472 3.9425827961756306e-06
0.00819663158846774438 4.16377444714547707e-06
0.00842193880731632871 4.39581147473521382e-06
0.00865195149323977168 4.63918301488994871e-06
0.00888676791836848744 4.89439949131240105e-06
0.00912648840721397119 5.1619935262460456e-06
0.00937121537953209544 5.44252088985563187e-06
0.00962105339408161724 5.73656148982866484e-06
0.00987610919329654467 6.0447204028886011e-06
0.010136491748891455 6.36762894998124924e-06
0.0104023123084193182 6.7059458169691859e-06
0.0106736844428016054 7.06035822274507353e-06
0.0109507240948510925 7.43158313675431328e-06
0.011233549628808015 7.82036854799973356e-06
0.011522281880910791 8.22749478768725314e-06
0.0118170442110228958 8.65377590776075248e-06
0.0121179625553379192 9.10006111766740754e-06
0.0124251654801853951 9.56723628179160254e-06
0.0127387842369603155 1.00562254800961201e-05
0.0130589528181998277 1.05679926346141002e-05
0.0133858080148311024 1.11035432045442188e-05
0.0137194894746147829 1.16639259528147012e-05
0.0140601397618090075 1.22502347870996569e-05
0.0144079044180794921 1.28636106783937635e-05
0.0147629320246817283 1.35052436603785766e-05
0.015125374265941802 1.41763749129461586e-05
0.0154953859940629851 1.4878298933383239e-05
0.0158731252952858497 1.56123657988624215e-05
0.0162587535574300231 1.63799835240349298e-05
0.0166524355388466272 1.71826205176746332e-05
0.0170543394388106666 1.80218081424825115e-05
0.0174646369693836276 1.88991433823284439e-05
0.0178835034287768771 1.98162916213789222e-05
0.0183111177762471759 2.07749895397401141e-05
0.0187476627085564583 2.17770481304317098e-05
0.0191933247380283514 2.28243558427002634e-05
0.0196482942722349431 2.391888185688245e-05
0.0201127656953477944 2.50626794962363416e-05
0.0205869374511878506 2.6257889781375393e-05
0.0210710121280099187 2.75067451331642301e-05
0.0215651965450578201 2.88115732301676677e-05
0.022069701840927148 3.01748010269846576e-05
0.022584743563773553 3.15989589400502552e-05
0.0231105417634049522 3.30866852077471379e-05
0.0236473210852970253 3.46407304319348806e-05
0.0241953108665722283 3.62639623082836989e-05
0.0247547452339833482 3.79593705530870552e-05
0.0253258632039432552 3.97300720345221604e-05
0.0259089087846439137 4.15793161166369592e-05
0.0265041310803080556 4.35104902246639312e-05
0.0271117843976180495 4.55271256405818749e-05
0.0277321283543675717 4.76329035381894042e-05
0.028365427990382483 4.9831661267304197e-05
0.0290119538807580742 5.21273988970575065e-05
0.0296719822514614553 5.452428602864655e-05
0.0303457950973480689 5.70266688882695196e-05
0.0310336803026430505 5.96390777113697991e-05
0.0317359317639388239 6.23662344297208127e-05
0.0324528495157613214 6.52130606733081479e-05
0.0331847398587587633 6.81846860994170088e-05
0.0339319154905675865 7.12864570617306617e-05
0.0346946956394113409 7.45239456327204347e-05
0.0354734062004899223 7.79029589930693906e-05
0.0362683798752172146 8.14295492024039007e-05
0.0370799563133665105 8.51100233660069137e-05
0.0379084822581847794 8.89509542127148048e-05
0.0387543116945375937 9.29591910997181375e-05
0.0396178060001478108 9.7141871460581551e-05
0.0404993340999930326 0.000101506432713180866
0.0413992726239275979 0.000106060624644830121
0.0423180060675962672 0.000110812522292508622
0.0432559269567087817 0.000115770539336637414
0.0442134360147450611 0.000120943442027243608
0.0451909423341628896 0.000126340363661993815
0.0461888635511814513 0.00013197081963638296
0.0472076260242147369 0.00013784472308657242
0.0482476650160318238 0.000143972401145952227
0.0493094248797214946 0.000150364611837373895
0.0503933592485403675 0.00015703256162341727
0.0514999312297262438 0.000163987923637237291
0.0526296136023592098 0.000171242856617455461
0.0537828890193546433 0.000178810024571333199
0.0549602502136751353 0.000186702617190122539
0.0561622002088490446 0.000194934371041375075
0.0573892525338853682 0.000203519591564136612
0.0586419314426774169 0.000212473175892081035
0.0599207721379884373 0.000221810636530351884
0.0612263210001151303 0.000231548125913405556
0.0625591358203267667 0.000241702461869683095
0.063919786039179638 0.00025229115401936901
0.0653088529898084996 0.000263332431133435449
0.066726930146299282 0.000274845269479865413
0.0681746233772486804 0.000286849422183099343
0.0696525512046195228 0.000299365449625161326
0.071161345068002313 0.00031241475091323568
0.0727016495943953039 0.000326019596438638316
0.0742741228736193693 0.000340203161554871499
0.0758794367394847041 0.000354989561396619946
0.0775182770568293017 0.000370403886862515877
0.0791913440145524117 0.000386472241786806352
0.0808993524247680479 0.000403221781316473373
0.0826430320282056791 0.000420680751513340318
0.0844231278059896506 0.00043887853020068004
0.0862404002979298839 0.000457845669062664773
0.0880956259274596892 0.000477613937011400324
0.0899895973333600663 0.00049821636483038151
0.0919231237084121439 0.00051968729109160602
0.0938970311451216011 0.000542062409353552196
0.0959121629886642846 0.000565378816630807417
0.0979693801972021938 0.000589675063119320651
0.10006956170972503 0.000614991203170800883
0.102213604821573989 0.000641368847480069861
0.104402425567807919 0.000668851216455259787
0.106636959114576213 0.000697483194737049447
0.108918160158665456 0.000727311386797602644
0.111247003335390129 0.000758384173570788569
0.113624483635002341 0.00079075177003228058
0.116051616827798132 0.000824466283625810707
0.118529439898101496 0.00085958177345357668
0.121059011487312629 0.000896154310080372754
0.123641412346208887 0.000934242035816716622
0.126277745796691571 0.000973905225327673573
0.128969138203176625 0.00101520634634171469
0.131716739453830028 0.00105821012028160734
0.134521723451853287 0.00110298358254364557
0.137385288617029921 0.00114959614213650907
0.140308658397745867 0.00119811964040366704
0.143293081793703647 0.00124862840840815723
0.146339833889553683 0.00130119932263025786
0.14945021639966885 0.00135591185850657508
0.152625558224298546 0.0014128481412667435
0.155867216017336302 0.00147209299358221296
0.159176574765945017 0.00153373397929203095
0.162555048382288847 0.00159786144257049317
0.166004080307621843 0.0016645685417395902
0.169525144128993388 0.00173395127677328708
0.173119744208832832 0.00180610850966006638
0.176789416327683829 0.00188114197638181461
0.180535728340361051 0.001959156289418952
0.184360280845810187 0.0020402589294456889
0.188264707870959364 0.00212456022462069027
0.192250677568850975 0.00221217331607382293
0.196319892931354045 0.0023032141075311637
0.20047409251676232 0.00239780119728877838
0.204715051192587205 0.00249605579030794068
0.209044580893862963 0.00259810158785934086
0.213464531397291102 0.0027040646524072163
0.217976791111550244 0.00281407324438615871
0.222583287884112052 0.00292825762803770786
0.227285989824908274 0.00304674984261928648
0.232086906147198568 0.00316968343498831703
0.236988088025999272 0.00329719314979071013
0.241991629474442166 0.00342941457194954544
0.24709966823843374 0.00356648371710212211
0.252314386709999117 0.00370853656396417887
0.257638012859703003 0.00385570852267749006
0.263072821188541639 0.00400813383302988345
0.268621133699714854 0.00416594488448133755
0.274285320890695461 0.00432927145146348637
0.280067802766015506 0.0044982398344113007
0.285971049871203975 0.00467297189814883975
0.29199758434832046 0.00485358399786780213
0.298149981013530962 0.00504018578122440806
0.304430868457188475 0.00523287885688377558
0.310842930166890852 0.00543175531529752759
0.317388905673990585 0.00563689609063300952
0.324071591724049757 0.00584836914888933572
0.330893843471741278 0.00606622748750567081
0.337858575700703267 0.00629050693248285608
0.344968764068869449 0.00652122371412103968
0.352227446379810627 0.0067583718078800311
0.359637723880624427 0.00700192001964510848
0.367202762586933407 0.00725180879965913773
0.374925794635552756 0.00750794676656906055
0.382810119665411674 0.00777020692162879844
0.390859106227312125 0.008038422538958645
0.399076193223128928 0.00831238270964225652
0.407464891375071747 0.00859182752890265758
0.416028784725627043 0.00887644290816160843
0.424771532168827681 0.00916585500222606535
0.433696869013504571 0.00945962424459087861
0.442808608579183471 0.00975723898349273484
0.452110643825311798 0.0100581087271248131
0.461606949014514156 0.0103615570012238166
0.471301581410581372 0.0106668138443023839
0.481198683011921535 0.0109730079674484268
0.491302482321216538 0.0112791586250402982
0.501617296152034542 0.01158416725978389
0.51214753147317249 0.0118868090021162082
0.522897687291520308 0.0121857241348526362
0.53387235657424581 0.0124794096573501035
0.545076228211122227 0.0127662111223742335
0.55651408901784305 0.013044314956179701
0.568190825781171305 0.0133117415243560865
0.580111427346800879 0.0135663392495477993
0.592280986750826854 0.0138057801716362297
0.604704703395726018 0.0140275573773591192
0.617387885271782233 0.0142289848524928559
0.630335951224910152 0.0144072003535229889
0.643554433271836923 0.0145591720272262599
0.65704897896363601 0.0146817096195562026
0.670825353798626844 0.0147714811733889277
0.684889443685662735 0.0148250363665973738
0.699247257458863736 0.0148388375728050262
0.713904929444873382 0.0148093000919658144
0.728868722083727438 0.0147328428772210418
0.744145028604457415 0.0146059513503626979
0.759740375756580488 0.0144252539330185659
0.775661426598626802 0.0141876137602406013
0.791914983344911505 0.0138902373868248497
0.808507990271753241 0.0135308014875997629
0.825447536684396632 0.0131075989924842838
0.842740859945892651 0.0126197047671637447
0.860395348569233942 0.0120671607059594788
0.878418545374076043 0.0114511786087450902
0.896818150709379647 0.0107743572034882072
0.915602025743355363 0.0100409079930200811
0.934778195822125735 0.00925687995635094199
0.954354853898524147 0.00843037013101381738
0.974340364032503792 0.00757169940996354086
0.994743264964658702 0.00669352609733872648
1.01557227376436776 0.0058108582450570722
1.03683628955413121 0.00494091224329457675
1.05854439731169547 0.00410274680717256836
1.08070587175157473 0.00331657838697277472
1.10333018128763971 0.00260265266121803215
1.12642699207846886 0.00197950976651415115
1.15000617215718126 0.00146142859951285654
1.17407779564751369 0.00105477335787879101
1.19865214706796364 0.000752871301877061009
1.22373972572581047 0.000533864022614434193
1.24935125020290649 0.000376059096969280464
1.27549766293515887 0.000263108926156206701
1.3021901348876459 0.000182814764918764452
1.32944007032736966 0.000126131781271780454
1.35725911169569602 8.64003254776620063e-05
1.38565914458254658 5.87519417346021657e-05
1.4146523028044693 3.96536227635988495e-05
1.44425097358878052 2.65602813050401171e-05
1.47446780286595969 1.76525269744726238e-05
1.50531570067257503 1.16395995943682708e-05
1.53680784666706316 7.6130426745678096e-06
1.56895769576068611 4.93852868950167772e-06
1.60177898386609341 3.1767602586474172e-06
1.63528573376595143 2.02603296596705095e-06
1.66949226110412341 1.28087965627778444e-06
1.70441318050198221 8.0259217747216925e-07
1.74006341180245117 4.98341737803659833e-07
1.77645818644446463 3.06568066469501201e-07
1.81361305397054373 1.86815094043327448e-07
1.85154388867028041 1.12745593881052069e-07
1.89026689636258172 6.73760429632818408e-08
1.9297986213195466 3.98604267582291836e-08
1.9701559533349442 2.33411510580420912e-08
2.01135613494032972 1.35255203767049255e-08
2.05341676877185186 7.75438023734436072e-09
2.09635582509091423 4.39749727196747866e-09
2.14019164946191776 2.4662349261495242e-09
2.18494297059033427 1.3675254192036054e-09
2.23062890832447769 7.49561281833205283e-10
2.2772689818244034 4.06022096991653876e-10
2.32488311790139646 2.1729766459487995e-10
2.37349165953162888 1.14873722035945007e-10
2.42311537454763704 5.99699371150229635e-11
2.47377546451130126 3.09090660548492254e-11
2.52549357377213424 1.57239613613232196e-11
2.57829179871476688 7.89306849543391329e-12
2.63219269719954818 3.90859979764983005e-12
2.68721929820030425 1.90880836120801182e-12
2.74339511164340433 9.19076930523327288e-13
2.8007441384522882 4.36169953511036742e-13
2.85929088080177163 2.03963402934098859e-13
2.91906035258652974 9.39513542270907919e-14
2.9800780901081918 4.2616395897040195e-14
3.04237016298562946 1.90298362112104896e-14
3.10596318529312887 8.36243519197385654e-15
3.17088432693115374 3.6152124722133932e-15
3.23716132523458322 1.53701660173809457e-15
3.304822496823411 6.4243658651214663e-16
3.37389674970091491 2.63888563789658697e-16
3.44441359560449367 1.064887293620339e-16
3.5164031626144725 4.21998806133638613e-17
3.58989620802620957 1.64164491103180568e-17
3.66492413149105367 6.26681001290699409e-18
3.74151898843172059 2.3465284285236073e-18
3.81971350373788576 8.6151658226373767e-19
3.89954108574776903 3.09994477399303898e-19
3.98103584052172232 1.09280003304743764e-19
4.06423258641394813 3.77236719712899359e-20
4.14916686894851061 1.27466913730551933e-20
4.23587497600602969 4.21399256632501435e-21
4.32439395332757393 1.36236006634590532e-21
4.4147616203423139 4.30542635880761845e-22
4.50701658632573565 1.32928475116911014e-22
4.60119826689533795 4.00807909403062984e-23
4.69734690085081663 1.17951510472474137e-23
4.79550356736593564 3.3864550539707016e-24
4.89571020353948594 9.4799616474187001e-25
4.99800962231275925 2.58623049416381027e-25
5.10244553076121754 6.87245420417076278e-26
5.20906254876821162 1.77768141895757869e-26
5.3179062280886642 4.47429670510998404e-27
5.42902307181088695 1.09491847258685633e-27
5.54246055422489103 2.60418815196529234e-28
5.65826714110560314 6.01516080168138566e-29
5.77649231041968392 1.34868566687640146e-29
5.89718657346485209 2.93333777332844565e-30
6.02040149645064471 6.18449336408953415e-31
6.14618972252989071 1.26338991332499224e-31
6.27460499429034613 2.49827253471593773e-32
6.40570217671601494 4.78073454898295334e-33
6.53953728062801254 8.8432103212397708e-34
6.67616748661502157 1.580755933390585e-34
6.81565116946349381 2.72776280712211175e-35
6.95804792309805631 4.54141000086665312e-36
7.10341858604284493 7.28976051171671314e-37
7.25182526741453248 1.12697522934371011e-37
7.40333137345825065 1.67760901591964453e-38
7.55800163463766062 2.40088797455287103e-39
7.71590213329086083 3.3035364138643649e-40
7.87710033186382397 4.36300970956588991e-41
8.04166510173346971 5.53008641249675683e-42
8.20966675263276535 6.718244558363617e-43
8.38117706269029661 7.81615098696368365e-44
8.55626930909724059 8.70438566709317062e-45
8.73501829941473851 9.2616055510873397e-46
8.91750040353525897 9.41919802054831543e-47
9.10379358631131019 9.13273710717867168e-48
9.29397744086567457 8.4480551834713598e-49
9.48813322259729297 7.43705085067231142e-50
9.68634388389737566 0
9.88869410959045503 0
10.0952703531157901 0
10.3061608734642345 0
10.5214557728866005 0
10.7412470353895451 0
10.9656285660354076 0
11.1946962310628582 0
11.4285478988453324 0
11.6672834817050752 0
11.9110049786002676 0
12.1598165187037406 0
12.4138244058918126 0
12.6731371641622808 0
12.9378655840008232 0
13.2081227697160095 0
13.4840241877626195 0
13.7656877160743214 0
14.0532336944266092 0
14.3467849758515928 0
14.6464669791264264 0
14.9524077423582007 0
15.2647379776876857 0
15.5835911271356711 0
15.9091034196156098 0
16.2414139291369821 0
16.5806646342240711 0
16.9270004785759838 0
17.280569432993218 0
17.641522558597714 0
18.0100140713732095 0
18.3862014080535019 0
18.770245293386651 0
19.1623098088042383 0
19.5625624625244825 0
19.971174261119593 0
20.3883197825777138 0
20.814177250890836 0
21.248928612200217 0
21.6927596125324733 0
22.1458598771587951 0
22.6084229916117074 0
23.0806465843938433 0
23.5627324114140393 0
24.0548864421868913 0
24.557318947832357 0
25.0702445909136244 0
25.593882517150778 0
26.1284564490501197 0
26.674194781488815 0
27.2313306792958798 0
27.8001021768708618 0
28.3807522798835095 0
28.9735290690969158 0
29.5786858063592177 0
30.1964810428088697 0
30.8271787293397423 0
31.471048329373069 0
32.1283649339850541 0
32.7994093794384085 0
33.484468367168688 0
34.1838345862765465 0
34.8978068385781697 0
35.6266901662671174 0
36.3707959822428748 0
37.1304422031607402 0
37.9059533852606947 0
38.6976608630328727 0
39.5059028907792396 0
40.3310247871312413 0
41.1733790825864574 0
42.0333256701257554 0
42.91123195897638 0
43.8074730315863263 0
44.7224318038770718 0
45.6564991888428082 0
46.6100742635670855 0
47.5835644397268922 0
48.5773856376579261 0
49.591962464055122 0
50.6277283933844373 0
51.6851259530833929 0
52.7646069126290698 0
53.8666324765555729 0
54.991673481501735 0
56.1402105973745762 0
57.3127345327138187 0
58.5097462443455711 0
59.7317571514139871 0
60.9792893538839422 0
62.2528758556060851 0
63.5530607920409167 0
64.8803996627388955 0
66.2354595686758074 0
67.6188194545441661 0
69.0310703561061558 0
70.472815652711077 0
71.9446713250872989 0
73.4472662185178109 0
74.9812423115124744 0
76.5472549900904653 0
78.145973327792575 0
