0.00000000000000000 2.07606613881812896
0.00005412326716949 2.07606614714228721
0.00010937688095171 2.07606617281382144
0.00016578444826347 2.07606621691982740
0.00022337006904424 2.07606628060070264
0.00028215834655281 2.07606636505254372
0.00034217439787892 2.07606647152965174
0.00040344386467445 2.07606660134714405
0.00046599292410876 2.07606675588369782
0.00052984830005274 2.07606693658438646
0.00059503727449656 2.07606714496366207
0.00066158769920574 2.07606738260845436
0.00072952800762076 2.07606765118140801
0.00079888722700516 2.07606795242425823
0.00086969499084730 2.07606828816136035
0.00094198155152118 2.07606866030335402
0.00101577779321170 2.07606907085101078
0.00109111524510977 2.07606952189923000
0.00116802609488307 2.07607001564120619
0.00124654320242812 2.07607055437279264
0.00132670011390957 2.07607114049703601
0.00140853107609267 2.07607177652891606
0.00149207105097507 2.07607246510028798
0.00157735573072424 2.07607320896503422
0.00166442155292681 2.07607401100444466
0.00175330571615643 2.07607487423282144
0.00184404619586667 2.07607580180332585
0.00193668176061599 2.07607679701408765
0.00203125198863138 2.07607786331455557
0.00212779728471811 2.07607900431214398
0.00222635889752248 2.07608022377914425
0.00232697893715518 2.07608152565995141
0.00242970039318273 2.07608291407858481
0.00253456715299454 2.07608439334654049
0.00264162402055374 2.07608596797097622
0.00275091673553946 2.07608764266325130
0.00286249199288895 2.07608942234782479
0.00297639746274789 2.07609131217154230
0.00309268181083721 2.07609331751331405
0.00321139471924543 2.07609544399420720
0.00333258690765511 2.07609769748797701
0.00345631015501269 2.07610008413203628
0.00358261732165084 2.07610261033889953
0.00371156237187290 2.07610528280811790
0.00384320039700888 2.07610810853871497
0.00397758763895312 2.07611109484216216
0.00411478151419335 2.07611424935589861
0.00425484063834179 2.07611758005743496
0.00439782485117839 2.07612109527904964
0.00454379524221720 2.07612480372311436
0.00469281417680668 2.07612871447807512
0.00484494532277503 2.07613283703510421
0.00500025367763208 2.07613718130546854
0.00515880559633927 2.07614175763862852
0.00532066881965953 2.07614657684111137
0.00548591250309934 2.07615165019617764
0.00565460724645517 2.07615698948433236
0.00582682512397695 2.07616260700469457
0.00600263971516163 2.07616851559728133
0.00618212613618971 2.07617472866622732
0.00636536107201837 2.07618126020399574
0.00655242280914489 2.07618812481660564
0.00674339126905425 2.07619533774993048
0.00693834804236536 2.07620291491710685
0.00713737642369028 2.07621087292709561
0.00734056144722168 2.07621922911446433
0.00754798992306329 2.07622800157040110
0.00775975047431932 2.07623720917505805
0.00797593357495827 2.07624687163124655
0.00819663158846774 2.07625700949955183
0.00842193880731633 2.07626764423492949
0.00865195149323977 2.07627879822483452
0.00888676791836849 2.07629049482895489
0.00912648840721397 2.07630275842061529
0.00937121537953210 2.07631561442991686
0.00962105339408162 2.07632908938868255
0.00987610919329654 2.07634321097728902
0.01013649174889146 2.07635800807345605
0.01040231230841932 2.07637351080307830
0.01067368444280161 2.07638975059317632
0.01095072409485109 2.07640676022706572
0.01123354962880801 2.07642457390182145
0.01152228188091079 2.07644322728813524
0.01181704421102290 2.07646275759266885
0.01211796255533792 2.07648320362299899
0.01242516548018540 2.07650460585525787
0.01273878423696032 2.07652700650457822
0.01305895281819983 2.07655044959846524
0.01338580801483110 2.07657498105319638
0.01371948947461478 2.07660064875338346
0.01406013976180901 2.07662750263482243
0.01440790441807949 2.07665559477075279
0.01476293202468173 2.07668497946167463
0.01512537426594180 2.07671571332884985
0.01549538599406299 2.07674785541164697
0.01587312529528585 2.07678146726887869
0.01625875355743002 2.07681661308427845
0.01665243553884663 2.07685335977628016
0.01705433943881067 2.07689177711229300
0.01746463696938363 2.07693193782760277
0.01788350342877688 2.07697391774911688
0.01831111777624718 2.07701779592411562
0.01874766270855646 2.07706365475421917
0.01919332473802835 2.07711158013474506
0.01964829427223494 2.07716166159969307
0.02011276569534779 2.07721399247253524
0.02058693745118785 2.07726867002305227
0.02107101212800992 2.07732579563043362
0.02156519654505782 2.07738547495287129
0.02206970184092715 2.07744781810388712
0.02258474356377355 2.07751293983564178
0.02311054176340495 2.07758095972947388
0.02364732108529703 2.07765200239392733
0.02419531086657223 2.07772619767054856
0.02475474523398335 2.07780368084769185
0.02532586320394326 2.07788459288267058
0.02590890878464391 2.07796908063246422
0.02650413108030806 2.07805729709335729
0.02711178439761805 2.07814940164974038
0.02773212835436757 2.07824556033242613
0.02836542799038248 2.07834594608676815
0.02901195388075807 2.07845073905089972
0.02967198225146146 2.07856012684443492
0.03034579509734807 2.07867430486793259
0.03103368030264305 2.07879347661347591
0.03173593176393882 2.07891785398668061
0.03245284951576132 2.07904765764049237
0.03318473985875876 2.07918311732108485
0.03393191549056759 2.07932447222622363
0.03469469563941134 2.07947197137641426
0.03547340620048992 2.07962587399917620
0.03626837987521721 2.07978644992677975
0.03707995631336651 2.07995398000777687
0.03790848225818478 2.08012875653263185
0.03875431169453759 2.08031108367378037
0.03961780600014781 2.08050127794042083
0.04049933409999303 2.08069966864831324
0.04139927262392760 2.08090659840486403
0.04231800606759627 2.08112242360975142
0.04325592695670878 2.08134751497133230
0.04421343601474506 2.08158225803902441
0.04519094233416289 2.08182705375182042
0.04618886355118145 2.08208231900311480
0.04720762602421474 2.08234848722192734
0.04824766501603182 2.08262600897054906
0.04930942487972149 2.08291535255864124
0.05039335924854037 2.08321700467376214
0.05149993122972624 2.08353147102813319
0.05262961360235921 2.08385927702148432
0.05378288901935464 2.08420096841975333
0.05496025021367514 2.08455711204919947
0.05616220020884904 2.08492829650546785
0.05738925253388537 2.08531513287711734
0.05864193144267742 2.08571825548282241
0.05992077213798844 2.08613832262137633
0.06122632100011513 2.08657601733363274
0.06255913582032677 2.08703204817515475
0.06391978603917964 2.08750714999809261
0.06530885298980850 2.08800208474101057
0.06672693014629928 2.08851764222470715
0.06817462337724868 2.08905464095191284
0.06965255120461952 2.08961392890886311
0.07116134506800231 2.09019638436596500
0.07270164959439530 2.09080291667450169
0.07427412287361937 2.09143446705653302
0.07587943673948470 2.09209200938397899
0.07751827705682930 2.09277655094276049
0.07919134401455241 2.09348913317796281
0.08089935242476805 2.09423083241441077
0.08264303202820568 2.09500276054723011
0.08442312780598965 2.09580606569671302
0.08624040029792988 2.09664193281983513
0.08809562592745969 2.09751158427149376
0.08998959733336007 2.09841628030737759
0.09192312370841214 2.09935731951843696
0.09389703114512160 2.10033603918813583
0.09591216298866428 2.10135381556101697
0.09796938019720219 2.10241206400998726
0.10006956170972503 2.10351223909080076
0.10221360482157399 2.10465583446790072
0.10440242556780792 2.10584438269645657
0.10663695911457621 2.10707945484477355
0.10891816015866546 2.10836265993629635
0.11124700333539013 2.10969564419325861
0.11362448363500234 2.11108009005946196
0.11605161682779813 2.11251771497693763
0.11852943989810150 2.11401026989405016
0.12105901148731263 2.11555953747394510
0.12364141234620889 2.11716732997465984
0.12627774579669157 2.11883548676992906
0.12896913820317663 2.12056587147153763
0.13171673945383003 2.12236036862022326
0.13452172345185329 2.12422087990132491
0.13738528861702992 2.12614931984076971
0.14030865839774587 2.12814761093891303
0.14329308179370365 2.13021767818498287
0.14633983388955368 2.13236144290399965
0.14945021639966885 2.13458081587612902
0.15262555822429855 2.13687768966329505
0.15586721601733630 2.13925393008510811
0.15917657476594502 2.14171136676408880
0.16255504838228885 2.14425178267254557
0.16600408030762184 2.14687690260052078
0.16952514412899339 2.14958838045442668
0.17311974420883283 2.15238778530925368
0.17678941632768383 2.15527658610703776
0.18053572834036105 2.15825613491196489
0.18436028084581019 2.16132764861683491
0.18826470787095936 2.16449218898366258
0.19225067756885098 2.16775064092020386
0.19631989293135405 2.17110368885613614
0.20047409251676232 2.17455179110917118
0.20471505119258721 2.17809515211017812
0.20904458089386296 2.18173369234851178
0.21346453139729110 2.18546701592120129
0.21797679111155024 2.18929437552772521
0.22258328788411205 2.19321463479107193
0.22728598982490827 2.19722622775706844
0.23208690614719857 2.20132711543095771
0.23698808802599927 2.20551473923030406
0.24199162947444217 2.20978597120077547
0.24709966823843374 2.21413706089070850
0.25231438670999912 2.21856357875128163
0.25763801285970300 2.22306035596133489
0.26307282118854164 2.22762142058848278
0.26862113369971485 2.23223993000075538
0.27428532089069546 2.23690809948796243
0.28006780276601551 2.24161712705477312
0.28597104987120398 2.24635711439685215
0.29199758434832046 2.25111698409335537
0.29814998101353096 2.25588439311073241
0.30443086845718847 2.26064564273168811
0.31084293016689085 2.26538558512743826
0.31738890567399058 2.27008752680246584
0.32407159172404976 2.27473312925877025
0.33089384347174128 2.27930230731078254
0.33785857570070327 2.28377312550661893
0.34496876406886945 2.28812169337802063
0.35222744637981063 2.29232206012181550
0.35963772388062443 2.29634610971887065
0.36720276258693341 2.30016345741550943
0.37492579463555276 2.30374134873760461
0.38281011966541167 2.30704456251663048
0.39085910622731213 2.31003531918945804
0.39907619322312893 2.31267319647897107
0.40746489137507175 2.31491505399869979
0.41602878472562704 2.31671496927154230
0.42477153216882768 2.31802418744849748
0.43369686901350457 2.31879108720105487
0.44280860857918347 2.31896116619675929
0.45211064382531180 2.31847704850173209
0.46160694901451416 2.31727851826515785
0.47130158141058137 2.31530258242708742
0.48119868301192154 2.31248356689174450
0.49130248232121654 2.30875325018397293
0.50161729615203454 2.30404103818035599
0.51214753147317249 2.29827418558993024
0.52289768729152031 2.29137806676507694
0.53387235657424581 2.28327650225988332
0.54507622821112223 2.27389214374482762
0.55651408901784305 2.26314692236488257
0.56819082578117130 2.25096256448838039
0.58011142734680088 2.23726117675898939
0.59228098675082685 2.22196590575276876
0.60470470339572602 2.20500167072554776
0.61738788527178223 2.18629597381388141
0.63033595122491015 2.16577978437346186
0.64355443327183692 2.14338849707555568
0.65704897896363601 2.11906296024445906
0.67082535379862684 2.09275056651340252
0.68488944368566274 2.06440640141618692
0.69924725745886374 2.03399443439577343
0.71390492944487338 2.00148874337933247
0.72886872208372744 1.96687475224113162
0.74414502860445741 1.93015046336008633
0.75974037575658049 1.89132766146345888
0.77566142659862680 1.85043306028774701
0.79191498334491151 1.80750936463883871
0.80850799027175324 1.76261621098938037
0.82544753668439663 1.71583095366921023
0.84274085994589265 1.66724925593138051
0.86039534856923394 1.61698544785124643
0.87841854537407604 1.56517261001319108
0.89681815070937965 1.51196234565523024
0.91560202574335536 1.45752420226952273
0.93477819582212573 1.40204471525287344
0.95435485389852415 1.34572604220578884
0.97434036403250379 1.28878417736337747
0.99474326496465870 1.23144673518115821
1.01557227376436776 1.17395031131595573
1.03683628955413121 1.11653744749706618
1.05854439731169547 1.05945322791112706
1.08070587175157473 1.00294158200707950
1.10333018128763971 0.94724134725112619
1.12642699207846886 0.89258220946440248
1.15000617215718126 0.83918061386162524
1.17407779564751369 0.78723578683386519
1.19865214706796364 0.73692601069133712
1.22373972572581047 0.68840529474927459
1.24935125020290649 0.64180062776064839
1.27549766293515887 0.59720995698841006
1.30219013488764590 0.55470110392493532
1.32944007032736966 0.51431178633881414
1.35725911169569602 0.47605097646868338
1.38565914458254658 0.43990182587789028
1.41465230280446930 0.40582643664410839
1.44425097358878052 0.37377274416199718
1.47446780286595969 0.34368160366957345
1.50531570067257503 0.31548947653522524
1.53680784666706316 0.28912920564620154
1.56895769576068611 0.26453070718648325
1.60177898386609341 0.24162163141304174
1.63528573376595143 0.22032798743717485
1.66949226110412341 0.20057472529107045
1.70441318050198221 0.18228628252804840
1.74006341180245117 0.16538708070708477
1.77645818644446463 0.14980198608565543
1.81361305397054373 0.13545671983189769
1.85154388867028041 0.12227822942131882
1.89026689636258172 0.11019501533044086
1.92979862131954660 0.09913741495524163
1.97015595333494420 0.08903785001098553
2.01135613494032972 0.07983102948638210
2.05341676877185186 0.07145412273254959
2.09635582509091423 0.06384689116035948
2.14019164946191776 0.05695179303695861
2.18494297059033427 0.05071405454727741
2.23062890832447769 0.04508171427380034
2.27726898182440340 0.04000564330744016
2.32488311790139646 0.03543953922898308
2.37349165953162888 0.03133990373053441
2.42311537454763704 0.02766599688204748
2.47377546451130126 0.02437977984311476
2.52549357377213424 0.02144583993530139
2.57829179871476688 0.01883130607801062
2.63219269719954818 0.01650575367945870
2.68721929820030425 0.01444110083002201
2.74339511164340433 0.01261150030225927
2.80074413845228820 0.01099322448805870
2.85929088080177163 0.00956455036163997
2.91906035258652974 0.00830564040835616
2.98007809010819180 0.00719842546566443
3.04237016298562946 0.00622648741086014
3.10596318529312887 0.00537494426408254
3.17088432693115374 0.00463033863362894
3.23716132523458322 0.00398052883761501
3.30482249682341100 0.00341458560765723
3.37389674970091491 0.00292269210231687
3.44441359560449367 0.00249605024969405
3.51640316261447250 0.00212679143661473
3.58989620802620957 0.00180789319273347
3.66492413149105367 0.00153310118443201
3.74151898843172059 0.00129685648038848
3.81971350373788576 0.00109422858585492
3.89954108574776903 0.00092085310690903
3.98103584052172232 0.00077287500164486
4.06423258641394813 0.00064689607146365
4.14916686894851061 0.00053992735766037
4.23587497600602969 0.00044934554703887
4.32439395332757393 0.00037285341659403
4.41476162034231390 0.00030844402367995
4.50701658632573565 0.00025436815335787
4.60119826689533795 0.00020910511911986
4.69734690085081663 0.00017133623741256
4.79550356736593564 0.00013992114455297
4.89571020353948594 0.00011387639378981
4.99800962231275925 0.00009235635124511
5.10244553076121754 0.00007463607855345
5.20906254876821162 0.00006009603596037
5.31790622808866420 0.00004820850278530
5.42902307181088695 0.00003852544842851
5.54246055422489103 0.00003066784622220
5.65826714110560314 0.00002431617121075
5.77649231041968392 0.00001920206776509
5.89718657346485209 0.00001510100383508
6.02040149645064471 0.00001182584844024
6.14618972252989071 0.00000922127064734
6.27460499429034613 0.00000715885917592
6.40570217671601494 0.00000553291195129
6.53953728062801254 0.00000425678851359
6.67616748661502157 0.00000325979166863
6.81565116946349381 0.00000248449052765
6.95804792309805631 0.00000188444825072
7.10341858604284493 0.00000142229412543
7.25182526741453248 0.00000106809766505
7.40333137345825065 0.00000079800637688
7.55800163463766062 0.00000059310541026
7.71590213329086083 0.00000043847349563
7.87710033186382397 0.00000032240016334
8.04166510173346971 0.00000023574443339
8.20966675263276535 0.00000017140940024
8.38117706269029661 0.00000012391573161
8.55626930909724059 0.00000008905692664
8.73501829941473851 0.00000006362205015
8.91750040353525897 0.00000004517467809
9.10379358631131019 0.00000003187695175
9.29397744086567457 0.00000002235111358
9.48813322259729297 0.00000001557065080
9.68634388389737566 0.00000001077564239
9.88869410959045503 0.00000000740714226
10.09527035311579013 0.00000000505673124
10.30616087346423448 0.00000000342799909
10.52145577288660050 0.00000000230728175
10.74124703538954506 0.00000000154165426
10.96562856603540759 0.00000000102243180
11.19469623106285816 0.00000000067294079
11.42854789884533240 0.00000000043948744
11.66728348170507523 0.00000000028475652
11.91100497860026763 0.00000000018301555
12.15981651870374058 0.00000000011665839
12.41382440589181257 0.00000000007373683
12.67313716416228075 0.00000000004620792
12.93786558400082320 0.00000000002870353
13.20812276971600951 0.00000000001767099
13.48402418776261946 0.00000000001077984
13.76568771607432140 0.00000000000651489
14.05323369442660919 0.00000000000389996
14.34678497585159285 0.00000000000231199
14.64646697912642637 0.00000000000135704
14.95240774235820069 0.00000000000078849
15.26473797768768570 0.00000000000045341
15.58359112713567107 0.00000000000025799
15.90910341961560981 0.00000000000014522
16.24141392913698212 0.00000000000008084
16.58066463422407111 0.00000000000004450
16.92700047857598378 0.00000000000002422
17.28056943299321802 0.00000000000001303
17.64152255859771401 0.00000000000000692
18.01001407137320953 0.00000000000000363
18.38620140805350189 0.00000000000000188
18.77024529338665104 0.00000000000000096
19.16230980880423829 0.00000000000000049
19.56256246252448250 0.00000000000000024
19.97117426111959304 0.00000000000000012
20.38831978257771382 0.00000000000000006
20.81417725089083604 0.00000000000000003
21.24892861220021700 0.00000000000000001
21.69275961253247331 0.00000000000000001
22.14585987715879511 0.00000000000000000
22.60842299161170743 0.00000000000000000
23.08064658439384331 0.00000000000000000
23.56273241141403929 0.00000000000000000
24.05488644218689132 0.00000000000000000
24.55731894783235703 0.00000000000000000
25.07024459091362445 0.00000000000000000
25.59388251715077800 0.00000000000000000
26.12845644905011966 0.00000000000000000
26.67419478148881495 0.00000000000000000
27.23133067929587980 0.00000000000000000
27.80010217687086183 0.00000000000000000
28.38075227988350946 0.00000000000000000
28.97352906909691583 0.00000000000000000
29.57868580635921774 0.00000000000000000
30.19648104280886969 0.00000000000000000
30.82717872933974235 0.00000000000000000
31.47104832937306895 0.00000000000000000
32.12836493398505411 0.00000000000000000
32.79940937943840851 0.00000000000000000
33.48446836716868802 0.00000000000000000
34.18383458627654647 0.00000000000000000
34.89780683857816967 0.00000000000000000
35.62669016626711738 0.00000000000000000
36.37079598224287480 0.00000000000000000
37.13044220316074018 0.00000000000000000
37.90595338526069469 0.00000000000000000
38.69766086303287267 0.00000000000000000
39.50590289077923956 0.00000000000000000
40.33102478713124128 0.00000000000000000
41.17337908258645740 0.00000000000000000
42.03332567012575538 0.00000000000000000
42.91123195897637999 0.00000000000000000
43.80747303158632633 0.00000000000000000
44.72243180387707184 0.00000000000000000
45.65649918884280822 0.00000000000000000
46.61007426356708550 0.00000000000000000
47.58356443972689220 0.00000000000000000
48.57738563765792605 0.00000000000000000
49.59196246405512198 0.00000000000000000
50.62772839338443731 0.00000000000000000
51.68512595308339286 0.00000000000000000
52.76460691262906977 0.00000000000000000
53.86663247655557285 0.00000000000000000
54.99167348150173495 0.00000000000000000
56.14021059737457620 0.00000000000000000
57.31273453271381868 0.00000000000000000
58.50974624434557114 0.00000000000000000
59.73175715141398712 0.00000000000000000
60.97928935388394223 0.00000000000000000
62.25287585560608505 0.00000000000000000
63.55306079204091674 0.00000000000000000
64.88039966273889547 0.00000000000000000
66.23545956867580742 0.00000000000000000
67.61881945454416609 0.00000000000000000
69.03107035610615583 0.00000000000000000
70.47281565271107695 0.00000000000000000
71.94467132508729890 0.00000000000000000
73.44726621851781090 0.00000000000000000
74.98124231151247443 0.00000000000000000
76.54725499009046530 0.00000000000000000
78.14597332779257499 0.00000000000000000
