0 0.00138655097793978282
5.41232671694897211e-05 0.00138655097295878392
0.000109376880951714346 0.00138655095759751329
0.000165784448263471329 0.00138655093120546719
0.000223370069044243438 0.00138655089310025246
0.000282158346552812615 0.00138655084256614691
0.000342174397878919475 0.00138655077885259728
0.000403443864674452935 0.00138655070117265516
0.000465992924108759058 0.00138655060870133896
0.000529848300052744125 0.00138655050057393025
0.000595037274496559897 0.0013865503758841945
0.000661587699205738711 0.00138655023368252153
0.000729528007620763408 0.00138655007297398976
0.000798887227005161383 0.00138654989271634567
0.000869694990847297397 0.00138654969181789003
0.000941981551521183804 0.0013865494691352833
0.00101577779321170383 0.00138654922347124536
0.00109111524510977138 0.00138654895357216115
0.00116802609488306859 0.00138654865812558358
0.00124654320242812235 0.00138654833575762616
0.00132670011390957328 0.00138654798503024109
0.0014085310760926673 0.00138654760443838771
0.00149207105097506551 0.00138654719240706805
0.00157735573072423558 0.00138654674728824387
0.00166442155292681232 0.00138654626735761608
0.00175330571615642684 0.00138654575081126395
0.00184404619586667207 0.001386545195762144
0.00193668176061598555 0.00138654460023643691
0.00203125198863138116 0.00138654396216973371
0.00212779728471810918 0.00138654327940306217
0.00222635889752247724 0.00138654254967874083
0.0023269789371551837 0.00138654177063605348
0.00242970039318272631 0.00138654093980673993
0.0025345671529945408 0.00138654005461029146
0.00264162402055374097 0.00138653911234904717
0.00275091673553945655 0.00138653811020307462
0.00286249199288895291 0.00138653704522483513
0.0029763974627478886 0.00138653591433362091
0.00309268181083721195 0.00138653471430975027
0.00321139471924542994 0.00138653344178851518
0.00333258690765510929 0.00138653209325387164
0.00345631015501268605 0.00138653066503185833
0.00358261732165084199 0.00138652915328373039
0.00371156237187289777 0.00138652755399880779
0.00384320039700888471 0.00138652586298700846
0.00397758763895311729 0.00138652407587106516
0.00411478151419335247 0.00138652218807841445
0.00425484063834179107 0.00138652019483272984
0.00439782485117838802 0.00138651809114510361
0.00454379524221720441 0.00138651587180484061
0.00469281417680668042 0.00138651353136986892
0.00484494532277502613 0.00138651106415673439
0.00500025367763207856 0.00138650846423017085
0.00515880559633926598 0.00138650572539222644
0.00532066881965952837 0.00138650284117092107
0.00548591250309934421 0.00138649980480842695
0.00565460724645516777 0.00138649660924873813
0.00582682512397695272 0.00138649324712482183
0.00600263971516163362 0.0013864897107452132
0.00618212613618970928 0.00138648599208004682
0.00636536107201837037 0.00138648208274649008
0.00655242280914488783 0.00138647797399355432
0.00674339126905425419 0.00138647365668626162
0.00693834804236535558 0.00138646912128913909
0.00713737642369028247 0.0013864643578490037
0.00734056144722167701 0.00138645935597702351
0.00754798992306329481 0.00138645410483000911
0.00775975047431931575 0.00138644859309091208
0.00797593357495827472 0.0013864428089484951
0.00819663158846774438 0.00138643674007613341
0.00842193880731632871 0.00138643037360972206
0.00865195149323977168 0.00138642369612463549
0.00888676791836848744 0.00138641669361171832
0.00912648840721397119 0.00138640935145224482
0.00937121537953209544 0.00138640165439182696
0.00962105339408161724 0.00138639358651320376
0.00987610919329654467 0.00138638513120788154
0.010136491748891455 0.00138637627114657149
0.0104023123084193182 0.00138636698824836572
0.0106736844428016054 0.00138635726364861309
0.0109507240948510925 0.00138634707766542922
0.011233549628808015 0.00138633640976478303
0.011522281880910791 0.0013863252385241118
0.0118170442110228958 0.00138631354159438037
0.0121179625553379192 0.0013863012956605459
0.0124251654801853951 0.00138628847640033938
0.0127387842369603155 0.00138627505844129929
0.0130589528181998277 0.00138626101531599301
0.0133858080148311024 0.00138624631941533559
0.0137194894746147829 0.00138623094193992993
0.0140601397618090075 0.00138621485284935752
0.0144079044180794921 0.0013861980208093093
0.0147629320246817283 0.00138618041313649039
0.015125374265941802 0.00138616199574118797
0.0154953859940629851 0.00138614273306741161
0.0158731252952858497 0.00138612258803050303
0.0162587535574300231 0.00138610152195210615
0.0166524355388466272 0.00138607949449239096
0.0170543394388106666 0.0013860564635794115
0.0174646369693836276 0.00138603238533547852
0.0178835034287768771 0.00138600721400042575
0.0183111177762471759 0.0013859809018516322
0.0187476627085564583 0.00138595339912066739
0.0191933247380283514 0.0013859246539064242
0.0196482942722349431 0.00138589461208458043
0.0201127656953477944 0.00138586321721324108
0.0205869374511878506 0.00138583041043460558
0.0210710121280099187 0.00138579613037248766
0.0215651965450578201 0.00138576031302551066
0.022069701840927148 0.00138572289165580977
0.022584743563773553 0.00138568379667304066
0.0231105417634049522 0.00138564295551350737
0.0236473210852970253 0.0013856002925141974
0.0241953108665722283 0.00138555572878152006
0.0247547452339833482 0.00138550918205451843
0.0253258632039432552 0.00138546056656233289
0.0259089087846439137 0.00138540979287566854
0.0265041310803080556 0.00138535676775202224
0.0271117843976180495 0.00138530139397440976
0.0277321283543675717 0.00138524357018331569
0.028365427990382483 0.00138518319070159439
0.0290119538807580742 0.00138512014535202219
0.0296719822514614553 0.00138505431926719659
0.0303457950973480689 0.00138498559269146951
0.0310336803026430505 0.0013849138407745795
0.0317359317639388239 0.00138483893335663894
0.0324528495157613214 0.00138476073474412846
0.0331847398587587633 0.00138467910347650925
0.0339319154905675865 0.00138459389208308616
0.0346946956394113409 0.00138450494682970117
0.0354734062004899223 0.00138441210745485666
0.0362683798752172146 0.00138431520689481433
0.0370799563133665105 0.00138421407099723406
0.0379084822581847794 0.00138410851822286999
0.0387543116945375937 0.00138399835933484335
0.0396178060001478108 0.00138388339707497731
0.0404993340999930326 0.00138376342582666981
0.0413992726239275979 0.001383638231263749
0.0423180060675962672 0.00138350758998475004
0.0432559269567087817 0.00138337126913200964
0.0442134360147450611 0.00138322902599496977
0.0451909423341628896 0.00138308060759704697
0.0461888635511814513 0.00138292575026540483
0.0472076260242147369 0.00138276417918293485
0.0482476650160318238 0.00138259560792173522
0.0493094248797214946 0.00138241973795734385
0.0503933592485403675 0.00138223625816294177
0.0514999312297262438 0.00138204484428274552
0.0526296136023592098 0.00138184515838374257
0.0537828890193546433 0.00138163684828491182
0.0549602502136751353 0.0013814195469630385
0.0561622002088490446 0.00138119287193419894
0.0573892525338853682 0.00138095642460994445
0.0586419314426774169 0.0013807097896272034
0.0599207721379884373 0.00138045253415086449
0.0612263210001151303 0.00138018420714797196
0.0625591358203267667 0.00137990433863243388
0.063919786039179638 0.00137961243887910093
0.0653088529898084996 0.00137930799760602922
0.066726930146299282 0.00137899048312370019
0.0681746233772486804 0.00137865934144996006
0.0696525512046195228 0.00137831399538933209
0.071161345068002313 0.00137795384357538935
0.0727016495943953039 0.00137757825947478689
0.0742741228736193693 0.00137718659035149932
0.0758794367394847041 0.00137677815618981189
0.0775182770568293017 0.00137635224857452334
0.0791913440145524117 0.00137590812952678612
0.0808993524247680479 0.00137544503029397728
0.0826430320282056791 0.00137496215009194037
0.0844231278059896506 0.00137445865479786074
0.0862404002979298839 0.00137393367559205813
0.0880956259274596892 0.00137338630754687608
0.0899895973333600663 0.00137281560816079526
0.0919231237084121439 0.00137222059583595301
0.0938970311451216011 0.00137160024829704628
0.0959121629886642846 0.00137095350094969411
0.0979693801972021938 0.00137027924517626391
0.10006956170972503 0.00136957632656702533
0.102213604821573989 0.00136884354308461961
0.104402425567807919 0.00136807964315970552
0.106636959114576213 0.0013672833237155541
0.108918160158665456 0.0013664532281195429
0.111247003335390129 0.00136558794405923045
0.113624483635002341 0.0013646860013408152
0.116051616827798132 0.00136374586960786573
0.118529439898101496 0.00136276595597787254
0.121059011487312629 0.00136174460259460878
0.123641412346208887 0.0013606800840939928
0.126277745796691571 0.00135957060498115984
0.128969138203176625 0.00135841429691685033
0.131716739453830028 0.00135720921591069
0.134521723451853287 0.00135595333941949622
0.137385288617029921 0.00135464456334870136
0.140308658397745867 0.00135328069895465706
0.143293081793703647 0.00135185946964655555
0.146339833889553683 0.00135037850768586942
0.14945021639966885 0.00134883535078198749
0.152625558224298546 0.00134722743858300097
0.155867216017336302 0.00134555210905990875
0.159176574765945017 0.00134380659478415911
0.162555048382288847 0.00134198801909737875
0.166004080307621843 0.00134009339217311006
0.169525144128993388 0.00133811960697120032
0.173119744208832832 0.00133606343508430058
0.176789416327683829 0.00133392152247860775
0.180535728340361051 0.00133169038512951656
0.184360280845810187 0.00132936640455428527
0.188264707870959364 0.00132694582324529415
0.192250677568850975 0.00132442474000568416
0.196319892931354045 0.0013217991051934757
0.20047409251676232 0.00131906471587787673
0.204715051192587205 0.00131621721091421096
0.209044580893862963 0.00131325206594581239
0.213464531397291102 0.00131016458833892267
0.217976791111550244 0.00130694991206340002
0.222583287884112052 0.00130360299252793165
0.227285989824908274 0.00130011860138389826
0.232086906147198568 0.00129649132131357003
0.236988088025999272 0.00129271554081636765
0.241991629474442166 0.00128878544901673674
0.24709966823843374 0.00128469503051036851
0.252314386709999117 0.00128043806027623871
0.257638012859703003 0.00127600809868100144
0.263072821188541639 0.00127139848660318415
0.268621133699714854 0.00126660234071713975
0.274285320890695461 0.00126161254896673325
0.280067802766015506 0.00125642176627828559
0.285971049871203975 0.00125102241055504728
0.29199758434832046 0.001245406659004928
0.298149981013530962 0.00123956644486492495
0.304430868457188475 0.00123349345457538775
0.310842930166890852 0.00122717912548779887
0.317388905673990585 0.00122061464417196823
0.324071591724049757 0.00121379094541603167
0.330893843471741278 0.00120669871201459981
0.337858575700703267 0.00119932837544022139
0.344968764068869449 0.00119167011753081985
0.352227446379810627 0.0011837138732978046
0.359637723880624427 0.00117544933501536036
0.367202762586933407 0.00116686595772991751
0.374925794635552756 0.00115795296636008859
0.382810119665411674 0.00114869936458434339
0.390859106227312125 0.00113909394569222601
0.399076193223128928 0.00112912530565733313
0.407464891375071747 0.00111878185863776691
0.416028784725627043 0.00110805185520022019
0.424771532168827681 0.00109692340354744077
0.433696869013504571 0.00108538449405743039
0.442808608579183471 0.00107342302752036056
0.452110643825311798 0.00106102684739909151
0.461606949014514156 0.00104818377659789456
0.471301581410581372 0.0010348816591357942
0.481198683011921535 0.00102110840726386278
0.491302482321216538 0.00100685205456749606
0.501617296152034542 0.00099210081561291563
0.51214753147317249 0.000976843152867256856
0.522897687291520308 0.000961067851495064907
0.53387235657424581 0.00094476410292411309
0.545076228211122227 0.000927921597927818648
0.55651408901784305 0.000910530630203712672
0.568190825781171305 0.000892582211463849957
0.580111427346800879 0.000874068199054009367
0.592280986750826854 0.000854981437450683742
0.604704703395726018 0.000835315914744237708
0.617387885271782233 0.000815066935739307795
0.630335951224910152 0.000794231313053404657
0.643554433271836923 0.000772807577995003993
0.65704897896363601 0.000750796213087281733
0.670825353798626844 0.000728199908091202615
0.684889443685662735 0.000705023841988073816
0.699247257458863736 0.000681275992946166978
0.713904929444873382 0.00065696747923870921
0.728868722083727438 0.000632112933623949847
0.744145028604457415 0.000606730914435884422
0.759740375756580488 0.000580844356756700852
0.775661426598626802 0.00055448106706016255
0.791914983344911505 0.000527674265764776075
0.808507990271753241 0.000500463181378796459
0.825447536684396632 0.000472893701619998266
0.842740859945892651 0.00044501908601889405
0.860395348569233942 0.000416900745946620116
0.878418545374076043 0.000388609098075245942
0.896818150709379647 0.000360224497490015951
0.915602025743355363 0.000331838258387019236
0.934778195822125735 0.000303553769046548366
0.954354853898524147 0.000275487710813405572
0.974340364032503792 0.000247771389115484771
0.994743264964658702 0.000220552187406435014
1.01557227376436776 0.000193995154620135707
1.03683628955413121 0.000168284737599550004
1.05854439731169547 0.000143626672544583687
1.08070587175157473 0.000120250047670580491
1.10333018128763971 9.84095545786764785e-05
1.12642699207846886 7.83879425954615296e-05
1.15000617215718126 6.04986960278299516e-05
1.17407779564751369 4.50889528419593319e-05
1.19865214706796364 3.25426906086722197e-05
1.22373972572581047 2.31387992340120624e-05
1.24935125020290649 1.63427909812389258e-05
1.27549766293515887 1.14647204194290944e-05
1.3021901348876459 7.98719471131936904e-06
1.32944007032736966 5.52534679054194011e-06
1.35725911169569602 3.79488680901519978e-06
1.38565914458254658 2.58731961970703948e-06
1.4146523028044693 1.75085685096544922e-06
1.44425097358878052 1.17580532438825753e-06
1.47446780286595969 7.83500417381789538e-07
1.50531570067257503 5.1795757817449018e-07
1.53680784666706316 3.39650301170095473e-07
1.56895769576068611 2.2089318300144707e-07
1.60177898386609341 1.42453527584142817e-07
1.63528573376595143 9.10818823667715031e-08
1.66949226110412341 5.77275247926256847e-08
1.70441318050198221 3.62619146774399805e-08
1.74006341180245117 2.25712767056505217e-08
1.77645818644446463 1.39193972949002658e-08
1.81361305397054373 8.50279188334240055e-09
1.85154388867028041 5.14394689716078035e-09
1.89026689636258172 3.08134834356764318e-09
1.9297986213195466 1.82728642731614635e-09
1.9701559533349442 1.07252443567685412e-09
2.01135613494032972 6.22945371076085005e-10
2.05341676877185186 3.57968511348789629e-10
2.09635582509091423 2.034678206442268e-10
2.14019164946191776 1.14368811156196948e-10
2.18494297059033427 6.35597389535157286e-11
2.23062890832447769 3.4915466341814753e-11
2.2772689818244034 1.89546045025903082e-11
2.32488311790139646 1.01663433547735862e-11
2.37349165953162888 5.38598558137369039e-12
2.42311537454763704 2.81775289016808665e-12
2.47377546451130126 1.45535798462782577e-12
2.52549357377213424 7.41908282412686496e-13
2.57829179871476688 3.73188169072558485e-13
2.63219269719954818 1.8517660889256618e-13
2.68721929820030425 9.06148037932996344e-14
2.74339511164340433 4.37168867581802502e-14
2.8007441384522882 2.07874911195132597e-14
2.85929088080177163 9.73947638550006061e-15
2.91906035258652974 4.49480926977359958e-15
2.9800780901081918 2.04266576973488958e-15
3.04237016298562946 9.13808617288861975e-16
3.10596318529312887 4.02290319933900129e-16
3.17088432693115374 1.74226402065463149e-16
3.23716132523458322 7.42025161309590709e-17
3.304822496823411 3.10682355374855174e-17
3.37389674970091491 1.27831961786188908e-17
3.44441359560449367 5.16703283785357946e-18
3.5164031626144725 2.0509432913320995e-18
3.58989620802620957 7.99121243496277843e-19
3.66492413149105367 3.05532347962716168e-19
3.74151898843172059 1.1457770648022874e-19
3.81971350373788576 4.21296674103158317e-20
3.89954108574776903 1.51815204155818428e-20
3.98103584052172232 5.35951959539996522e-21
4.06423258641394813 1.85272237746385284e-21
4.14916686894851061 6.26891947470204545e-22
4.23587497600602969 2.07527575007765809e-22
4.32439395332757393 6.71814219967588695e-23
4.4147616203423139 2.12587327176520524e-23
4.50701658632573565 6.57192208987149342e-24
4.60119826689533795 1.98405298980945185e-24
4.69734690085081663 5.84592352581460369e-25
4.79550356736593564 1.68041980328246021e-25
4.89571020353948594 4.70969324702412534e-26
4.99800962231275925 1.28634612313428217e-26
5.10244553076121754 3.42214437305544766e-27
5.20906254876821162 8.8619238701151487e-28
5.3179062280886642 2.23294622906102077e-28
5.42902307181088695 5.47024833308827417e-29
5.54246055422489103 1.30245188480282287e-29
5.65826714110560314 3.0115734292968035e-30
5.77649231041968392 6.75934465777906043e-31
5.89718657346485209 1.47162566693722586e-31
6.02040149645064471 3.10581189146248447e-32
6.14618972252989071 6.35093144755376709e-33
6.27460499429034613 1.25707905206832408e-33
6.40570217671601494 2.40787338661925934e-34
6.53953728062801254 4.45819746682543182e-35
6.67616748661502157 7.97660854434398639e-36
6.81565116946349381 1.37771198116886898e-36
6.95804792309805631 2.29580555712624716e-37
7.10341858604284493 3.68845537020595439e-38
7.25182526741453248 5.70725369220442926e-39
7.40333137345825065 8.50314264816038455e-40
7.55800163463766062 1.21795599017586711e-40
7.71590213329086083 1.67727520590223595e-41
7.87710033186382397 2.21703361797928352e-42
8.04166510173346971 2.8123787519623883e-43
8.20966675263276535 3.41939233710961182e-44
8.38117706269029661 3.98137225596228046e-45
8.55626930909724059 4.43730124762214362e-46
8.73501829941473851 4.72501264915863967e-47
8.91750040353525897 4.80910377321243287e-48
9.10379358631131019 4.6663920460772031e-49
9.29397744086567457 4.31979266377723726e-50
9.48813322259729297 0
9.68634388389737566 0
9.88869410959045503 0
10.0952703531157901 0
10.3061608734642345 0
10.5214557728866005 0
10.7412470353895451 0
10.9656285660354076 0
11.1946962310628582 0
11.4285478988453324 0
11.6672834817050752 0
11.9110049786002676 0
12.1598165187037406 0
12.4138244058918126 0
12.6731371641622808 0
12.9378655840008232 0
13.2081227697160095 0
13.4840241877626195 0
13.7656877160743214 0
14.0532336944266092 0
14.3467849758515928 0
14.6464669791264264 0
14.9524077423582007 0
15.2647379776876857 0
15.5835911271356711 0
15.9091034196156098 0
16.2414139291369821 0
16.5806646342240711 0
16.9270004785759838 0
17.280569432993218 0
17.641522558597714 0
18.0100140713732095 0
18.3862014080535019 0
18.770245293386651 0
19.1623098088042383 0
19.5625624625244825 0
19.971174261119593 0
20.3883197825777138 0
20.814177250890836 0
21.248928612200217 0
21.6927596125324733 0
22.1458598771587951 0
22.6084229916117074 0
23.0806465843938433 0
23.5627324114140393 0
24.0548864421868913 0
24.557318947832357 0
25.0702445909136244 0
25.593882517150778 0
26.1284564490501197 0
26.674194781488815 0
27.2313306792958798 0
27.8001021768708618 0
28.3807522798835095 0
28.9735290690969158 0
29.5786858063592177 0
30.1964810428088697 0
30.8271787293397423 0
31.471048329373069 0
32.1283649339850541 0
32.7994093794384085 0
33.484468367168688 0
34.1838345862765465 0
34.8978068385781697 0
35.6266901662671174 0
36.3707959822428748 0
37.1304422031607402 0
37.9059533852606947 0
38.6976608630328727 0
39.5059028907792396 0
40.3310247871312413 0
41.1733790825864574 0
42.0333256701257554 0
42.91123195897638 0
43.8074730315863263 0
44.7224318038770718 0
45.6564991888428082 0
46.6100742635670855 0
47.5835644397268922 0
48.5773856376579261 0
49.591962464055122 0
50.6277283933844373 0
51.6851259530833929 0
52.7646069126290698 0
53.8666324765555729 0
54.991673481501735 0
56.1402105973745762 0
57.3127345327138187 0
58.5097462443455711 0
59.7317571514139871 0
60.9792893538839422 0
62.2528758556060851 0
63.5530607920409167 0
64.8803996627388955 0
66.2354595686758074 0
67.6188194545441661 0
69.0310703561061558 0
70.472815652711077 0
71.9446713250872989 0
73.4472662185178109 0
74.9812423115124744 0
76.5472549900904653 0
78.145973327792575 0
