0.00000000000000000 1.00000000000000000 0.00000000000000000 0.00000000000000000
0.00005412326716949 0.99999999329250788 0.00005412326680646 0.00000000292932803
0.00010937688095171 0.99999997260677165 0.00010937687795553 0.00000001196330176
0.00016578444826347 0.99999993706681367 0.00016578443783013 0.00000002748448156
0.00022337006904424 0.99999988575371324 0.00022337004352504 0.00000004989418204
0.00028215834655281 0.99999981770366919 0.00028215829511638 0.00000007961331802
0.00034217439787892 0.99999973190597680 0.00034217430614401 0.00000011708328717
0.00040344386467445 0.99999962730091940 0.00040344371431130 0.00000016276689128
0.00046599292410876 0.99999950277756822 0.00046599269240662 0.00000021714929735
0.00052984830005274 0.99999935717148347 0.00052984795945115 0.00000028073904060
0.00059503727449656 0.99999918926231945 0.00059503679207742 0.00000035406907098
0.00066158769920574 0.99999899777132351 0.00066158703614357 0.00000043769784507
0.00072952800762076 0.99999878135872566 0.00072952711858782 0.00000053221046533
0.00079888722700516 0.99999853862101939 0.00079888605952816 0.00000063821986879
0.00086969499084730 0.99999826808811743 0.00086969348461221 0.00000075636806714
0.00094198155152118 0.99999796822039255 0.00094197963762228 0.00000088732744055
0.00101577779321170 0.99999763740558378 0.00101577539334076 0.00000103180208745
0.00109111524510977 0.99999727395557270 0.00109111227068114 0.00000119052923267
0.00116802609488307 0.99999687610301746 0.00116802244608988 0.00000136428069644
0.00124654320242812 0.99999644199784443 0.00124653876722472 0.00000155386442685
0.00132670011390957 0.99999596970358640 0.00132669476691486 0.00000176012609839
0.00140853107609267 0.99999545719356242 0.00140852467740863 0.00000198395077957
0.00149207105097507 0.99999490234689503 0.00149206344491444 0.00000222626467237
0.00157735573072424 0.99999430294435165 0.00157734674444086 0.00000248803692668
0.00166442155292681 0.99999365666401263 0.00166441099494168 0.00000277028153291
0.00175330571615643 0.99999296107674740 0.00175329337477205 0.00000307405929609
0.00184404619586667 0.99999221364149748 0.00184403183746190 0.00000340047989493
0.00193668176061599 0.99999141170035888 0.00193666512781272 0.00000375070402946
0.00203125198863138 0.99999055247344770 0.00203123279832428 0.00000412594566097
0.00212779728471811 0.99998963305355160 0.00212777522595761 0.00000452747434828
0.00222635889752248 0.99998865040054508 0.00222633362924075 0.00000495661768431
0.00232697893715518 0.99998760133556908 0.00232695008572420 0.00000541476383729
0.00242970039318273 0.99998648253495914 0.00242966754979260 0.00000590336420103
0.00253456715299454 0.99998529052391116 0.00253452987083961 0.00000642393615891
0.00264162402055374 0.99998402166987910 0.00264158181181309 0.00000697806596634
0.00275091673553946 0.99998267217568582 0.00275086906813756 0.00000756741175682
0.00286249199288895 0.99998123807234085 0.00286243828702126 0.00000819370667674
0.00297639746274789 0.99997971521154960 0.00297633708715501 0.00000885876215449
0.00309268181083721 0.99997809925790027 0.00309261407881048 0.00000956447130948
0.00321139471924543 0.99997638568071889 0.00321131888434519 0.00001031281250700
0.00333258690765511 0.99997456974557164 0.00333250215912214 0.00001110585306522
0.00345631015501269 0.99997264650540840 0.00345621561285155 0.00001194575312061
0.00358261732165084 0.99997061079132243 0.00358251203136276 0.00001283476965858
0.00371156237187290 0.99996845720291916 0.00371144529881415 0.00001377526071634
0.00384320039700888 0.99996618009826910 0.00384307042034913 0.00001476968976522
0.00397758763895312 0.99996377358343347 0.00397744354520638 0.00001582063028005
0.00411478151419335 0.99996123150154370 0.00411462199029257 0.00001693077050355
0.00425484063834179 0.99995854742141010 0.00425466426422584 0.00001810291841393
0.00439782485117839 0.99995571462564825 0.00439763009185852 0.00001934000690427
0.00454379524221720 0.99995272609829700 0.00454358043928756 0.00002064509918267
0.00469281417680668 0.99994957451190747 0.00469257753936129 0.00002202139440248
0.00484494532277503 0.99994625221408062 0.00484468491769103 0.00002347223353229
0.00500025367763208 0.99994275121343323 0.00499996741917651 0.00002500110547578
0.00515880559633927 0.99993906316496339 0.00515849123505366 0.00002661165345206
0.00532066881965953 0.99993517935479193 0.00532032393047370 0.00002830768164736
0.00548591250309934 0.99993109068425623 0.00548553447262253 0.00003009316214954
0.00565460724645517 0.99992678765332177 0.00565419325938911 0.00003197224217740
0.00582682512397695 0.99992226034329246 0.00582637214859212 0.00003394925161706
0.00600263971516163 0.99991749839878152 0.00600214448777360 0.00003602871087845
0.00618212613618971 0.99991249100891544 0.00618158514456877 0.00003821533908532
0.00636536107201837 0.99990722688773948 0.00636477053766106 0.00004051406261276
0.00655242280914489 0.99990169425378839 0.00655177866833114 0.00004293002398684
0.00674339126905425 0.99989588080878744 0.00674268915260929 0.00004546859116165
0.00693834804236536 0.99988977371545251 0.00693758325403975 0.00004813536718941
0.00713737642369028 0.99988335957434016 0.00713654391706613 0.00005093620030030
0.00734056144722168 0.99987662439971758 0.00733965580104672 0.00005387719440904
0.00754798992306329 0.99986955359441010 0.00754700531490840 0.00005696472006623
0.00775975047431932 0.99986213192357487 0.00775868065244788 0.00006020542587292
0.00797593357495827 0.99985434348736502 0.00797477182828874 0.00006360625037788
0.00819663158846774 0.99984617169243351 0.00819537071450274 0.00006717443447770
0.00842193880731633 0.99983759922222659 0.00842057107790366 0.00007091753434076
0.00865195149323977 0.99982860800601725 0.00865046861802150 0.00007484343487691
0.00888676791836849 0.99981917918662855 0.00888516100576524 0.00007896036377557
0.00912648840721397 0.99980929308678357 0.00912474792278133 0.00008327690613601
0.00937121537953210 0.99979892917403512 0.00936933110151544 0.00008780201971445
0.00962105339408162 0.99978806602420489 0.00961901436598447 0.00009254505081357
0.00987610919329654 0.99977668128327746 0.00987390367326529 0.00009751575084126
0.01013649174889146 0.99976475162767908 0.01013410715570648 0.00010272429356620
0.01040231230841932 0.99975225272287760 0.01039973516386913 0.00010818129309942
0.01067368444280161 0.99973915918022649 0.01067090031020154 0.00011389782263169
0.01095072409485109 0.99972544451198941 0.01094771751345316 0.00011988543395819
0.01123354962880801 0.99971108108445816 0.01123030404383157 0.00012615617782299
0.01152228188091079 0.99969604006909063 0.01151877956890635 0.00013272262511702
0.01181704421102290 0.99968029139158598 0.01181326620026262 0.00013959788896509
0.01211796255533792 0.99966380367880503 0.01211388854090644 0.00014679564773824
0.01242516548018540 0.99964654420345467 0.01242077373342339 0.00015433016902973
0.01273878423696032 0.99962847882643124 0.01273405150889076 0.00016221633463410
0.01305895281819983 0.99960957193673639 0.01305385423654277 0.00017046966657067
0.01338580801483110 0.99958978638885732 0.01338031697418728 0.00017910635419406
0.01371948947461478 0.99956908343750495 0.01371357751937119 0.00018814328243633
0.01406013976180901 0.99954742266960561 0.01405377646129064 0.00019759806122697
0.01440790441807949 0.99952476193342432 0.01440105723344044 0.00020748905613870
0.01476293202468173 0.99950105726470562 0.01475556616699637 0.00021783542030906
0.01512537426594180 0.99947626280970470 0.01511745254492159 0.00022865712768955
0.01549538599406299 0.99945033074498146 0.01548686865678740 0.00023997500767628
0.01587312529528585 0.99942321119382294 0.01586396985429648 0.00025181078117789
0.01625875355743002 0.99939485213914758 0.01624891460749462 0.00026418709817898
0.01665243553884663 0.99936519933275747 0.01664186456165535 0.00027712757685918
0.01705433943881067 0.99933419620077635 0.01704298459481906 0.00029065684433047
0.01746463696938363 0.99930178374511880 0.01745244287596600 0.00030480057905765
0.01788350342877688 0.99926790044082847 0.01787041092380023 0.00031958555502943
0.01831111777624718 0.99923248212911187 0.01829706366611797 0.00033503968774978
0.01874766270855646 0.99919546190588870 0.01873257949973188 0.00035119208212219
0.01919332473802835 0.99915677000567860 0.01917714035091849 0.00036807308230193
0.01964829427223494 0.99911633368062758 0.01963093173635345 0.00038571432359403
0.02011276569534779 0.99907407707447315 0.02009414282449472 0.00040414878647792
0.02058693745118785 0.99902992109124611 0.02056696649737062 0.00042341085284204
0.02107101212800992 0.99898378325848403 0.02104959941272475 0.00044353636451527
0.02156519654505782 0.99893557758474205 0.02154224206646582 0.00046456268418455
0.02206970184092715 0.99888521441115330 0.02204509885536474 0.00048652875879166
0.02258474356377355 0.99883260025681120 0.02255837813993722 0.00050947518550512
0.02311054176340495 0.99877763765770800 0.02308229230744340 0.00053344428036629
0.02364732108529703 0.99872022499897528 0.02361705783493086 0.00055848014971264
0.02419531086657223 0.99866025634014821 0.02416289535224059 0.00058462876448391
0.02475474523398335 0.99859762123317619 0.02472002970488908 0.00061193803752103
0.02532586320394326 0.99853220453287628 0.02528869001673151 0.00064045790397067
0.02590890878464391 0.99846388619953386 0.02586910975230480 0.00067024040491241
0.02650413108030806 0.99839254109332509 0.02646152677873934 0.00070133977432879
0.02711178439761805 0.99831803876023673 0.02706618342712044 0.00073381252954247
0.02773212835436757 0.99824024320913496 0.02768332655317083 0.00076771756524841
0.02836542799038248 0.99815901267963625 0.02831320759711550 0.00080311625127273
0.02901195388075807 0.99807419940040432 0.02895608264257907 0.00084007253419392
0.02967198225146146 0.99798564933749179 0.02961221247435529 0.00087865304296558
0.03034579509734807 0.99789320193233533 0.03028186263487523 0.00091892719868396
0.03103368030264305 0.99779668982898684 0.03096530347918827 0.00096096732864745
0.03173593176393882 0.99769593859015515 0.03166281022825607 0.00100484878485848
0.03245284951576132 0.99759076640161903 0.03237466302034474 0.00105065006712273
0.03318473985875876 0.99748098376455197 0.03310114696028543 0.00109845295090362
0.03393191549056759 0.99736639317528086 0.03384255216635584 0.00114834262009391
0.03469469563941134 0.99724678879199347 0.03459917381451854 0.00120040780486981
0.03547340620048992 0.99712195608787935 0.03537131217973242 0.00125474092479598
0.03626837987521721 0.99699167149018342 0.03615927267403374 0.00131143823735342
0.03707995631336651 0.99685570200462070 0.03696336588106164 0.00137059999206475
0.03790848225818478 0.99671380482459659 0.03778390758668107 0.00143233059039459
0.03875431169453759 0.99656572692464140 0.03862121880533099 0.00149673875160473
0.03961780600014781 0.99641120463746458 0.03947562580170065 0.00156393768474621
0.04049933409999303 0.99624996321400239 0.04034746010730965 0.00163404526697207
0.04139927262392760 0.99608171636581588 0.04123705853153813 0.00170718422835601
0.04231800606759627 0.99590616578918101 0.04214476316662310 0.00178348234340256
0.04325592695670878 0.99572300067018338 0.04307092138610434 0.00186307262943548
0.04421343601474506 0.99553189717011226 0.04401588583616852 0.00194609355204976
0.04519094233416289 0.99533251789043176 0.04498001441930365 0.00203268923781257
0.04618886355118145 0.99512451131657531 0.04596367026963742 0.00212300969439578
0.04720762602421474 0.99490751123980048 0.04696722171929072 0.00221721103832065
0.04824766501603182 0.99468113615630793 0.04799104225503548 0.00231545573049118
0.04930942487972149 0.99444498864281061 0.04903551046449817 0.00241791281968797
0.05039335924854037 0.99419865470772628 0.05010100997110199 0.00252475819418845
0.05149993122972624 0.99394170311712382 0.05118792935688886 0.00263617484167186
0.05262961360235921 0.99367368469455730 0.05229666207230707 0.00275235311755867
0.05378288901935464 0.99339413159388246 0.05342760633199196 0.00287349102192329
0.05496025021367514 0.99310255654413748 0.05458116499550626 0.00299979448510691
0.05616220020884904 0.99279845206554895 0.05575774543194078 0.00313147766214270
0.05738925253388537 0.99248128965570270 0.05695775936720735 0.00326876323608894
0.05864193144267742 0.99215051894490591 0.05818162271278399 0.00341188273034680
0.05992077213798844 0.99180556681974374 0.05942975537459433 0.00356107683001746
0.06122632100011513 0.99144583651381923 0.06070258104062276 0.00371659571232867
0.06255913582032677 0.99107070666465480 0.06200052694578137 0.00387869938613297
0.06391978603917964 0.99067953033571621 0.06332402361245396 0.00404765804044802
0.06530885298980850 0.99027163400251306 0.06467350456504757 0.00422375240197440
0.06672693014629928 0.98984631650171784 0.06604940601678178 0.00440727410148636
0.06817462337724868 0.98940284794224076 0.06745216652683951 0.00459852604894674
0.06965255120461952 0.98894046857720019 0.06888222662589386 0.00479782281714828
0.07116134506800231 0.98845838763571958 0.07034002840790664 0.00500549103362813
0.07270164959439530 0.98795578211349722 0.07182601508597224 0.00522186978054210
0.07427412287361937 0.98743179552109250 0.07334063050985222 0.00544731100211748
0.07587943673948470 0.98688553658889500 0.07488431864270947 0.00568217991922889
0.07751827705682930 0.98631607792776055 0.07645752299440939 0.00592685545055952
0.07919134401455241 0.98572245464431607 0.07806068600860706 0.00618173063971956
0.08089935242476805 0.98510366290997298 0.07969424840068381 0.00644721308759393
0.08264303202820568 0.98445865848273262 0.08135864844343287 0.00672372538908215
0.08442312780598965 0.98378635518089375 0.08305432119722532 0.00701170557327307
0.08624040029792988 0.98308562330785743 0.08478169768120954 0.00731160754596558
0.08809562592745969 0.98235528802726557 0.08654120398191191 0.00762390153330250
0.08998959733336007 0.98159412768779386 0.08833326029541540 0.00794907452512731
0.09192312370841214 0.98080087209701772 0.09015827989909267 0.00828763071650194
0.09389703114512160 0.97997420074385366 0.09201666804866128 0.00864009194563546
0.09591216298866428 0.97911274096921175 0.09390882079611687 0.00900699812627043
0.09796938019720219 0.97821506608461550 0.09583512372387497 0.00938890767235022
0.10006956170972503 0.97727969343869847 0.09779595059022500 0.00978639791254974
0.10221360482157399 0.97630508243165415 0.09979166188096332 0.01020006549198891
0.10440242556780792 0.97528963247790579 0.10182260326182931 0.01063052675816357
0.10663695911457621 0.97423168091747048 0.10388910392612116 0.01107841812781974
0.10891816015866546 0.97312950087673389 0.10599147483161428 0.01154439643116292
0.11124700333539013 0.97198129907959840 0.10813000682064491 0.01202913922943204
0.11362448363500234 0.97078521361028303 0.11030496861696386 0.01253334510147766
0.11605161682779813 0.96953931162935225 0.11251660469269675 0.01305773389456168
0.11852943989810150 0.96824158704491692 0.11476513299848289 0.01360304693414130
0.12105901148731263 0.96688995814135203 0.11705074254960117 0.01417004718691064
0.12364141234620889 0.96548226516828672 0.11937359086062393 0.01475951937084603
0.12627774579669157 0.96401626789312489 0.12173380122088334 0.01537227000543569
0.12896913820317663 0.96248964312085972 0.12413145980278030 0.01600912739466684
0.13171673945383003 0.96089998218552031 0.12656661259472010 0.01667094153469259
0.13452172345185329 0.95924478841822836 0.12903926215022843 0.01735858393740423
0.13738528861702992 0.95752147459750891 0.13154936414458285 0.01807294736039028
0.14030865839774587 0.95572736038827333 0.13409682373009760 0.01881494543296901
0.14329308179370365 0.95385966977667702 0.13668149168102453 0.01958551216713447
0.14633983388955368 0.95191552850898009 0.13930316031889084 0.02038560134135635
0.14945021639966885 0.94989196154346767 0.14196155920897716 0.02121618574421604
0.15262555822429855 0.94778589052556650 0.14465635061857851 0.02207825626385040
0.15586721601733630 0.94559413129741454 0.14738712472765958 0.02297282080810020
0.15917657476594502 0.94331339145437598 0.15015339458255464 0.02390090303913045
0.16255504838228885 0.94094026796233199 0.15295459078346071 0.02486354090509865
0.16600408030762184 0.93847124485101163 0.15579005589664119 0.02586178495019492
0.16952514412899339 0.93590269100018531 0.15865903858251917 0.02689669638306908
0.17311974420883283 0.93323085803721606 0.16156068743119242 0.02796934488229123
0.17678941632768383 0.93045187836626297 0.16449404449736871 0.02908080611606987
0.18053572834036105 0.92756176335137408 0.16745803852730995 0.03023215895197614
0.18436028084581019 0.92455640167777542 0.17045147787110637 0.03142448233090057
0.18826470787095936 0.92143155791789677 0.17347304307449582 0.03265885177790630
0.19225067756885098 0.91818287133104681 0.17652127914550686 0.03393633552104398
0.19631989293135405 0.91480585492820965 0.17959458749248192 0.03525799018757475
0.20047409251676232 0.91129589483612505 0.18269121753152304 0.03662485604541450
0.20471505119258721 0.90764824999772731 0.18580925796314693 0.03803795175598226
0.20904458089386296 0.90385805224906535 0.18894662771994916 0.03949826860302552
0.21346453139729110 0.89992030681609037 0.19210106658940315 0.04100676416042676
0.21797679111155024 0.89582989327813545 0.19527012551857048 0.04256435536048763
0.22258328788411205 0.89158156704855585 0.19845115661053644 0.04417191092277804
0.22728598982490827 0.88716996142679982 0.20164130282581588 0.04583024310234964
0.23208690614719857 0.88258959028023853 0.20483748740586416 0.04754009871499276
0.23698808802599927 0.87783485141826101 0.20803640304020082 0.04930214939630338
0.24199162947444217 0.87290003072554878 0.21123450080356618 0.05111698105067534
0.24709966823843374 0.86777930712602758 0.21442797889501930 0.05298508244599714
0.25231438670999912 0.86246675845371812 0.21761277121701084 0.05490683290988344
0.25763801285970300 0.85695636831161426 0.22078453583927204 0.05688248908378193
0.26307282118854164 0.85124203400473386 0.22393864339989783 0.05891217069234591
0.26862113369971485 0.84531757563863241 0.22707016550434389 0.06099584528715874
0.27428532089069546 0.83917674647985840 0.23017386319223776 0.06313331192633398
0.28006780276601551 0.83281324468011553 0.23324417555199600 0.06532418375481831
0.28597104987120398 0.82622072647110700 0.23627520857429132 0.06756786945452778
0.29199758434832046 0.81939282094224952 0.23926072434749274 0.06986355353889727
0.29814998101353096 0.81232314651849857 0.24219413071134208 0.07221017547317528
0.30443086845718847 0.80500532926040547 0.24506847149941019 0.07460640761004118
0.31084293016689085 0.79743302311309372 0.24787641751631606 0.07705063194004332
0.31738890567399058 0.78959993223506941 0.25061025841234580 0.07954091566817043
0.32407159172404976 0.78149983554145885 0.25326189563600371 0.08207498564180989
0.33089384347174128 0.77312661359934320 0.25582283666417849 0.08465020167165350
0.33785857570070327 0.76447427801514789 0.25828419073002135 0.08726352880605379
0.34496876406886945 0.75553700345536390 0.26063666629029403 0.08991150864119310
0.35222744637981063 0.74630916244206191 0.26287057049682272 0.09259022977449986
0.35963772388062443 0.73678536306346676 0.26497581096070466 0.09529529753733046
0.36720276258693341 0.72696048973706495 0.26694190012300029 0.09802180317537097
0.37492579463555276 0.71682974715802950 0.26875796257162660 0.10076429268179923
0.38281011966541167 0.70638870755887417 0.27041274567090812 0.10351673552933287
0.39085910622731213 0.69563336139688492 0.27189463389748725 0.10627249359317412
0.39907619322312893 0.68456017157359306 0.27319166730376149 0.10902429060786469
0.40746489137507175 0.67316613127501534 0.27429156455735143 0.11176418255745967
0.41602878472562704 0.66144882550214523 0.27518175103185083 0.11448352946045096
0.42477153216882768 0.64940649633772252 0.27584939244976459 0.11717296907872674
0.43369686901350457 0.63703811196719751 0.27628143460244792 0.11982239315364097
0.44280860857918347 0.62434343943846804 0.27646464969328971 0.12242092685201701
0.45211064382531180 0.61132312110583520 0.27638568986845818 0.12495691219053159
0.46160694901451416 0.59797875465811090 0.27603114851322924 0.12741789629816400
0.47130158141058137 0.58431297657831449 0.27538762990008359 0.12979062547282130
0.48119868301192154 0.57032954882224862 0.27444182777604942 0.13206104608921956
0.49130248232121654 0.55603344843482794 0.27318061346965711 0.13421431351967530
0.50161729615203454 0.54143095974574051 0.27159113408065944 0.13623481033640505
0.51214753147317249 0.52652976869916868 0.26966092128641972 0.13810617517162133
0.52289768729152031 0.51133905877536900 0.26737801125546323 0.13981134371808779
0.53387235657424581 0.49586960785437378 0.26473107609876168 0.14133260345528190
0.54507622821112223 0.48013388525348327 0.26170956721032040 0.14265166378176664
0.55651408901784305 0.46414614804024334 0.25830387074775696 0.14374974331897064
0.56819082578117130 0.44792253558115963 0.25450547537785517 0.14460767622077308
0.58011142734680088 0.43148116113341067 0.25030715225835787 0.14520603937170898
0.59228098675082685 0.41484219912264803 0.24570314704224497 0.14552530237796435
0.60470470339572602 0.39802796657520906 0.24068938347106575 0.14554600224237096
0.61738788527178223 0.38106299698858037 0.23526367786610716 0.14524894455901768
0.63033595122491015 0.36397410473122077 0.22942596352698910 0.14461543295547624
0.64355443327183692 0.34679043786377461 0.22317852370351365 0.14362752834045994
0.65704897896363601 0.32954351707072849 0.21652623141540769 0.14226833927033761
0.67082535379862684 0.31226725818799611 0.20947679395368965 0.14052234441658590
0.68488944368566274 0.29499797561173452 0.20204099940511755 0.13837574768426628
0.69924725745886374 0.27777436368179509 0.19423296199687623 0.13581686598442741
0.71390492944487338 0.26063745295556895 0.18607036246293696 0.13283654898588504
0.72886872208372744 0.24363053813167071 0.17757467898860166 0.12942862934885022
0.74414502860445741 0.22679907425609422 0.16877140359976570 0.12559040095936205
0.75974037575658049 0.21019053775584581 0.15969023813510402 0.12132312152542175
0.77566142659862680 0.19385424880753660 0.15036526318225898 0.11663253455082898
0.79191498334491151 0.17784115157331681 0.14083507258622308 0.11152940416149824
0.80850799027175324 0.16220354893779079 0.13114286536663922 0.10603005451606058
0.82544753668439663 0.14699478857224529 0.12133648613240357 0.10015690358793299
0.84274085994589265 0.13226889745328227 0.11146840438387419 0.09393897896726264
0.86039534856923394 0.11808016238929185 0.10159562247804652 0.08741240101510714
0.87841854537407604 0.10448265467863407 0.09177950153962765 0.08062081623759748
0.89681815070937965 0.09152969775684508 0.08208549427728226 0.07361576117781764
0.91560202574335536 0.07927327760535366 0.07258277356277718 0.06645693450815005
0.93477819582212573 0.06776339680915543 0.06334374581204111 0.05921235242679512
0.95435485389852415 0.05704737448191170 0.05444343873897923 0.05195836002347178
0.97434036403250379 0.04716909583746544 0.04595875400936014 0.04477946911196025
0.99474326496465870 0.03816821698618478 0.03796757678271700 0.03776799129163628
1.01557227376436776 0.03007933257642450 0.03054773617795405 0.03102343388859884
1.03683628955413121 0.02293111618171791 0.02377581341718710 0.02465162616460760
1.05854439731169547 0.01674544583941794 0.01772579787380230 0.01876354402719299
1.08070587175157473 0.01153652985062021 0.01246759554920258 0.01347380371664703
1.10333018128763971 0.00731005081395285 0.00806539968978045 0.00889879890188274
1.12642699207846886 0.00406234882959813 0.00457593937289771 0.00515446162374661
1.15000617215718126 0.00177966779701578 0.00204662895095752 0.00235363592571672
1.17407779564751369 0.00043749163994270 0.00051364922023814 0.00060306414423326
1.19865214706796364 0.00000000000000000 0.00000000000000000 0.00000000000000000
1.22373972572581047 0.00000000000000000 0.00000000000000000 0.00000000000000000
1.24935125020290649 0.00000000000000000 0.00000000000000000 0.00000000000000000
1.27549766293515887 0.00000000000000000 0.00000000000000000 0.00000000000000000
1.30219013488764590 0.00000000000000000 0.00000000000000000 0.00000000000000000
1.32944007032736966 0.00000000000000000 0.00000000000000000 0.00000000000000000
1.35725911169569602 0.00000000000000000 0.00000000000000000 0.00000000000000000
1.38565914458254658 0.00000000000000000 0.00000000000000000 0.00000000000000000
1.41465230280446930 0.00000000000000000 0.00000000000000000 0.00000000000000000
1.44425097358878052 0.00000000000000000 0.00000000000000000 0.00000000000000000
1.47446780286595969 0.00000000000000000 0.00000000000000000 0.00000000000000000
1.50531570067257503 0.00000000000000000 0.00000000000000000 0.00000000000000000
1.53680784666706316 0.00000000000000000 0.00000000000000000 0.00000000000000000
1.56895769576068611 0.00000000000000000 0.00000000000000000 0.00000000000000000
1.60177898386609341 0.00000000000000000 0.00000000000000000 0.00000000000000000
1.63528573376595143 0.00000000000000000 0.00000000000000000 0.00000000000000000
1.66949226110412341 0.00000000000000000 0.00000000000000000 0.00000000000000000
1.70441318050198221 0.00000000000000000 0.00000000000000000 0.00000000000000000
1.74006341180245117 0.00000000000000000 0.00000000000000000 0.00000000000000000
1.77645818644446463 0.00000000000000000 0.00000000000000000 0.00000000000000000
1.81361305397054373 0.00000000000000000 0.00000000000000000 0.00000000000000000
1.85154388867028041 0.00000000000000000 0.00000000000000000 0.00000000000000000
1.89026689636258172 0.00000000000000000 0.00000000000000000 0.00000000000000000
1.92979862131954660 0.00000000000000000 0.00000000000000000 0.00000000000000000
1.97015595333494420 0.00000000000000000 0.00000000000000000 0.00000000000000000
2.01135613494032972 0.00000000000000000 0.00000000000000000 0.00000000000000000
2.05341676877185186 0.00000000000000000 0.00000000000000000 0.00000000000000000
2.09635582509091423 0.00000000000000000 0.00000000000000000 0.00000000000000000
2.14019164946191776 0.00000000000000000 0.00000000000000000 0.00000000000000000
2.18494297059033427 0.00000000000000000 0.00000000000000000 0.00000000000000000
2.23062890832447769 0.00000000000000000 0.00000000000000000 0.00000000000000000
2.27726898182440340 0.00000000000000000 0.00000000000000000 0.00000000000000000
2.32488311790139646 0.00000000000000000 0.00000000000000000 0.00000000000000000
2.37349165953162888 0.00000000000000000 0.00000000000000000 0.00000000000000000
2.42311537454763704 0.00000000000000000 0.00000000000000000 0.00000000000000000
2.47377546451130126 0.00000000000000000 0.00000000000000000 0.00000000000000000
2.52549357377213424 0.00000000000000000 0.00000000000000000 0.00000000000000000
2.57829179871476688 0.00000000000000000 0.00000000000000000 0.00000000000000000
2.63219269719954818 0.00000000000000000 0.00000000000000000 0.00000000000000000
2.68721929820030425 0.00000000000000000 0.00000000000000000 0.00000000000000000
2.74339511164340433 0.00000000000000000 0.00000000000000000 0.00000000000000000
2.80074413845228820 0.00000000000000000 0.00000000000000000 0.00000000000000000
2.85929088080177163 0.00000000000000000 0.00000000000000000 0.00000000000000000
2.91906035258652974 0.00000000000000000 0.00000000000000000 0.00000000000000000
2.98007809010819180 0.00000000000000000 0.00000000000000000 0.00000000000000000
3.04237016298562946 0.00000000000000000 0.00000000000000000 0.00000000000000000
3.10596318529312887 0.00000000000000000 0.00000000000000000 0.00000000000000000
3.17088432693115374 0.00000000000000000 0.00000000000000000 0.00000000000000000
3.23716132523458322 0.00000000000000000 0.00000000000000000 0.00000000000000000
3.30482249682341100 0.00000000000000000 0.00000000000000000 0.00000000000000000
3.37389674970091491 0.00000000000000000 0.00000000000000000 0.00000000000000000
3.44441359560449367 0.00000000000000000 0.00000000000000000 0.00000000000000000
3.51640316261447250 0.00000000000000000 0.00000000000000000 0.00000000000000000
3.58989620802620957 0.00000000000000000 0.00000000000000000 0.00000000000000000
3.66492413149105367 0.00000000000000000 0.00000000000000000 0.00000000000000000
3.74151898843172059 0.00000000000000000 0.00000000000000000 0.00000000000000000
3.81971350373788576 0.00000000000000000 0.00000000000000000 0.00000000000000000
3.89954108574776903 0.00000000000000000 0.00000000000000000 0.00000000000000000
3.98103584052172232 0.00000000000000000 0.00000000000000000 0.00000000000000000
4.06423258641394813 0.00000000000000000 0.00000000000000000 0.00000000000000000
4.14916686894851061 0.00000000000000000 0.00000000000000000 0.00000000000000000
4.23587497600602969 0.00000000000000000 0.00000000000000000 0.00000000000000000
4.32439395332757393 0.00000000000000000 0.00000000000000000 0.00000000000000000
4.41476162034231390 0.00000000000000000 0.00000000000000000 0.00000000000000000
4.50701658632573565 0.00000000000000000 0.00000000000000000 0.00000000000000000
4.60119826689533795 0.00000000000000000 0.00000000000000000 0.00000000000000000
4.69734690085081663 0.00000000000000000 0.00000000000000000 0.00000000000000000
4.79550356736593564 0.00000000000000000 0.00000000000000000 0.00000000000000000
4.89571020353948594 0.00000000000000000 0.00000000000000000 0.00000000000000000
4.99800962231275925 0.00000000000000000 0.00000000000000000 0.00000000000000000
5.10244553076121754 0.00000000000000000 0.00000000000000000 0.00000000000000000
5.20906254876821162 0.00000000000000000 0.00000000000000000 0.00000000000000000
5.31790622808866420 0.00000000000000000 0.00000000000000000 0.00000000000000000
5.42902307181088695 0.00000000000000000 0.00000000000000000 0.00000000000000000
5.54246055422489103 0.00000000000000000 0.00000000000000000 0.00000000000000000
5.65826714110560314 0.00000000000000000 0.00000000000000000 0.00000000000000000
5.77649231041968392 0.00000000000000000 0.00000000000000000 0.00000000000000000
5.89718657346485209 0.00000000000000000 0.00000000000000000 0.00000000000000000
6.02040149645064471 0.00000000000000000 0.00000000000000000 0.00000000000000000
6.14618972252989071 0.00000000000000000 0.00000000000000000 0.00000000000000000
6.27460499429034613 0.00000000000000000 0.00000000000000000 0.00000000000000000
6.40570217671601494 0.00000000000000000 0.00000000000000000 0.00000000000000000
6.53953728062801254 0.00000000000000000 0.00000000000000000 0.00000000000000000
6.67616748661502157 0.00000000000000000 0.00000000000000000 0.00000000000000000
6.81565116946349381 0.00000000000000000 0.00000000000000000 0.00000000000000000
6.95804792309805631 0.00000000000000000 0.00000000000000000 0.00000000000000000
7.10341858604284493 0.00000000000000000 0.00000000000000000 0.00000000000000000
7.25182526741453248 0.00000000000000000 0.00000000000000000 0.00000000000000000
7.40333137345825065 0.00000000000000000 0.00000000000000000 0.00000000000000000
7.55800163463766062 0.00000000000000000 0.00000000000000000 0.00000000000000000
7.71590213329086083 0.00000000000000000 0.00000000000000000 0.00000000000000000
7.87710033186382397 0.00000000000000000 0.00000000000000000 0.00000000000000000
8.04166510173346971 0.00000000000000000 0.00000000000000000 0.00000000000000000
8.20966675263276535 0.00000000000000000 0.00000000000000000 0.00000000000000000
8.38117706269029661 0.00000000000000000 0.00000000000000000 0.00000000000000000
8.55626930909724059 0.00000000000000000 0.00000000000000000 0.00000000000000000
8.73501829941473851 0.00000000000000000 0.00000000000000000 0.00000000000000000
8.91750040353525897 0.00000000000000000 0.00000000000000000 0.00000000000000000
9.10379358631131019 0.00000000000000000 0.00000000000000000 0.00000000000000000
9.29397744086567457 0.00000000000000000 0.00000000000000000 0.00000000000000000
9.48813322259729297 0.00000000000000000 0.00000000000000000 0.00000000000000000
9.68634388389737566 0.00000000000000000 0.00000000000000000 0.00000000000000000
9.88869410959045503 0.00000000000000000 0.00000000000000000 0.00000000000000000
10.09527035311579013 0.00000000000000000 0.00000000000000000 0.00000000000000000
10.30616087346423448 0.00000000000000000 0.00000000000000000 0.00000000000000000
10.52145577288660050 0.00000000000000000 0.00000000000000000 0.00000000000000000
10.74124703538954506 0.00000000000000000 0.00000000000000000 0.00000000000000000
10.96562856603540759 0.00000000000000000 0.00000000000000000 0.00000000000000000
11.19469623106285816 0.00000000000000000 0.00000000000000000 0.00000000000000000
11.42854789884533240 0.00000000000000000 0.00000000000000000 0.00000000000000000
11.66728348170507523 0.00000000000000000 0.00000000000000000 0.00000000000000000
11.91100497860026763 0.00000000000000000 0.00000000000000000 0.00000000000000000
12.15981651870374058 0.00000000000000000 0.00000000000000000 0.00000000000000000
12.41382440589181257 0.00000000000000000 0.00000000000000000 0.00000000000000000
12.67313716416228075 0.00000000000000000 0.00000000000000000 0.00000000000000000
12.93786558400082320 0.00000000000000000 0.00000000000000000 0.00000000000000000
13.20812276971600951 0.00000000000000000 0.00000000000000000 0.00000000000000000
13.48402418776261946 0.00000000000000000 0.00000000000000000 0.00000000000000000
13.76568771607432140 0.00000000000000000 0.00000000000000000 0.00000000000000000
14.05323369442660919 0.00000000000000000 0.00000000000000000 0.00000000000000000
14.34678497585159285 0.00000000000000000 0.00000000000000000 0.00000000000000000
14.64646697912642637 0.00000000000000000 0.00000000000000000 0.00000000000000000
14.95240774235820069 0.00000000000000000 0.00000000000000000 0.00000000000000000
15.26473797768768570 0.00000000000000000 0.00000000000000000 0.00000000000000000
15.58359112713567107 0.00000000000000000 0.00000000000000000 0.00000000000000000
15.90910341961560981 0.00000000000000000 0.00000000000000000 0.00000000000000000
16.24141392913698212 0.00000000000000000 0.00000000000000000 0.00000000000000000
16.58066463422407111 0.00000000000000000 0.00000000000000000 0.00000000000000000
16.92700047857598378 0.00000000000000000 0.00000000000000000 0.00000000000000000
17.28056943299321802 0.00000000000000000 0.00000000000000000 0.00000000000000000
17.64152255859771401 0.00000000000000000 0.00000000000000000 0.00000000000000000
18.01001407137320953 0.00000000000000000 0.00000000000000000 0.00000000000000000
18.38620140805350189 0.00000000000000000 0.00000000000000000 0.00000000000000000
18.77024529338665104 0.00000000000000000 0.00000000000000000 0.00000000000000000
19.16230980880423829 0.00000000000000000 0.00000000000000000 0.00000000000000000
19.56256246252448250 0.00000000000000000 0.00000000000000000 0.00000000000000000
19.97117426111959304 0.00000000000000000 0.00000000000000000 0.00000000000000000
20.38831978257771382 0.00000000000000000 0.00000000000000000 0.00000000000000000
20.81417725089083604 0.00000000000000000 0.00000000000000000 0.00000000000000000
21.24892861220021700 0.00000000000000000 0.00000000000000000 0.00000000000000000
21.69275961253247331 0.00000000000000000 0.00000000000000000 0.00000000000000000
22.14585987715879511 0.00000000000000000 0.00000000000000000 0.00000000000000000
22.60842299161170743 0.00000000000000000 0.00000000000000000 0.00000000000000000
23.08064658439384331 0.00000000000000000 0.00000000000000000 0.00000000000000000
23.56273241141403929 0.00000000000000000 0.00000000000000000 0.00000000000000000
24.05488644218689132 0.00000000000000000 0.00000000000000000 0.00000000000000000
24.55731894783235703 0.00000000000000000 0.00000000000000000 0.00000000000000000
25.07024459091362445 0.00000000000000000 0.00000000000000000 0.00000000000000000
25.59388251715077800 0.00000000000000000 0.00000000000000000 0.00000000000000000
26.12845644905011966 0.00000000000000000 0.00000000000000000 0.00000000000000000
26.67419478148881495 0.00000000000000000 0.00000000000000000 0.00000000000000000
27.23133067929587980 0.00000000000000000 0.00000000000000000 0.00000000000000000
27.80010217687086183 0.00000000000000000 0.00000000000000000 0.00000000000000000
28.38075227988350946 0.00000000000000000 0.00000000000000000 0.00000000000000000
28.97352906909691583 0.00000000000000000 0.00000000000000000 0.00000000000000000
29.57868580635921774 0.00000000000000000 0.00000000000000000 0.00000000000000000
30.19648104280886969 0.00000000000000000 0.00000000000000000 0.00000000000000000
30.82717872933974235 0.00000000000000000 0.00000000000000000 0.00000000000000000
31.47104832937306895 0.00000000000000000 0.00000000000000000 0.00000000000000000
32.12836493398505411 0.00000000000000000 0.00000000000000000 0.00000000000000000
32.79940937943840851 0.00000000000000000 0.00000000000000000 0.00000000000000000
33.48446836716868802 0.00000000000000000 0.00000000000000000 0.00000000000000000
34.18383458627654647 0.00000000000000000 0.00000000000000000 0.00000000000000000
34.89780683857816967 0.00000000000000000 0.00000000000000000 0.00000000000000000
35.62669016626711738 0.00000000000000000 0.00000000000000000 0.00000000000000000
36.37079598224287480 0.00000000000000000 0.00000000000000000 0.00000000000000000
37.13044220316074018 0.00000000000000000 0.00000000000000000 0.00000000000000000
37.90595338526069469 0.00000000000000000 0.00000000000000000 0.00000000000000000
38.69766086303287267 0.00000000000000000 0.00000000000000000 0.00000000000000000
39.50590289077923956 0.00000000000000000 0.00000000000000000 0.00000000000000000
40.33102478713124128 0.00000000000000000 0.00000000000000000 0.00000000000000000
41.17337908258645740 0.00000000000000000 0.00000000000000000 0.00000000000000000
42.03332567012575538 0.00000000000000000 0.00000000000000000 0.00000000000000000
42.91123195897637999 0.00000000000000000 0.00000000000000000 0.00000000000000000
43.80747303158632633 0.00000000000000000 0.00000000000000000 0.00000000000000000
44.72243180387707184 0.00000000000000000 0.00000000000000000 0.00000000000000000
45.65649918884280822 0.00000000000000000 0.00000000000000000 0.00000000000000000
46.61007426356708550 0.00000000000000000 0.00000000000000000 0.00000000000000000
47.58356443972689220 0.00000000000000000 0.00000000000000000 0.00000000000000000
48.57738563765792605 0.00000000000000000 0.00000000000000000 0.00000000000000000
49.59196246405512198 0.00000000000000000 0.00000000000000000 0.00000000000000000
50.62772839338443731 0.00000000000000000 0.00000000000000000 0.00000000000000000
51.68512595308339286 0.00000000000000000 0.00000000000000000 0.00000000000000000
52.76460691262906977 0.00000000000000000 0.00000000000000000 0.00000000000000000
53.86663247655557285 0.00000000000000000 0.00000000000000000 0.00000000000000000
54.99167348150173495 0.00000000000000000 0.00000000000000000 0.00000000000000000
56.14021059737457620 0.00000000000000000 0.00000000000000000 0.00000000000000000
57.31273453271381868 0.00000000000000000 0.00000000000000000 0.00000000000000000
58.50974624434557114 0.00000000000000000 0.00000000000000000 0.00000000000000000
59.73175715141398712 0.00000000000000000 0.00000000000000000 0.00000000000000000
60.97928935388394223 0.00000000000000000 0.00000000000000000 0.00000000000000000
62.25287585560608505 0.00000000000000000 0.00000000000000000 0.00000000000000000
63.55306079204091674 0.00000000000000000 0.00000000000000000 0.00000000000000000
64.88039966273889547 0.00000000000000000 0.00000000000000000 0.00000000000000000
66.23545956867580742 0.00000000000000000 0.00000000000000000 0.00000000000000000
67.61881945454416609 0.00000000000000000 0.00000000000000000 0.00000000000000000
69.03107035610615583 0.00000000000000000 0.00000000000000000 0.00000000000000000
70.47281565271107695 0.00000000000000000 0.00000000000000000 0.00000000000000000
71.94467132508729890 0.00000000000000000 0.00000000000000000 0.00000000000000000
73.44726621851781090 0.00000000000000000 0.00000000000000000 0.00000000000000000
74.98124231151247443 0.00000000000000000 0.00000000000000000 0.00000000000000000
76.54725499009046530 0.00000000000000000 0.00000000000000000 0.00000000000000000
78.14597332779257499 0.00000000000000000 0.00000000000000000 0.00000000000000000
