0.00000000000000000 0.00000000002350710 -0.00000000011643456
0.00005412326716949 0.00012371366922803 -0.00061297650928515
0.00010937688095171 0.00025001105531354 -0.00123875481609419
0.00016578444826347 0.00037894611570902 -0.00187760226523843
0.00022337006904424 0.00051057393447852 -0.00252979178322469
0.00028215834655281 0.00064495074580474 -0.00319560199468981
0.00034217439787892 0.00078213395798548 -0.00387531734125706
0.00040344386467445 0.00092218217792957 -0.00456922820286404
0.00046599292410876 0.00106515523616261 -0.00527763102161327
0.00052984830005274 0.00121111421235296 -0.00600082842819703
0.00059503727449656 0.00136012146136881 -0.00673912937094972
0.00066158769920574 0.00151224063987724 -0.00749284924758147
0.00072952800762076 0.00166753673349642 -0.00826231003964813
0.00079888722700516 0.00182607608451237 -0.00904784044981390
0.00086969499084730 0.00198792642017187 -0.00984977604196360
0.00094198155152118 0.00215315688156344 -0.01066845938422314
0.00101577779321170 0.00232183805309838 -0.01150424019494772
0.00109111524510977 0.00249404199260424 -0.01235747549173818
0.00116802609488307 0.00266984226204332 -0.01322852974354762
0.00124654320242812 0.00284931395886896 -0.01411777502594130
0.00132670011390957 0.00303253374803273 -0.01502559117957384
0.00140853107609267 0.00321957989465581 -0.01595236597194963
0.00149207105097507 0.00341053229737821 -0.01689849526253282
0.00157735573072424 0.00360547252239956 -0.01786438317127519
0.00166442155292681 0.00380448383822572 -0.01885044225063110
0.00175330571615643 0.00400765125113556 -0.01985709366113021
0.00184404619586667 0.00421506154138253 -0.02088476735057996
0.00193668176061599 0.00442680330014597 -0.02193390223697107
0.00203125198863138 0.00464296696724758 -0.02300494639516081
0.00212779728471811 0.00486364486964828 -0.02409835724741004
0.00222635889752248 0.00508893126074150 -0.02521460175785171
0.00232697893715518 0.00531892236045903 -0.02635415663096939
0.00242970039318273 0.00555371639620569 -0.02751750851416644
0.00253456715299454 0.00579341364463969 -0.02870515420450747
0.00264162402055374 0.00603811647431572 -0.02991760085971552
0.00275091673553946 0.00628792938920809 -0.03115536621350937
0.00286249199288895 0.00654295907313155 -0.03241897879536765
0.00297639746274789 0.00680331443507796 -0.03370897815480721
0.00309268181083721 0.00706910665548696 -0.03502591509026504
0.00321139471924543 0.00734044923346940 -0.03637035188267482
0.00333258690765511 0.00761745803500252 -0.03774286253383016
0.00345631015501269 0.00790025134211616 -0.03914403300962861
0.00358261732165084 0.00818894990308980 -0.04057446148829200
0.00371156237187290 0.00848367698368025 -0.04203475861365985
0.00384320039700888 0.00878455841940056 -0.04352554775365516
0.00397758763895312 0.00909172266887076 -0.04504746526402198
0.00411478151419335 0.00940530086826147 -0.04660116075743714
0.00425484063834179 0.00972542688685194 -0.04818729737809956
0.00439782485117839 0.01005223738372408 -0.04980655208190156
0.00454379524221720 0.01038587186561486 -0.05145961592228965
0.00469281417680668 0.01072647274594940 -0.05314719434192188
0.00484494532277503 0.01107418540507766 -0.05487000747023249
0.00500025367763208 0.01142915825173797 -0.05662879042701423
0.00515880559633927 0.01179154278577089 -0.05842429363213184
0.00532066881965953 0.01216149366210749 -0.06025728312148027
0.00548591250309934 0.01253916875605612 -0.06212854086930453
0.00565460724645517 0.01292472922991256 -0.06403886511699708
0.00582682512397695 0.01331833960091829 -0.06598907070849255
0.00600263971516163 0.01372016781059252 -0.06797998943237944
0.00618212613618971 0.01413038529546340 -0.07001247037085037
0.00636536107201837 0.01454916705922470 -0.07208738025561356
0.00655242280914489 0.01497669174634408 -0.07420560383088974
0.00674339126905425 0.01541314171714994 -0.07636804422361983
0.00693834804236536 0.01585870312442372 -0.07857562332100937
0.00713737642369028 0.01631356599152490 -0.08082928215553782
0.00734056144722168 0.01677792429207672 -0.08312998129756061
0.00754798992306329 0.01725197603124012 -0.08547870125563388
0.00775975047431932 0.01773592332860451 -0.08787644288469139
0.00797593357495827 0.01822997250272363 -0.09032422780220545
0.00819663158846774 0.01873433415732541 -0.09282309881246249
0.00842193880731633 0.01924922326922479 -0.09537412033908578
0.00865195149323977 0.01977485927796865 -0.09797837886593731
0.00888676791836849 0.02031146617724241 -0.10063698338653171
0.00912648840721397 0.02085927260806777 -0.10335106586209429
0.00937121537953210 0.02141851195382144 -0.10612178168839537
0.00962105339408162 0.02198942243710466 -0.10895031017149411
0.00987610919329654 0.02257224721849360 -0.11183785501252159
0.01013649174889146 0.02316723449720055 -0.11478564480163519
0.01040231230841932 0.02377463761367609 -0.11779493352127307
0.01067368444280161 0.02439471515418227 -0.12086700105883787
0.01095072409485109 0.02502773105736685 -0.12400315372893560
0.01123354962880801 0.02567395472286845 -0.12720472480529540
0.01152228188091079 0.02633366112198255 -0.13047307506249242
0.01181704421102290 0.02700713091041788 -0.13380959332759457
0.01211796255533792 0.02769465054317246 -0.13721569704184944
0.01242516548018540 0.02839651239155858 -0.14069283283252662
0.01273878423696032 0.02911301486240516 -0.14424247709502450
0.01305895281819983 0.02984446251946583 -0.14786613658534736
0.01338580801483110 0.03059116620706058 -0.15156534902305546
0.01371948947461478 0.03135344317597781 -0.15534168370478157
0.01406013976180901 0.03213161721166356 -0.15919674212840548
0.01440790441807949 0.03292601876472318 -0.16313215862796993
0.01476293202468173 0.03373698508376057 -0.16714960101941279
0.01512537426594180 0.03456486035057865 -0.17125077125718535
0.01549538599406299 0.03540999581776345 -0.17543740610181485
0.01587312529528585 0.03627274994867377 -0.17971127779846305
0.01625875355743002 0.03715348855985582 -0.18407419476651807
0.01665243553884663 0.03805258496590207 -0.18852800230025060
0.01705433943881067 0.03897042012677055 -0.19307458328054755
0.01746463696938363 0.03990738279758003 -0.19771585889772839
0.01788350342877688 0.04086386968089391 -0.20245378938542977
0.01831111777624718 0.04184028558150361 -0.20729037476553155
0.01874766270855646 0.04283704356372015 -0.21222765560407925
0.01919332473802835 0.04385456511117894 -0.21726771377813792
0.01964829427223494 0.04489328028916174 -0.22241267325349520
0.02011276569534779 0.04595362790943477 -0.22766470087310783
0.02058693745118785 0.04703605569759940 -0.23302600715615973
0.02107101212800992 0.04814102046294891 -0.23849884710758246
0.02156519654505782 0.04926898827081917 -0.24408552103785217
0.02206970184092715 0.05042043461741837 -0.24978837539285381
0.02258474356377355 0.05159584460711537 -0.25560980359357149
0.02311054176340495 0.05279571313216170 -0.26155224688532624
0.02364732108529703 0.05402054505481636 -0.26761819519624996
0.02419531086657223 0.05527085539183731 -0.27381018800464385
0.02475474523398335 0.05654716950129715 -0.28013081521482669
0.02532586320394326 0.05785002327167284 -0.28658271804103275
0.02590890878464391 0.05917996331315373 -0.29316858989887512
0.02650413108030806 0.06053754715110288 -0.29989117730383225
0.02711178439761805 0.06192334342159855 -0.30675328077616243
0.02773212835436757 0.06333793206897477 -0.31375775575159415
0.02836542799038248 0.06478190454526879 -0.32090751349707386
0.02901195388075807 0.06625586401147356 -0.32820552203078002
0.02967198225146146 0.06776042554048241 -0.33565480704555273
0.03034579509734807 0.06929621632160084 -0.34325845283479156
0.03103368030264305 0.07086387586648771 -0.35101960321980874
0.03173593176393882 0.07246405621637450 -0.35894146247752357
0.03245284951576132 0.07409742215039634 -0.36702729626729180
0.03318473985875876 0.07576465139485376 -0.37528043255556703
0.03393191549056759 0.07746643483320594 -0.38370426253697337
0.03469469563941134 0.07920347671657989 -0.39230224155026022
0.03547340620048992 0.08097649487455967 -0.40107788998748339
0.03626837987521721 0.08278622092600024 -0.41003479419462363
0.03707995631336651 0.08463340048958759 -0.41917660736171308
0.03790848225818478 0.08651879339384499 -0.42850705040039272
0.03875431169453759 0.08844317388625944 -0.43802991280666148
0.03961780600014781 0.09040733084117500 -0.44774905350640254
0.04049933409999303 0.09241206796607357 -0.45766840168109868
0.04139927262392760 0.09445820400583207 -0.46779195757095399
0.04231800606759627 0.09654657294451244 -0.47812379325241938
0.04325592695670878 0.09867802420420750 -0.48866805338691821
0.04421343601474506 0.10085342284042884 -0.49942895593732178
0.04519094233416289 0.10307364973348454 -0.51041079284848168
0.04618886355118145 0.10533960177525166 -0.52161793068785511
0.04720762602421474 0.10765219205070482 -0.53305481124197640
0.04824766501603182 0.11001235001351728 -0.54472595206424479
0.04930942487972149 0.11242102165499820 -0.55663594696915519
0.05039335924854037 0.11487916966557567 -0.56878946646776496
0.05149993122972624 0.11738777358798377 -0.58119125813885142
0.05262961360235921 0.11994782996124735 -0.59384614692980853
0.05378288901935464 0.12256035245449236 -0.60675903538091402
0.05496025021367514 0.12522637198954772 -0.61993490376620275
0.05616220020884904 0.12794693685123107 -0.63337881014370434
0.05738925253388537 0.13072311278412452 -0.64709589030728265
0.05864193144267742 0.13355598307458041 -0.66109135763185800
0.05992077213798844 0.13644664861660177 -0.67537050280321431
0.06122632100011513 0.13939622796014542 -0.68993869342297931
0.06255913582032677 0.14240585734031042 -0.70480137347879956
0.06391978603917964 0.14547669068576585 -0.71996406266908297
0.06530885298980850 0.14860989960465376 -0.73543235557089348
0.06672693014629928 0.15180667334610035 -0.75121192063896314
0.06817462337724868 0.15506821873534382 -0.76730849902297482
0.06965255120461952 0.15839576008034009 -0.78372790318935381
0.07116134506800231 0.16179053904759103 -0.80047601533306223
0.07270164959439530 0.16525381450478824 -0.81755878556393213
0.07427412287361937 0.16878686232769105 -0.83498222985097192
0.07587943673948470 0.17239097516852306 -0.85275242770723303
0.07751827705682930 0.17606746218298713 -0.87087551959666587
0.07919134401455241 0.17981764871279060 -0.88935770404306502
0.08089935242476805 0.18364287592042708 -0.90820523442030610
0.08264303202820568 0.18754450037272474 -0.92742441540157128
0.08442312780598965 0.19152389356943580 -0.94702159904378869
0.08624040029792988 0.19558244141298309 -0.96700318048250333
0.08809562592745969 0.19972154361516617 -0.98737559321043045
0.08998959733336007 0.20394261303639269 -1.00814530391145052
0.09192312370841214 0.20824707495280631 -1.02931880682057741
0.09389703114512160 0.21263636624626914 -1.05090261757784798
0.09591216298866428 0.21711193451197033 -1.07290326654288837
0.09796938019720219 0.22167523707812253 -1.09532729153499719
0.10006956170972503 0.22632773993174651 -1.11818122996065394
0.10221360482157399 0.23107091654439724 -1.14147161028946709
0.10440242556780792 0.23590624659120127 -1.16520494283655140
0.10663695911457621 0.24083521455614082 -1.18938770980654818
0.10891816015866546 0.24585930821636681 -1.21402635455364294
0.11124700333539013 0.25098001699760064 -1.23912727000730105
0.11362448363500234 0.25619883019243966 -1.26469678621199444
0.11605161682779813 0.26151723503302149 -1.29074115692694025
0.11852943989810150 0.26693671460864093 -1.31726654522641051
0.12105901148731263 0.27245874561894301 -1.34427900804149658
0.12364141234620889 0.27808479595244551 -1.37178447957868022
0.12627774579669157 0.28381632207956087 -1.39978875354693444
0.12896913820317663 0.28965476624926689 -1.42829746412508851
0.13171673945383003 0.29560155347719025 -1.45731606559235871
0.13452172345185329 0.30165808831298796 -1.48684981054591003
0.13738528861702992 0.30782575137413160 -1.51690372662441231
0.14030865839774587 0.31410589563198205 -1.54748259164888213
0.14329308179370365 0.32049984243662155 -1.57859090709602223
0.14633983388955368 0.32700887726490058 -1.61023286980647828
0.14945021639966885 0.33363424517630980 -1.64241234183164453
0.15262555822429855 0.34037714596087065 -1.67513281832016414
0.15586721601733630 0.34723872896105384 -1.70839739333143048
0.15917657476594502 0.35422008755132239 -1.74220872347384992
0.16255504838228885 0.36132225325605122 -1.77656898924756512
0.16600408030762184 0.36854618948685003 -1.81147985397340050
0.16952514412899339 0.37589278488056299 -1.84694242019164601
0.17311974420883283 0.38336284621566402 -1.88295718339171958
0.17678941632768383 0.39095709088809000 -1.91952398295550419
0.18053572834036105 0.39867613892335463 -1.95664195017044640
0.18436028084581019 0.40652050450269872 -1.99430945317477382
0.18826470787095936 0.41449058698216057 -2.03252403870484555
0.19225067756885098 0.42258666137802881 -2.07128237048019415
0.19631989293135405 0.43080886829855575 -2.11058016410357085
0.20047409251676232 0.43915720329508723 -2.15041211831053225
0.20471505119258721 0.44763150560874021 -2.19077184242277356
0.20904458089386296 0.45623144629053097 -2.23165177987142638
0.21346453139729110 0.46495651566535695 -2.27304312760877636
0.21797679111155024 0.47380601012181756 -2.31493575130218465
0.22258328788411205 0.48277901819830937 -2.35731809613020760
0.22728598982490827 0.49187440594434506 -2.40017709305653293
0.23208690614719857 0.50109080153658192 -2.44349806046161921
0.23698808802599927 0.51042657912071343 -2.48726460095898982
0.24199162947444217 0.51987984186949854 -2.53145849334733519
0.24709966823843374 0.52944840422716399 -2.57605957952135034
0.25231438670999912 0.53912977333144352 -2.62104564630075743
0.25763801285970300 0.54892112959812367 -2.66639230209689293
0.26307282118854164 0.55881930644957756 -2.71207284831552720
0.26862113369971485 0.56882076919535141 -2.75805814556716999
0.27428532089069546 0.57892159304134105 -2.80431647455427413
0.28006780276601551 0.58911744024834722 -2.85081339179133231
0.28597104987120398 0.59940353643554811 -2.89751158015271137
0.29199758434832046 0.60977464604149456 -2.94437069435462684
0.29814998101353096 0.62022504698006298 -2.99134720163948975
0.30443086845718847 0.63074850449101494 -3.03839421768920825
0.31084293016689085 0.64133824426113695 -3.08546133828788616
0.31738890567399058 0.65198692483156617 -3.13249446686751254
0.32407159172404976 0.66268660937382573 -3.17943563850381183
0.33089384347174128 0.67342873691199434 -3.22622284089905476
0.33785857570070327 0.68420409305286112 -3.27278983279085933
0.34496876406886945 0.69500278038458796 -3.31906596086502104
0.35222744637981063 0.70581418860289513 -3.36497597559895079
0.35963772388062443 0.71662696457643504 -3.41043984744984163
0.36720276258693341 0.72742898247783006 -3.45537258425590954
0.37492579463555276 0.73820731418086061 -3.49968405120003956
0.38281011966541167 0.74894820018763586 -3.54327879509772448
0.39085910622731213 0.75963702125150367 -3.58605587414318272
0.39907619322312893 0.77025827109879952 -3.62790869578276531
0.40746489137507175 0.78079553044713113 -3.66872486406530562
0.41602878472562704 0.79123144277635604 -3.70838603949142342
0.42477153216882768 0.80154769221346200 -3.74676781377750556
0.43369686901350457 0.81172498393777748 -3.78373960224793882
0.44280860857918347 0.82174302772255248 -3.81916455792870790
0.45211064382531180 0.83158052496333856 -3.85289950970907347
0.46160694901451416 0.84121516001585417 -3.88479492999347142
0.47130158141058137 0.85062359628790207 -3.91469493483480635
0.48119868301192154 0.85978147793188309 -3.94243732214380849
0.49130248232121654 0.86866343789297817 -3.96785365298958448
0.50161729615203454 0.87724311301860092 -3.99076938069831311
0.51214753147317249 0.88549316739499651 -4.01100403544092021
0.52289768729152031 0.89338532449862806 -4.02837146828102455
0.53387235657424581 0.90089040958572164 -4.04268016406523500
0.54507622821112223 0.90797840305948530 -4.05373362813869154
0.55651408901784305 0.91461850614368556 -4.06133085569073238
0.56819082578117130 0.92077922007260360 -4.06526689178989198
0.58011142734680088 0.92642843975481515 -4.06533348855589249
0.59228098675082685 0.93153356366470641 -4.06131987108739168
0.60470470339572602 0.93606162058943676 -4.05301361651141878
0.61738788527178223 0.93997941517582750 -4.04020165906040241
0.63033595122491015 0.94325369297461736 -4.02267142605307626
0.64355443327183692 0.94585132647525039 -4.00021211483402173
0.65704897896363601 0.94773952329630229 -3.97261611864642106
0.67082535379862684 0.94888605708587614 -3.93968060549967491
0.68488944368566274 0.94925952272041647 -3.90120926083787944
0.69924725745886374 0.94882961540472699 -3.85701419200846285
0.71390492944487338 0.94756743498720897 -3.80691800367342825
0.72886872208372744 0.94544581458720234 -3.75075603900564269
0.74414502860445741 0.94243967349416458 -3.68837878717320855
0.75974037575658049 0.93852639326329745 -3.61965445099025640
0.77566142659862680 0.93368621479970071 -3.54447166133804492
0.79191498334491151 0.92790265483094736 -3.46274232902439572
0.80850799027175324 0.92116293719872677 -3.37440460554175381
0.82544753668439663 0.91345843568303564 -3.27942593267161486
0.84274085994589265 0.90478512168904557 -3.17780613897442876
0.86039534856923394 0.89514401037828828 -3.06958054299717631
0.87841854537407604 0.88454159643123931 -2.95482300758755034
0.89681815070937965 0.87299026901692722 -2.83364887929329567
0.91560202574335536 0.86050869419141818 -2.70621773826822665
0.93477819582212573 0.84712215022527426 -2.57273586627235229
0.95435485389852415 0.83286279996854073 -2.43345833166281045
0.97434036403250379 0.81776988190360300 -2.28869057396286735
0.99474326496465870 0.80188979964007545 -2.13878935849381735
1.01557227376436776 0.78527608754680900 -1.98416295784439622
1.03683628955413121 0.76798922968358596 -1.82527041314373673
1.05854439731169547 0.75009630596671162 -1.66261970697462336
1.08070587175157473 0.73167044384404045 -1.49676470667216543
1.10333018128763971 0.71279004876911445 -1.32830070418637280
1.12642699207846886 0.69353779768374646 -1.15785844732642618
1.15000617215718126 0.67399937778291807 -0.98609654362288091
1.17407779564751369 0.65426196763614175 -0.81369221107271039
1.19865214706796364 0.63441247021028813 -0.64133042801913387
1.22373972572581047 0.61453552218671803 -0.46969162672403758
1.24935125020290649 0.59471134384837276 -0.29943832822448496
1.27549766293515887 0.57501351272882961 -0.13120123246166854
1.30219013488764590 0.55550681867039919 0.03443424844406360
1.32944007032736966 0.53624540160729783 0.19693975342609935
1.35725911169569602 0.51727148295066760 0.35585207515009926
1.38565914458254658 0.49861510482025867 0.51077499182393016
1.41465230280446930 0.48029544581200012 0.66137123909648154
1.44425097358878052 0.46232442873000146 0.80734009611642654
1.47446780286595969 0.44471144516329503 0.94838796299162798
1.50531570067257503 0.42746494678365288 1.08421869606857912
1.53680784666706316 0.41059249838340739 1.21453371493913709
1.56895769576068611 0.39410079038273538 1.33903246693430700
1.60177898386609341 0.37799565343903296 1.45741299319822559
1.63528573376595143 0.36228207488773062 1.56937260704743720
1.66949226110412341 0.34696421641638353 1.67460869583074978
1.70441318050198221 0.33204543346465926 1.77281965841624500
1.74006341180245117 0.31752829504146907 1.86370598894338135
1.77645818644446463 0.30341460505935253 1.94697151928817158
1.81361305397054373 0.28970542372686575 2.02232483091836146
1.85154388867028041 0.27640108992622320 2.08948084814419444
1.89026689636258172 0.26350124387799284 2.14816262376547762
1.92979862131954660 0.25100485004210032 2.19810332836271138
1.97015595333494420 0.23891022090699948 2.23904845447276957
2.01135613494032972 0.22721504040624202 2.27075824596153275
2.05341676877185186 0.21591638876420699 2.29301036352381926
2.09635582509091423 0.20501076690988124 2.30560279527421308
2.14019164946191776 0.19449412238517882 2.30835702164511591
2.18494297059033427 0.18436187546008145 2.30112144107693073
2.23062890832447769 0.17460894627728069 2.28377506143177245
2.27726898182440340 0.16522978320685403 2.25623145851480045
2.32488311790139646 0.15621839153995482 2.21844299859340488
2.37349165953162888 0.14756836419652578 2.17040531645093537
2.42311537454763704 0.13927291227943231 2.11216203288693682
2.47377546451130126 0.13132489769789729 2.04380968666428409
2.52549357377213424 0.12371686565805647 1.96550284542202180
2.57829179871476688 0.11644107837319523 1.87745934679729309
2.63219269719954818 0.10948954904170284 1.77996560649246649
2.68721929820030425 0.10285407565876370 1.67338191497698996
2.74339511164340433 0.09652627544954051 1.55814762199583567
2.80074413845228820 0.09049761780808173 1.43478609737029883
2.85929088080177163 0.08475945770946315 1.30390932192503550
2.91906035258652974 0.07930306690472737 1.16622196026080704
2.98007809010819180 0.07411966472066103 1.02252472462270294
3.04237016298562946 0.06920044667981923 0.87371683826759772
3.10596318529312887 0.06453661140858073 0.72079737723842985
3.17088432693115374 0.06011938583388329 0.56486524826127860
3.23716132523458322 0.05594004746917276 0.40711757660272141
3.30482249682341100 0.05198994542148652 0.24884621321168723
3.37389674970091491 0.04826051793301697 0.09143215423885212
3.44441359560449367 0.04474330866511052 -0.06366243539720580
3.51640316261447250 0.04142997986368432 -0.21490477560713753
3.58989620802620957 0.03831232387871226 -0.36070485803215552
3.66492413149105367 0.03538227256207937 -0.49943183046678941
3.74151898843172059 0.03263190458663452 -0.62943349169383211
3.81971350373788576 0.03005345179461043 -0.74905904059511519
3.89954108574776903 0.02763930337877978 -0.85668497472427863
3.98103584052172232 0.02538200992685153 -0.95074420664638326
4.06423258641394813 0.02327428577699284 -1.02975805899274131
4.14916686894851061 0.02130901150763986 -1.09237099996286280
4.23587497600602969 0.01947923566644192 -1.13738758729188194
4.32439395332757393 0.01777817646329779 -1.16381111017429495
4.41476162034231390 0.01619922367443169 -1.17088323848195031
4.50701658632573565 0.01473594020855148 -1.15812368383190178
4.60119826689533795 0.01338206451186924 -1.12536898626463522
4.69734690085081663 0.01213151247848292 -1.07280895346572258
4.79550356736593564 0.01097838025498938 -1.00101955281552102
4.89571020353948594 0.00991694667637104 -0.91099044202324786
4.99800962231275925 0.00894167614220629 -0.80414552100141112
5.10244553076121754 0.00804722140946768 -0.68235453019716952
5.20906254876821162 0.00722842616755766 -0.54793373670374723
5.31790622808866420 0.00648032775476864 -0.40363373667058683
5.42902307181088695 0.00579815911132224 -0.25261241077484464
5.54246055422489103 0.00517735086579159 -0.09839127961131006
5.65826714110560314 0.00461353243495562 0.05520617639118635
5.77649231041968392 0.00410253297184800 0.20413532645644811
5.89718657346485209 0.00364038143524394 0.34423066900718535
6.02040149645064471 0.00322330608590603 0.47132522732586518
6.14618972252989071 0.00284773336720615 0.58138779158083909
6.27460499429034613 0.00251028586721235 0.67067521585685907
6.40570217671601494 0.00220777989468756 0.73589636255451196
6.53953728062801254 0.00193722201677864 0.77438171180088566
6.67616748661502157 0.00169580528596010 0.78425248542638126
6.81565116946349381 0.00148090457572986 0.76458011397449466
6.95804792309805631 0.00129007153567737 0.71552676182662711
7.10341858604284493 0.00112102896401135 0.63845551534920031
7.25182526741453248 0.00097166470016134 0.53599846471229240
7.40333137345825065 0.00084002525330806 0.41207094602908839
7.55800163463766062 0.00072430893128782 0.27182021373520665
7.71590213329086083 0.00062285892554382 0.12149936657456949
7.87710033186382397 0.00053415600721518 -0.03174065050227914
8.04166510173346971 0.00045681126655763 -0.18014337586003737
8.20966675263276535 0.00038955867795983 -0.31572065272513455
8.38117706269029661 0.00033124771175502 -0.43069814389645483
8.55626930909724059 0.00028083600236348 -0.51801512418861873
8.73501829941473851 0.00023738206001599 -0.57185167847340634
8.91750040353525897 0.00020003821338183 -0.58814967254976491
9.10379358631131019 0.00016804363214227 -0.56508319608651658
9.29397744086567457 0.00014071766694870 -0.50343214098936229
9.48813322259729297 0.00011745335272955 -0.40680578664500111
9.68634388389737566 0.00009771124097250 -0.28166893555239159
9.88869410959045503 0.00008101349384532 -0.13712782923313560
10.09527035311579013 0.00006693828610525 0.01555081621179457
10.30616087346423448 0.00005511454324958 0.16369372503645474
10.52145577288660050 0.00004521696788948 0.29422499953021269
10.74124703538954506 0.00003696143310788 0.39486481969950343
10.96562856603540759 0.00003010065958804 0.45542872780605470
11.19469623106285816 0.00002442024795382 0.46910253504583294
11.42854789884533240 0.00001973500104932 0.43353541640633275
11.66728348170507523 0.00001588556455402 0.35158365469881808
11.91100497860026763 0.00001273535900490 0.23154047087189078
12.15981651870374058 0.00001016778806495 0.08671922210133418
12.41382440589181257 0.00000808372518889 -0.06568050164605924
12.67313716416228075 0.00000639923963341 -0.20640708260343482
12.93786558400082320 0.00000504357272126 -0.31656065103048286
13.20812276971600951 0.00000395732378569 -0.38031172555756465
13.48402418776261946 0.00000309084884002 -0.38756874079054315
13.76568771607432140 0.00000240284307019 -0.33614321640627021
14.05323369442660919 0.00000185909726924 -0.23294415510548436
14.34678497585159285 0.00000143141212600 -0.09379787799011265
14.64646697912642637 0.00000109665190086 0.05834838739868344
14.95240774235820069 0.00000083592896621 0.19681305292329390
15.26473797768768570 0.00000063389908480 0.29579973997527581
15.58359112713567107 0.00000047816082333 0.33554123855319146
15.90910341961560981 0.00000035874241882 0.30696422576994975
16.24141392913698212 0.00000026766842061 0.21474477263017047
16.58066463422407111 0.00000019859440899 0.07772615529956206
16.92700047857598378 0.00000014650110286 -0.07392074537172751
17.28056943299321802 0.00000010744013804 -0.20472560783971394
17.64152255859771401 0.00000007832316397 -0.28219558178264209
18.01001407137320953 0.00000005674890435 -0.28555262858593322
18.38620140805350189 0.00000004086131070 -0.21256015205599160
18.77024529338665104 0.00000002923464258 -0.08208635546819862
19.16230980880423829 0.00000002078048638 0.06921939316973517
19.56256246252448250 0.00000001467326419 0.19623072042355499
19.97117426111959304 0.00000001029083238 0.25875717627952988
20.38831978257771382 0.00000000716744927 0.23529295035579320
20.81417725089083604 0.00000000495685646 0.13231932033624783
21.24892861220021700 0.00000000340338155 -0.01514265804397696
21.69275961253247331 0.00000000231959453 -0.15361119444096016
22.14585987715879511 0.00000000156907284 -0.22992656913095322
22.60842299161170743 0.00000000105325901 -0.21265157960612346
23.08064658439384331 0.00000000070148496 -0.10741996609923997
23.56273241141403929 0.00000000046346902 0.04177357975751787
24.05488644218689132 0.00000000030371752 0.16862612430603288
24.55731894783235703 0.00000000019737418 0.21350512113727624
25.07024459091362445 0.00000000012717656 0.15332225863229987
25.59388251715077800 0.00000000008123467 0.01691584393877467
26.12845644905011966 0.00000000005142980 -0.12507809200276360
26.67419478148881495 0.00000000003226606 -0.19502219603085755
27.23133067929587980 0.00000000002005635 -0.15205478938707864
27.80010217687086183 0.00000000001234950 -0.02001425719396905
28.38075227988350946 0.00000000000753096 0.12104515057726306
28.97352906909691583 0.00000000000454746 0.18095055383191605
29.57868580635921774 0.00000000000271841 0.11875524773315126
30.19648104280886969 0.00000000000160840 -0.02408557208329270
30.82717872933974235 0.00000000000094171 -0.14587086304312849
31.47104832937306895 0.00000000000054549 -0.15532925937875613
32.12836493398505411 0.00000000000031254 -0.04379069649323233
32.79940937943840851 0.00000000000017708 0.10012368852406429
33.48446836716868802 0.00000000000009919 0.15613691025914211
34.18383458627654647 0.00000000000005492 0.07454948538016069
34.89780683857816967 0.00000000000003005 -0.07224208288469709
35.62669016626711738 0.00000000000001624 -0.14702859783135336
36.37079598224287480 0.00000000000000867 -0.07625382115142575
37.13044220316074018 0.00000000000000457 0.06970519484541197
37.90595338526069469 0.00000000000000238 0.13814915932379532
38.69766086303287267 0.00000000000000122 0.05391872019533366
39.50590289077923956 0.00000000000000062 -0.08878394217145899
40.33102478713124128 0.00000000000000031 -0.12296360791094869
41.17337908258645740 0.00000000000000015 -0.00645736410147476
42.03332567012575538 0.00000000000000007 0.11453299064326275
42.91123195897637999 0.00000000000000004 0.08188640315000642
43.80747303158632633 0.00000000000000002 -0.06066008053415393
44.72243180387707184 0.00000000000000001 -0.11333025035332216
45.65649918884280822 0.00000000000000000 0.00056718453737726
46.61007426356708550 0.00000000000000000 0.10969783131398080
47.58356443972689220 0.00000000000000000 0.04402644502369351
48.57738563765792605 0.00000000000000000 -0.09030153898661065
49.59196246405512198 0.00000000000000000 -0.06904013282043703
50.62772839338443731 0.00000000000000000 0.07055549925336835
51.68512595308339286 0.00000000000000000 0.07894034772652091
52.76460691262906977 0.00000000000000000 -0.05853216354781179
53.86663247655557285 0.00000000000000000 -0.07900261427918961
54.99167348150173495 0.00000000000000000 0.05673843034499530
56.14021059737457620 0.00000000000000000 0.07154500150537560
57.31273453271381868 0.00000000000000000 -0.06413477497144665
58.50974624434557114 0.00000000000000000 -0.05519268572953482
59.73175715141398712 0.00000000000000000 0.07620879162354630
60.97928935388394223 0.00000000000000000 0.02653015653771785
62.25287585560608505 0.00000000000000000 -0.08334896854588256
63.55306079204091674 0.00000000000000000 0.01496108362776342
64.88039966273889547 0.00000000000000000 0.07066134579499593
66.23545956867580742 0.00000000000000000 -0.05823433427167155
67.61881945454416609 0.00000000000000000 -0.02607084744671854
69.03107035610615583 0.00000000000000000 0.07478200176918796
70.47281565271107695 0.00000000000000000 -0.03839782378873728
71.94467132508729890 0.00000000000000000 -0.03489672240293586
73.44726621851781090 0.00000000000000000 0.07009698209442257
74.98124231151247443 0.00000000000000000 -0.04148805320182655
76.54725499009046530 0.00000000000000000 -0.01820925175022680
78.14597332779257499 0.00000000000000000 0.05988832050675788
