0.00000000000000000 1.91826260519203973 -6.75018030174920369
0.00005412326716949 1.91826260106033986 -6.75018027965729139
0.00010937688095171 1.91826258831461316 -6.75018021150663916
0.00016578444826347 1.91826256641630710 -6.75018009441767930
0.00022337006904424 1.91826253479921816 -6.75017992536296330
0.00028215834655281 1.91826249286948980 -6.75017970116716537
0.00034217439787892 1.91826244000436530 -6.75017941850044423
0.00040344386467445 1.91826237555088741 -6.75017907387148242
0.00046599292410876 1.91826229882454480 -6.75017866362023078
0.00052984830005274 1.91826220910785361 -6.75017818391034652
0.00059503727449656 1.91826210564888222 -6.75017763072129728
0.00066158769920574 1.91826198765971090 -6.75017699984012154
0.00072952800762076 1.91826185431482221 -6.75017628685282389
0.00079888722700516 1.91826170474942592 -6.75017548713542492
0.00086969499084730 1.91826153805770727 -6.75017459584458202
0.00094198155152118 1.91826135329100089 -6.75017360790784071
0.00101577779321170 1.91826114945588722 -6.75017251801344464
0.00109111524510977 1.91826092551220473 -6.75017132059971026
0.00116802609488307 1.91826068037097697 -6.75017000984393789
0.00124654320242812 1.91826041289224669 -6.75016857965085304
0.00132670011390957 1.91826012188282546 -6.75016702364053600
0.00140853107609267 1.91825980609393421 -6.75016533513584616
0.00149207105097507 1.91825946421875138 -6.75016350714928137
0.00157735573072424 1.91825909488985014 -6.75016153236929384
0.00166442155292681 1.91825869667652982 -6.75015940314600282
0.00175330571615643 1.91825826808202438 -6.75015711147628927
0.00184404619586667 1.91825780754059938 -6.75015464898826956
0.00193668176061599 1.91825731341452022 -6.75015200692506134
0.00203125198863138 1.91825678399088750 -6.75014917612789667
0.00212779728471811 1.91825621747834085 -6.75014614701847382
0.00222635889752248 1.91825561200361827 -6.75014290958056851
0.00232697893715518 1.91825496560796838 -6.75013945334084653
0.00242970039318273 1.91825427624340650 -6.75013576734885756
0.00253456715299454 1.91825354176881469 -6.75013184015616918
0.00264162402055374 1.91825275994586986 -6.75012765979458962
0.00275091673553946 1.91825192843479964 -6.75012321375349167
0.00286249199288895 1.91825104478995279 -6.75011848895611788
0.00297639746274789 1.91825010645518579 -6.75011347173491760
0.00309268181083721 1.91824911075904536 -6.75010814780577917
0.00321139471924543 1.91824805490974803 -6.75010250224119890
0.00333258690765511 1.91824693598994456 -6.75009651944227240
0.00345631015501269 1.91824575095125804 -6.75009018310950282
0.00358261732165084 1.91824449660859098 -6.75008347621235405
0.00371156237187290 1.91824316963418573 -6.75007638095749218
0.00384320039700888 1.91824176655143352 -6.75006887875568840
0.00397758763895312 1.91824028372841826 -6.75006095018728658
0.00411478151419335 1.91823871737118079 -6.75005257496620370
0.00425484063834179 1.91823706351670187 -6.75004373190239448
0.00439782485117839 1.91823531802557823 -6.75003439886270051
0.00454379524221720 1.91823347657439158 -6.75002455273003754
0.00469281417680668 1.91823153464774498 -6.75001416936084198
0.00484494532277503 1.91822948752997058 -6.75000322354067972
0.00500025367763208 1.91822733029646786 -6.74999168893799428
0.00515880559633927 1.91822505780468755 -6.74997953805584849
0.00532066881965953 1.91822266468471980 -6.74996674218162784
0.00548591250309934 1.91822014532948515 -6.74995327133458556
0.00565460724645517 1.91821749388451113 -6.74993909421116456
0.00582682512397695 1.91821470423726481 -6.74992417812797996
0.00600263971516163 1.91821177000603571 -6.74990848896236972
0.00618212613618971 1.91820868452834770 -6.74989199109042204
0.00636536107201837 1.91820544084886935 -6.74987464732235143
0.00655242280914489 1.91820203170681824 -6.74985641883512599
0.00674339126905425 1.91819844952282148 -6.74983726510223825
0.00693834804236536 1.91819468638522350 -6.74981714382046682
0.00713737642369028 1.91819073403580354 -6.74979601083353575
0.00734056144722168 1.91818658385489549 -6.74977382005252036
0.00754798992306329 1.91818222684586370 -6.74975052337286918
0.00775975047431932 1.91817765361892811 -6.74972607058789276
0.00797593357495827 1.91817285437429552 -6.74970040929858239
0.00819663158846774 1.91816781888457721 -6.74967348481958851
0.00842193880731633 1.91816253647645518 -6.74964524008120215
0.00865195149323977 1.91815699601157719 -6.74961561552718159
0.00888676791836849 1.91815118586663047 -6.74958454900822602
0.00912648840721397 1.91814509391257726 -6.74955197567093812
0.00937121537953210 1.91813870749300253 -6.74951782784204912
0.00962105339408162 1.91813201340154871 -6.74948203490777043
0.00987610919329654 1.91812499785838653 -6.74944452318796984
0.01013649174889146 1.91811764648569150 -6.74940521580505326
0.01040231230841932 1.91810994428207882 -6.74936403254727235
0.01067368444280161 1.91810187559595291 -6.74932088972620736
0.01095072409485109 1.91809342409772920 -6.74927570002825572
0.01123354962880801 1.91808457275087485 -6.74922837235977724
0.01152228188091079 1.91807530378172530 -6.74917881168570144
0.01181704421102290 1.91806559864801995 -6.74912691886128702
0.01211796255533792 1.91805543800610478 -6.74907259045675634
0.01242516548018540 1.91804480167674507 -6.74901571857449500
0.01273878423696032 1.91803366860949209 -6.74895619065851537
0.01305895281819983 1.91802201684553864 -6.74889388929585188
0.01338580801483110 1.91800982347900728 -6.74882869200954616
0.01371948947461478 1.91799706461658803 -6.74876047104287391
0.01406013976180901 1.91798371533548795 -6.74868909313443321
0.01440790441807949 1.91796974963958111 -6.74861441928373296
0.01476293202468173 1.91795514041371784 -6.74853630450685138
0.01512537426594180 1.91793985937609746 -6.74845459758178023
0.01549538599406299 1.91792387702862621 -6.74836914078297934
0.01587312529528585 1.91790716260518046 -6.74827976960474007
0.01625875355743002 1.91788968401768223 -6.74818631247284184
0.01665243553884663 1.91787140779989551 -6.74808859044403420
0.01705433943881067 1.91785229904885268 -6.74798641689282785
0.01746463696938363 1.91783232136380644 -6.74787959718506070
0.01788350342877688 1.91781143678260135 -6.74776792833769079
0.01831111777624718 1.91778960571536694 -6.74765119866422047
0.01874766270855646 1.91776678687541180 -6.74752918740518215
0.01919332473802835 1.91774293720719724 -6.74740166434302324
0.01964829427223494 1.91771801181128665 -6.74726838940076679
0.02011276569534779 1.91769196386611829 -6.74712911222374156
0.02058693745118785 1.91766474454649249 -6.74698357174372187
0.02107101212800992 1.91763630293861986 -6.74683149572465091
0.02156519654505782 1.91760658595159739 -6.74667260028930027
0.02206970184092715 1.91757553822515114 -6.74650658942596237
0.02258474356377355 1.91754310203350586 -6.74633315447439852
0.02311054176340495 1.91750921718520484 -6.74615197359016427
0.02364732108529703 1.91747382091871987 -6.74596271118642044
0.02419531086657223 1.91743684779367585 -6.74576501735225520
0.02475474523398335 1.91739822957750006 -6.74555852724659744
0.02532586320394326 1.91735789512731913 -6.74534286046666409
0.02590890878464391 1.91731577026688882 -6.74511762038988394
0.02650413108030806 1.91727177765836942 -6.74488239348822294
0.02711178439761805 1.91722583666871582 -6.74463674861374063
0.02773212835436757 1.91717786323047057 -6.74438023625420602
0.02836542799038248 1.91712776969672416 -6.74411238775749133
0.02901195388075807 1.91707546468999723 -6.74383271452352062
0.02967198225146146 1.91702085294480340 -6.74354070716236098
0.03034579509734807 1.91696383514361934 -6.74323583461710641
0.03103368030264305 1.91690430774600218 -6.74291754325007187
0.03173593176393882 1.91684216281055941 -6.74258525589080726
0.03245284951576132 1.91677728780949264 -6.74223837084434319
0.03318473985875876 1.91670956543539051 -6.74187626085803782
0.03393191549056759 1.91663887339997219 -6.74149827204533381
0.03469469563941134 1.91656508422443705 -6.74110372276464354
0.03547340620048992 1.91648806502108116 -6.74069190245153216
0.03626837987521721 1.91640767726583050 -6.74026207040228087
0.03707995631336651 1.91632377656130326 -6.73981345450686842
0.03790848225818478 1.91623621239003561 -6.73934524992926409
0.03875431169453759 1.91614482785745244 -6.73885661773293076
0.03961780600014781 1.91604945942418059 -6.73834668344929266
0.04049933409999303 1.91594993662725988 -6.73781453558682930
0.04139927262392760 1.91584608178981353 -6.73725922407844902
0.04231800606759627 1.91573770971870272 -6.73667975866459123
0.04325592695670878 1.91562462738968553 -6.73607510720947555
0.04421343601474506 1.91550663361957696 -6.73544419394784555
0.04519094233416289 1.91538351872488732 -6.73478589765936153
0.04618886355118145 1.91525506416639435 -6.73409904976776641
0.04720762602421474 1.91512104217909318 -6.73338243236182610
0.04824766501603182 1.91498121538693811 -6.73263477613492167
0.04930942487972149 1.91483533640176828 -6.73185475824002655
0.05039335924854037 1.91468314740579459 -6.73104100005675487
0.05149993122972624 1.91452437971699729 -6.73019206486698174
0.05262961360235921 1.91435875333676231 -6.72930645543543449
0.05378288901935464 1.91418597647905098 -6.72838261149151862
0.05496025021367514 1.91400574508039201 -6.72741890710850488
0.05616220020884904 1.91381774228993851 -6.72641364797609498
0.05738925253388537 1.91362163793882001 -6.72536506856217908
0.05864193144267742 1.91341708798798416 -6.72427132915953152
0.05992077213798844 1.91320373395370824 -6.72313051281300478
0.06122632100011513 1.91298120230990754 -6.72194062212258370
0.06255913582032677 1.91274910386637131 -6.72069957591761824
0.06391978603917964 1.91250703312200487 -6.71940520579731082
0.06530885298980850 1.91225456759212320 -6.71805525253237157
0.06672693014629928 1.91199126710883571 -6.71664736232262172
0.06817462337724868 1.91171667309351245 -6.71517908290522847
0.06965255120461952 1.91143030780027723 -6.71364785950787990
0.07116134506800231 1.91113167352948032 -6.71205103064124664
0.07270164959439530 1.91082025181004700 -6.71038582372487991
0.07427412287361937 1.91049550254954115 -6.70864935054032951
0.07587943673948470 1.91015686315081012 -6.70683860250532238
0.07751827705682930 1.90980374759400773 -6.70495044576264121
0.07919134401455241 1.90943554548273031 -6.70298161607688314
0.08089935242476805 1.90905162105305037 -6.70092871353257546
0.08264303202820568 1.90865131214412553 -6.69878819702656170
0.08442312780598965 1.90823392912904222 -6.69655637854750463
0.08624040029792988 1.90779875380457864 -6.69422941723536535
0.08809562592745969 1.90734503823846158 -6.69180331321330879
0.08998959733336007 1.90687200357270048 -6.68927390118436271
0.09192312370841214 1.90637883878159253 -6.68663684378532519
0.09389703114512160 1.90586469938288516 -6.68388762468974829
0.09591216298866428 1.90532870610059502 -6.68102154145200888
0.09796938019720219 1.90476994347804718 -6.67803369808466218
0.10006956170972503 1.90418745843945958 -6.67491899736017658
0.10221360482157399 1.90358025879864567 -6.67167213282928717
0.10440242556780792 1.90294731171321585 -6.66828758054734028
0.10663695911457621 1.90228754208264261 -6.66475959049978339
0.10891816015866546 1.90159983088873585 -6.66108217771901234
0.11124700333539013 1.90088301347681665 -6.65724911308333489
0.11362448363500234 1.90013587777604087 -6.65325391378974995
0.11605161682779813 1.89935716245740527 -6.64908983349260030
0.11852943989810150 1.89854555502767663 -6.64474985209863611
0.12105901148731263 1.89769968985791770 -6.64022666521133509
0.12364141234620889 1.89681814614503375 -6.63551267321595173
0.12627774579669157 1.89589944580478065 -6.63059996999689716
0.12896913820317663 1.89494205129509719 -6.62548033128129443
0.13171673945383003 1.89394436336812144 -6.62014520259980799
0.13452172345185329 1.89290471874982313 -6.61458568685896697
0.13738528861702992 1.89182138774613873 -6.60879253151894197
0.14030865839774587 1.89069257177423400 -6.60275611536926998
0.14329308179370365 1.88951640081842043 -6.59646643489993778
0.14633983388955368 1.88829093080953125 -6.58991309026126881
0.14945021639966885 1.88701414092725939 -6.58308527080987727
0.15262555822429855 1.88568393082527841 -6.57597174023953812
0.15586721601733630 1.88429811777829825 -6.56856082129241070
0.15917657476594502 1.88285443375180295 -6.56084038005434778
0.16255504838228885 1.88135052239419376 -6.55279780983276172
0.16600408030762184 1.87978393595198701 -6.54442001462035172
0.16952514412899339 1.87815213210948406 -6.53569339215212519
0.17311974420883283 1.87645247075321153 -6.52660381655711763
0.17678941632768383 1.87468221066392293 -6.51713662061966303
0.18053572834036105 1.87283850613753922 -6.50727657765737622
0.18436028084581019 1.87091840353775196 -6.49700788303033683
0.18826470787095936 1.86891883778430667 -6.48631413530270695
0.19225067756885098 1.86683662877930012 -6.47517831706929226
0.19631989293135405 1.86466847777771672 -6.46358277548006122
0.20047409251676232 1.86241096370617565 -6.45150920248394222
0.20471505119258721 1.86006053943626504 -6.43893861482573016
0.20904458089386296 1.85761352802040824 -6.42585133383873952
0.21346453139729110 1.85506611889610817 -6.41222696506427781
0.21797679111155024 1.85241436407021354 -6.39804437776040658
0.22258328788411205 1.84965417429111589 -6.38328168434223020
0.22728598982490827 1.84678131522137123 -6.36791621982077949
0.23208690614719857 1.84379140362433902 -6.35192452131334218
0.23698808802599927 1.84067990357654154 -6.33528230768817657
0.24199162947444217 1.83744212272555929 -6.31796445945000951
0.24709966823843374 1.83407320860714607 -6.29994499894000004
0.25231438670999912 1.83056814504399457 -6.28119707097090263
0.25763801285970300 1.82692174864729173 -6.26169292401131017
0.26307282118854164 1.82312866544257179 -6.24140389203505563
0.26862113369971485 1.81918336765104161 -6.22030037720393469
0.27428532089069546 1.81508015064880279 -6.19835183350510910
0.28006780276601551 1.81081313014153156 -6.17552675154616981
0.28597104987120398 1.80637623958541860 -6.15179264467474152
0.29199758434832046 1.80176322789192067 -6.12711603662628157
0.29814998101353096 1.79696765746178988 -6.10146245094651896
0.30443086845718847 1.79198290258484927 -6.07479640238713081
0.31084293016689085 1.78680214826390693 -6.04708139059185967
0.31738890567399058 1.78141838950618570 -6.01827989630981630
0.32407159172404976 1.77582443114462984 -5.98835338047593257
0.33089384347174128 1.77001288825055370 -5.95726228649440959
0.33785857570070327 1.76397618719722904 -5.92496604605172106
0.34496876406886945 1.75770656745780407 -5.89142308891562827
0.35222744637981063 1.75119608419882944 -5.85659085705782889
0.35963772388062443 1.74443661176598130 -5.82042582363072469
0.36720276258693341 1.73741984814007644 -5.78288351722998684
0.37492579463555276 1.73013732045901780 -5.74391855197131207
0.38281011966541167 1.72258039171332511 -5.70348466397759779
0.39085910622731213 1.71474026870533280 -5.66153475477850954
0.39907619322312893 1.70660801140679785 -5.61802094237154837
0.40746489137507175 1.69817454381190713 -5.57289462048934503
0.41602878472562704 1.68943066642933815 -5.52610652687737414
0.42477153216882768 1.68036707053846479 -5.47760682128818477
0.43369686901350457 1.67097435434386421 -5.42734517395152771
0.44280860857918347 1.66124304119177757 -5.37527086544918298
0.45211064382531180 1.65116359997223094 -5.32133289870545578
0.46160694901451416 1.64072646789620835 -5.26548012417791433
0.47130158141058137 1.62992207578131509 -5.20766137902669346
0.48119868301192154 1.61874087603158157 -5.14782564134193255
0.49130248232121654 1.60717337347753597 -5.08592220041026088
0.50161729615203454 1.59521015923621978 -5.02190084397286007
0.51214753147317249 1.58284194779191334 -4.95571206367960482
0.52289768729152031 1.57005961743285383 -4.88730727957837541
0.53387235657424581 1.55685425425197477 -4.81663908492187609
0.54507622821112223 1.54321719984385508 -4.74366151215101262
0.55651408901784305 1.52914010287232660 -4.66833032118703173
0.56819082578117130 1.51461497465083927 -4.59060331100844365
0.58011142734680088 1.49963424885084895 -4.51044065535071059
0.59228098675082685 1.48419084547240132 -4.42780526354632009
0.60470470339572602 1.46827823913063682 -4.34266316704872857
0.61738788527178223 1.45189053173973082 -4.25498393245658413
0.63033595122491015 1.43502252958854837 -4.16474110134160114
0.64355443327183692 1.41766982479212755 -4.07191265722969575
0.65704897896363601 1.39982888102822378 -3.97648151971902974
0.67082535379862684 1.38149712342286435 -3.87843606547604836
0.68488944368566274 1.36267303234999115 -3.77777067549369638
0.69924725745886374 1.34335624087030170 -3.67448630766647000
0.71390492944487338 1.32354763537276865 -3.56859109314153455
0.72886872208372744 1.30324945894353883 -3.46010095456942457
0.74414502860445741 1.28246541680956816 -3.34904024364083641
0.75974037575658049 1.26120078305620664 -3.23544239454192839
0.77566142659862680 1.23946250776727407 -3.11935058967193735
0.79191498334491151 1.21725932332280129 -3.00081843208204901
0.80850799027175324 1.19460184877039799 -2.87991061977169371
0.82544753668439663 1.17150269050437794 -2.75670361386490193
0.84274085994589265 1.14797653774445751 -2.63128629370486511
0.86039534856923394 1.12404025068346436 -2.50376058899273124
0.87841854537407604 1.09971293904997780 -2.37424207836114443
0.89681815070937965 1.07501602880372715 -2.24286054355021980
0.91560202574335536 1.04997331371096170 -2.10976046362749647
0.93477819582212573 1.02461098943185380 -1.97510143772927149
0.95435485389852415 0.99895766599297620 -1.83905851625908978
0.97434036403250379 0.97304435588194782 -1.70182242677599271
0.99474326496465870 0.94690443343284136 -1.56359967306201098
1.01557227376436776 0.92057356180669891 -1.42461248859654455
1.03683628955413121 0.89408958399004235 -1.28509862597269620
1.05854439731169547 0.86749237297884330 -1.14531095719340037
1.08070587175157473 0.84082363908817837 -1.00551687295919789
1.10333018128763971 0.81412668928805676 -0.86599745344609813
1.12642699207846886 0.78744613819109566 -0.72704640573551993
1.15000617215718126 0.76082756771700522 -0.58896874924652076
1.17407779564751369 0.73431713673894994 -0.45207925067775595
1.19865214706796364 0.70796114333138405 -0.31670061526749527
1.22373972572581047 0.68180554383276004 -0.18316144720175592
1.24935125020290649 0.65589544065341421 -0.05179402908364253
1.27549766293515887 0.63027455004009458 0.07706803655896607
1.30219013488764590 0.60498467469897244 0.20309221397820276
1.32944007032736966 0.58006520747637247 0.32594933787222208
1.35725911169569602 0.55555270890823794 0.44531564259117451
1.38565914458254658 0.53148061125466273 0.56087428215504309
1.41465230280446930 0.50787911937154628 0.67231602426776238
1.44425097358878052 0.48477539681045129 0.77933871567513957
1.47446780286595969 0.46219394530681829 0.88164600735637133
1.50531570067257503 0.44015676350691091 0.97894734986835741
1.53680784666706316 0.41868338247547576 1.07095872005809079
1.56895769576068611 0.39779090591087224 1.15740343286911651
1.60177898386609341 0.37749405747566761 1.23801303304224164
1.63528573376595143 0.35780523506459705 1.31252827109761538
1.66949226110412341 0.33873457121736955 1.38070016840289478
1.70441318050198221 0.32028999938342678 1.44229118182046356
1.74006341180245117 0.30247732502415131 1.49707646715512888
1.77645818644446463 0.28530030174361715 1.54484525279561979
1.81361305397054373 0.26876071109978367 1.58540232199998177
1.85154388867028041 0.25285844642132671 1.61856961143986156
1.89026689636258172 0.23759159975130570 1.64418792619683574
1.92979862131954660 0.22295655138068129 1.66211877382272033
1.97015595333494420 0.20894806250815548 1.67224631826666492
2.01135613494032972 0.19555936898915824 1.67447945277986077
2.05341676877185186 0.18278227820153364 1.66875399021721127
2.09635582509091423 0.17060726603398474 1.65503496759827184
2.14019164946191776 0.15902357627139205 1.63331905866155180
2.18494297059033427 0.14801932006072810 1.60363708731921095
2.23062890832447769 0.13758157615970881 1.56605663059539268
2.27726898182440340 0.12769649182145953 1.52068469498388259
2.32488311790139646 0.11834938243390905 1.46767044961415061
2.37349165953162888 0.10952483217496932 1.40720798516979473
2.42311537454763704 0.10120679177855219 1.33953907415556972
2.47377546451130126 0.09337867668942156 1.26495588314259333
2.52549357377213424 0.08602346173280016 1.18380359706428528
2.57829179871476688 0.07912377431639013 1.09648288949161454
2.63219269719954818 0.07266198447641191 1.00345217199553205
2.68721929820030425 0.06662029100463378 0.90522954453008286
2.74339511164340433 0.06098080498037821 0.80239434322768688
2.80074413845228820 0.05572562732356424 0.69558819899147895
2.85929088080177163 0.05083692374861224 0.58551546608531413
2.91906035258652974 0.04629699292331291 0.47294292216706135
2.98007809010819180 0.04208833104279130 0.35869857750032236
3.04237016298562946 0.03819369018409326 0.24366947144669407
3.10596318529312887 0.03459613149344205 0.12879830259531128
3.17088432693115374 0.03127907345870036 0.01507873751152451
3.23716132523458322 0.02822633367478233 -0.09645071422091542
3.30482249682341100 0.02542216687632697 -0.20471443975807840
3.37389674970091491 0.02285129609554916 -0.30860912905585691
3.44441359560449367 0.02049894050403269 -0.40701501420693481
3.51640316261447250 0.01835083726081095 -0.49880893958366052
3.58989620802620957 0.01639325968884971 -0.58287934221985371
3.66492413149105367 0.01461303110392178 -0.65814310602507120
3.74151898843172059 0.01299753440888694 -0.72356420445692926
3.81971350373788576 0.01153471898292390 -0.77817406334786277
3.89954108574776903 0.01021310315517678 -0.82109334909763609
3.98103584052172232 0.00902177499229142 -0.85155503707129754
4.06423258641394813 0.00795038920624626 -0.86892827045871435
4.14916686894851061 0.00698916256137022 -0.87274269146535066
4.23587497600602969 0.00612886651768955 -0.86271261860071191
4.32439395332757393 0.00536081804289143 -0.83876048138168968
4.41476162034231390 0.00467686886006745 -0.80103879413276169
4.50701658632573565 0.00406939253046768 -0.74994978029762394
4.60119826689533795 0.00353127082394939 -0.68616183144018139
4.69734690085081663 0.00305587795700018 -0.61062168238356873
4.79550356736593564 0.00263706442024439 -0.52456135585908004
4.89571020353948594 0.00226913917950489 -0.42949867554651877
4.99800962231275925 0.00194685134673296 -0.32723029612725291
5.10244553076121754 0.00166537097616971 -0.21981612402324149
5.20906254876821162 0.00142026912981283 -0.10955415421805437
5.31790622808866420 0.00120749776261306 0.00105518056877276
5.42902307181088695 0.00102336886565710 0.10935571107109748
5.54246055422489103 0.00086453387203805 0.21259374887687996
5.65826714110560314 0.00072796260313084 0.30798759237205525
5.77649231041968392 0.00061092263939341 0.39280795378642075
5.89718657346485209 0.00051095871956373 0.46446800059326376
6.02040149645064471 0.00042587257751209 0.52062124309542079
6.14618972252989071 0.00035370330027469 0.55926470529554073
6.27460499429034613 0.00029270814556053 0.57884370190575651
6.40570217671601494 0.00024134423032729 0.57835427981035503
6.53953728062801254 0.00019825078426957 0.55743764691351227
6.67616748661502157 0.00016223242903645 0.51646121552803603
6.81565116946349381 0.00013224320236490 0.45657920136668118
6.95804792309805631 0.00010737161000376 0.37976629285039948
7.10341858604284493 0.00008682659801754 0.28881725771096328
7.25182526741453248 0.00006992449073117 0.18730613442642471
7.40333137345825065 0.00005607694822310 0.07949962939806389
7.55800163463766062 0.00004477982388759 -0.02977905014439000
7.71590213329086083 0.00003560304055626 -0.13533724579934547
7.87710033186382397 0.00002818131719861 -0.23184876030627521
8.04166510173346971 0.00002220583028148 -0.31413311441105995
8.20966675263276535 0.00001741668093293 -0.37746757057687536
8.38117706269029661 0.00001359617161028 -0.41791691445171431
8.55626930909724059 0.00001056282613073 -0.43266093983953424
8.73501829941473851 0.00000816609016604 -0.42029443830451085
8.91750040353525897 0.00000628168730477 -0.38107230671875558
9.10379358631131019 0.00000480753991823 -0.31706828513013824
9.29397744086567457 0.00000366023950719 -0.23221890850643515
9.48813322259729297 0.00000277198264304 -0.13222513027274471
9.68634388389737566 0.00000208794639693 -0.02429356879940461
9.88869410959045503 0.00000156404201773 0.08329102377391809
10.09527035311579013 0.00000116500795507 0.18175405118299148
10.30616087346423448 0.00000086280195172 0.26255428570510486
10.52145577288660050 0.00000063524892687 0.31819372279234076
10.74124703538954506 0.00000046491708445 0.34304694625584170
10.96562856603540759 0.00000033818345349 0.33412060514860725
11.19469623106285816 0.00000024446698211 0.29164528138401680
11.42854789884533240 0.00000017559953765 0.21939447635723500
11.66728348170507523 0.00000012531553273 0.12463963029429974
11.91100497860026763 0.00000008883965664 0.01767420079890122
12.15981651870374058 0.00000006255608569 -0.08911504397705022
12.41382440589181257 0.00000004374542891 -0.18259187682329900
12.67313716416228075 0.00000003037622108 -0.25051976547725185
12.93786558400082320 0.00000002094159742 -0.28333506237110673
13.20812276971600951 0.00000001433163674 -0.27579444217404203
13.48402418776261946 0.00000000973477051 -0.22821305308925618
13.76568771607432140 0.00000000656193692 -0.14700555421189154
14.05323369442660919 0.00000000438879690 -0.04430145809591098
14.34678497585159285 0.00000000291203118 0.06347974961424685
14.64646697912642637 0.00000000191650928 0.15803542702371925
14.95240774235820069 0.00000000125088525 0.22230063087451615
15.26473797768768570 0.00000000080954264 0.24379904646341188
15.58359112713567107 0.00000000051939964 0.21757947723399954
15.90910341961560981 0.00000000033031210 0.14801928010965765
16.24141392913698212 0.00000000020817485 0.04887388668254045
16.58066463422407111 0.00000000012999652 -0.05878716594664637
16.92700047857598378 0.00000000008041749 -0.15067236629398018
17.28056943299321802 0.00000000004927207 -0.20476262770224352
17.64152255859771401 0.00000000002989469 -0.20704728058311261
18.01001407137320953 0.00000000001795738 -0.15600384174379781
18.38620140805350189 0.00000000001067715 -0.06430584541410750
18.77024529338665104 0.00000000000628261 0.04327084165112819
19.16230980880423829 0.00000000000365765 0.13585747493964756
19.56256246252448250 0.00000000000210641 0.18527655434552606
19.97117426111959304 0.00000000000119969 0.17526384101976170
20.38831978257771382 0.00000000000067558 0.10806204085428431
20.81417725089083604 0.00000000000037606 0.00555124913988870
21.24892861220021700 0.00000000000020688 -0.09656983798277560
21.69275961253247331 0.00000000000011245 -0.16065556249551274
22.14585987715879511 0.00000000000006037 -0.16148793753278987
22.60842299161170743 0.00000000000003201 -0.09769389525834191
23.08064658439384331 0.00000000000001675 0.00527242354244857
23.56273241141403929 0.00000000000000866 0.10352122172802385
24.05488644218689132 0.00000000000000441 0.15277752555925064
24.55731894783235703 0.00000000000000222 0.12921675126053223
25.07024459091362445 0.00000000000000110 0.04319160176204471
25.59388251715077800 0.00000000000000054 -0.06266615533360362
26.12845644905011966 0.00000000000000026 -0.13286767235308636
26.67419478148881495 0.00000000000000012 -0.12841111667292149
27.23133067929587980 0.00000000000000006 -0.05076106081793436
27.80010217687086183 0.00000000000000003 0.05508482973021320
28.38075227988350946 0.00000000000000001 0.12427119628091206
28.97352906909691583 0.00000000000000001 0.11196385768499759
29.57868580635921774 0.00000000000000000 0.02528463620399972
30.19648104280886969 0.00000000000000000 -0.07668998100338664
30.82717872933974235 0.00000000000000000 -0.12074740457574049
31.47104832937306895 0.00000000000000000 -0.07322694938125134
32.12836493398505411 0.00000000000000000 0.03000935576456072
32.79940937943840851 0.00000000000000000 0.10621809973863663
33.48446836716868802 0.00000000000000000 0.09117042534554341
34.18383458627654647 0.00000000000000000 -0.00298038220761395
34.89780683857816967 0.00000000000000000 -0.09182197426077558
35.62669016626711738 0.00000000000000000 -0.09181978441108016
36.37079598224287480 0.00000000000000000 -0.00217711807006630
37.13044220316074018 0.00000000000000000 0.08709331906146599
37.90595338526069469 0.00000000000000000 0.08216853212104637
38.69766086303287267 0.00000000000000000 -0.01227130026268675
39.50590289077923956 0.00000000000000000 -0.08998601584256181
40.33102478713124128 0.00000000000000000 -0.05968544115371827
41.17337908258645740 0.00000000000000000 0.04234585632907326
42.03332567012575538 0.00000000000000000 0.08772130019632977
42.91123195897637999 0.00000000000000000 0.01687962015277127
43.80747303158632633 0.00000000000000000 -0.07454125150595092
44.72243180387707184 0.00000000000000000 -0.05824193394261184
45.65649918884280822 0.00000000000000000 0.04223147185344968
46.61007426356708550 0.00000000000000000 0.07564214415070557
47.58356443972689220 0.00000000000000000 -0.01005949192422261
48.57738563765792605 0.00000000000000000 -0.07646190633867571
49.59196246405512198 0.00000000000000000 -0.01280799271126305
50.62772839338443731 0.00000000000000000 0.07057010830927404
51.68512595308339286 0.00000000000000000 0.02482364199901845
52.76460691262906977 0.00000000000000000 -0.06490243977707676
53.86663247655557285 0.00000000000000000 -0.02737869475871915
54.99167348150173495 0.00000000000000000 0.06245073241725834
56.14021059737457620 0.00000000000000000 0.02166518286316494
57.31273453271381868 0.00000000000000000 -0.06272428724219786
58.50974624434557114 0.00000000000000000 -0.00781366202382762
59.73175715141398712 0.00000000000000000 0.06195121472413758
60.97928935388394223 0.00000000000000000 -0.01374135978831216
62.25287585560608505 0.00000000000000000 -0.05323367230860932
63.55306079204091674 0.00000000000000000 0.03869276222653428
64.88039966273889547 0.00000000000000000 0.02900982455590856
66.23545956867580742 0.00000000000000000 -0.05467663558425639
67.61881945454416609 0.00000000000000000 0.01074099956126467
69.03107035610615583 0.00000000000000000 0.04316038221138365
70.47281565271107695 0.00000000000000000 -0.04635919371040526
71.94467132508729890 0.00000000000000000 0.00194251623457067
73.44726621851781090 0.00000000000000000 0.04128612925242113
74.98124231151247443 0.00000000000000000 -0.04533280089574210
76.54725499009046530 0.00000000000000000 0.01276230706058230
78.14597332779257499 0.00000000000000000 0.02650349382718226
