0.00000000000000000 3.68004843070690679
0.00005412326716949 3.68004838853753391
0.00010937688095171 3.68004825849492878
0.00016578444826347 3.68004803506999156
0.00022337006904424 3.68004771248578244
0.00028215834655281 3.68004728468365094
0.00034217439787892 3.68004674530955755
0.00040344386467445 3.68004608770151664
0.00046599292410876 3.68004530487554904
0.00052984830005274 3.68004438951157775
0.00059503727449656 3.68004333393759353
0.00066158769920574 3.68004213011548931
0.00072952800762076 3.68004076962202120
0.00079888722700516 3.68003924363408030
0.00086969499084730 3.68003754291112495
0.00094198155152118 3.68003565777272534
0.00101577779321170 3.68003357808429854
0.00109111524510977 3.68003129323396783
0.00116802609488307 3.68002879211178513
0.00124654320242812 3.68002606308611391
0.00132670011390957 3.68002309398530159
0.00140853107609267 3.68001987206778303
0.00149207105097507 3.68001638400145703
0.00157735573072424 3.68001261583565586
0.00166442155292681 3.68000855297455143
0.00175330571615643 3.68000418014820552
0.00184404619586667 3.67999948138177668
0.00193668176061599 3.67999443996938957
0.00203125198863138 3.67998903843381875
0.00212779728471811 3.67998325850185815
0.00222635889752248 3.67997708106198873
0.00232697893715518 3.67997048613366839
0.00242970039318273 3.67996345282302739
0.00253456715299454 3.67995595928771113
0.00264162402055374 3.67994798269443635
0.00275091673553946 3.67993949917499608
0.00286249199288895 3.67993048378053977
0.00297639746274789 3.67992091043753256
0.00309268181083721 3.67991075189440719
0.00321139471924543 3.67989997967266236
0.00333258690765511 3.67988856401483755
0.00345631015501269 3.67987647382508065
0.00358261732165084 3.67986367661739155
0.00371156237187290 3.67985013844624431
0.00384320039700888 3.67983582385194863
0.00397758763895312 3.67982069579159665
0.00411478151419335 3.67980471556525890
0.00425484063834179 3.67978784275678450
0.00439782485117839 3.67977003514965917
0.00454379524221720 3.67975124864694880
0.00469281417680668 3.67973143719896845
0.00484494532277503 3.67971055271526337
0.00500025367763208 3.67968854497596976
0.00515880559633927 3.67966536153462220
0.00532066881965953 3.67964094763707328
0.00548591250309934 3.67961524610291235
0.00565460724645517 3.67958819723955299
0.00582682512397695 3.67955973871824193
0.00600263971516163 3.67952980547204955
0.00618212613618971 3.67949832957121536
0.00636536107201837 3.67946524010400777
0.00655242280914489 3.67943046304829569
0.00674339126905425 3.67939392113548402
0.00693834804236536 3.67935553371619717
0.00713737642369028 3.67931521660552185
0.00734056144722168 3.67927288194761282
0.00754798992306329 3.67922843804224220
0.00775975047431932 3.67918178918902417
0.00797593357495827 3.67913283551187398
0.00819663158846774 3.67908147278771835
0.00842193880731633 3.67902759225194620
0.00865195149323977 3.67897108041166954
0.00888676791836849 3.67891181883689500
0.00912648840721397 3.67884968395551359
0.00937121537953210 3.67878454683093103
0.00962105339408162 3.67871627293550407
0.00987610919329654 3.67864472191168845
0.01013649174889146 3.67856974731956576
0.01040231230841932 3.67849119638653921
0.01067368444280161 3.67840890972695300
0.01095072409485109 3.67832272107348679
0.01123354962880801 3.67823245697208945
0.01152228188091079 3.67813793648886156
0.01181704421102290 3.67803897088059895
0.01211796255533792 3.67793536327105031
0.01242516548018540 3.67782690830636927
0.01273878423696032 3.67771339179203016
0.01305895281819983 3.67759459031738700
0.01338580801483110 3.67747027087390155
0.01371948947461478 3.67734019043451577
0.01406013976180901 3.67720409554688965
0.01440790441807949 3.67706172187791802
0.01476293202468173 3.67691279376746838
0.01512537426594180 3.67675702373970514
0.01549538599406299 3.67659411200646868
0.01587312529528585 3.67642374595380517
0.01625875355743002 3.67624559959971364
0.01665243553884663 3.67605933302364685
0.01705433943881067 3.67586459179116742
0.01746463696938363 3.67566100634227322
0.01788350342877688 3.67544819134540868
0.01831111777624718 3.67522574504591670
0.01874766270855646 3.67499324857726695
0.01919332473802835 3.67475026523567383
0.01964829427223494 3.67449633974516798
0.02011276569534779 3.67423099746796256
0.02058693745118785 3.67395374360289262
0.02107101212800992 3.67366406234219944
0.02156519654505782 3.67336141599356836
0.02206970184092715 3.67304524406877064
0.02258474356377355 3.67271496233595807
0.02311054176340495 3.67236996182880748
0.02364732108529703 3.67200960781836994
0.02419531086657223 3.67163323874893921
0.02475474523398335 3.67124016511462248
0.02532586320394326 3.67082966831916835
0.02590890878464391 3.67040099945177767
0.02650413108030806 3.66995337805281086
0.02711178439761805 3.66948599079925852
0.02773212835436757 3.66899799015662031
0.02836542799038248 3.66848849297044266
0.02901195388075807 3.66795657899905070
0.02967198225146146 3.66740128939235310
0.03034579509734807 3.66682162511395449
0.03103368030264305 3.66621654529491581
0.03173593176393882 3.66558496551744462
0.03245284951576132 3.66492575605274373
0.03318473985875876 3.66423774000342517
0.03393191549056759 3.66351969139372091
0.03469469563941134 3.66277033317730361
0.03547340620048992 3.66198833516936606
0.03626837987521721 3.66117231189782055
0.03707995631336651 3.66032082037416728
0.03790848225818478 3.65943235778066667
0.03875431169453759 3.65850535906521257
0.03961780600014781 3.65753819445199158
0.04049933409999303 3.65652916684980189
0.04139927262392760 3.65547650916602551
0.04231800606759627 3.65437838152821914
0.04325592695670878 3.65323286838969397
0.04421343601474506 3.65203797554250142
0.04519094233416289 3.65079162700595061
0.04618886355118145 3.64949166180845719
0.04720762602421474 3.64813583065404989
0.04824766501603182 3.64672179246673211
0.04930942487972149 3.64524711080992558
0.05039335924854037 3.64370925017387437
0.05149993122972624 3.64210557213921149
0.05262961360235921 3.64043333140535097
0.05378288901935464 3.63868967166133128
0.05496025021367514 3.63687162134119335
0.05616220020884904 3.63497608921055493
0.05738925253388537 3.63299985980808682
0.05864193144267742 3.63093958873155698
0.05992077213798844 3.62879179777013094
0.06122632100011513 3.62655286985234415
0.06255913582032677 3.62421904385308347
0.06391978603917964 3.62178640920671491
0.06530885298980850 3.61925090034757968
0.06672693014629928 3.61660829097702807
0.06817462337724868 3.61385418813208981
0.06965255120461952 3.61098402606398894
0.07116134506800231 3.60799305993213215
0.07270164959439530 3.60487635928802463
0.07427412287361937 3.60162880134755081
0.07587943673948470 3.59824506406607947
0.07751827705682930 3.59471961898691239
0.07919134401455241 3.59104672387142410
0.08089935242476805 3.58722041510878187
0.08264303202820568 3.58323449988047482
0.08442312780598965 3.57908254809512938
0.08624040029792988 3.57475788408621797
0.08809562592745969 3.57025357804801136
0.08998959733336007 3.56556243722056987
0.09192312370841214 3.56067699681692229
0.09389703114512160 3.55558951068326756
0.09591216298866428 3.55029194167590223
0.09796938019720219 3.54477595177551352
0.10006956170972503 3.53903289189187520
0.10221360482157399 3.53305379140108666
0.10440242556780792 3.52682934736684883
0.10663695911457621 3.52034991346016612
0.10891816015866546 3.51360548857215527
0.11124700333539013 3.50658570511402656
0.11362448363500234 3.49927981698876822
0.11605161682779813 3.49167668724106584
0.11852943989810150 3.48376477538594642
0.12105901148731263 3.47553212440191750
0.12364141234620889 3.46696634740115028
0.12627774579669157 3.45805461397074909
0.12896913820317663 3.44878363619538231
0.13171673945383003 3.43913965436543245
0.13452172345185329 3.42910842238338764
0.13738528861702992 3.41867519289378885
0.14030865839774587 3.40782470214207667
0.14329308179370365 3.39654115460279948
0.14633983388955368 3.38480820741011135
0.14945021639966885 3.37260895463313926
0.15262555822429855 3.35992591145985786
0.15586721601733630 3.34674099833749183
0.15917657476594502 3.33303552517208290
0.16255504838228885 3.31879017566537149
0.16600408030762184 3.30398499191116546
0.16952514412899339 3.28859935937389336
0.17311974420883283 3.27261199242714307
0.17678941632768383 3.25600092060101431
0.18053572834036105 3.23874347576810706
0.18436028084581019 3.22081628049772650
0.18826470787095936 3.20219523786216076
0.19225067756885098 3.18285552298904006
0.19631989293135405 3.16277157672326181
0.20047409251676232 3.14191710180128592
0.20471505119258721 3.12026506196157039
0.20904458089386296 3.09778768452631903
0.21346453139729110 3.07445646697468611
0.21797679111155024 3.05024218815534365
0.22258328788411205 3.02511492480490496
0.22728598982490827 2.99904407412840124
0.23208690614719857 2.97199838329095378
0.23698808802599927 2.94394598667031770
0.24199162947444217 2.91485445194022752
0.24709966823843374 2.88469083595079034
0.25231438670999912 2.85342175163582779
0.25763801285970300 2.82101344717227986
0.26307282118854164 2.78743189863211649
0.26862113369971485 2.75264291770283975
0.27428532089069546 2.71661227574070097
0.28006780276601551 2.67930584592898491
0.28597104987120398 2.64068976504075570
0.29199758434832046 2.60073061646367742
0.29814998101353096 2.55939563640796353
0.30443086845718847 2.51665294466920741
0.31084293016689085 2.47247180211737039
0.31738890567399058 2.42682289618186386
0.32407159172404976 2.37967865617851082
0.33089384347174128 2.33101359995062563
0.33785857570070327 2.28080471277572494
0.34496876406886945 2.22903186010702425
0.35222744637981063 2.17567823407056737
0.35963772388062443 2.12073083458842193
0.36720276258693341 2.06418098428612007
0.37492579463555276 2.00602487622189152
0.38281011966541167 1.94626415283464627
0.39085910622731213 1.88490651259189823
0.39907619322312893 1.82196634116764011
0.40746489137507175 1.75746536102733719
0.41602878472562704 1.69143329333580428
0.42477153216882768 1.62390852357169435
0.43369686901350457 1.55493876095777961
0.44280860857918347 1.48458168023386916
0.45211064382531180 1.41290553229981364
0.46160694901451416 1.33998970897513758
0.47130158141058137 1.26592524575036336
0.48119868301192154 1.19081524542537776
0.49130248232121654 1.11477520477711356
0.50161729615203454 1.03793322796644705
0.51214753147317249 0.96043010857061850
0.52289768729152031 0.88241926896116751
0.53387235657424581 0.80406654275749623
0.54507622821112223 0.72554979668037201
0.55651408901784305 0.64705838888309331
0.56819082578117130 0.56879246795467620
0.58011142734680088 0.49096212828391073
0.59228098675082685 0.41378643376819496
0.60470470339572602 0.33749234460491934
0.61738788527178223 0.26231356863349908
0.63033595122491015 0.18848938023769454
0.64355443327183692 0.11626343861691342
0.65704897896363601 0.04588263911004712
0.67082535379862684 -0.02240396736275721
0.68488944368566274 -0.08834617758358321
0.69924725745886374 -0.15169354106689426
0.71390492944487338 -0.21219618803986773
0.72886872208372744 -0.26960559398418016
0.74414502860445741 -0.32367532884595768
0.75974037575658049 -0.37416184814033404
0.77566142659862680 -0.42082539285319048
0.79191498334491151 -0.46343108844107828
0.80850799027175324 -0.50175031775428536
0.82544753668439663 -0.53556246562218979
0.84274085994589265 -0.56465710623191323
0.86039534856923394 -0.58883671076145294
0.87841854537407604 -0.60791993363887875
0.89681815070937965 -0.62174551940948142
0.91560202574335536 -0.63017687487793295
0.93477819582212573 -0.63310731965031508
0.95435485389852415 -0.63046605596534866
0.97434036403250379 -0.62222487349563216
0.99474326496465870 -0.60840564466426261
1.01557227376436776 -0.58908867329925896
1.03683628955413121 -0.56442198643312835
1.05854439731169547 -0.53463170759300560
1.08070587175157473 -0.50003363653574839
1.10333018128763971 -0.46104622134918993
1.12642699207846886 -0.41820504017112542
1.15000617215718126 -0.37217892537616215
1.17407779564751369 -0.32378776876029625
1.19865214706796364 -0.27402180654804420
1.22373972572581047 -0.22397989419426606
1.24935125020290649 -0.17507680128002218
1.27549766293515887 -0.12879830032582040
1.30219013488764590 -0.08676119717575707
1.32944007032736966 -0.05076030088329284
1.35725911169569602 -0.02280952166475406
1.38565914458254658 -0.00518348677857263
1.41465230280446930 0.00000000000000000
1.44425097358878052 0.00000000000000000
1.47446780286595969 0.00000000000000000
1.50531570067257503 0.00000000000000000
1.53680784666706316 0.00000000000000000
1.56895769576068611 0.00000000000000000
1.60177898386609341 0.00000000000000000
1.63528573376595143 0.00000000000000000
1.66949226110412341 0.00000000000000000
1.70441318050198221 0.00000000000000000
1.74006341180245117 0.00000000000000000
1.77645818644446463 0.00000000000000000
1.81361305397054373 0.00000000000000000
1.85154388867028041 0.00000000000000000
1.89026689636258172 0.00000000000000000
1.92979862131954660 0.00000000000000000
1.97015595333494420 0.00000000000000000
2.01135613494032972 0.00000000000000000
2.05341676877185186 0.00000000000000000
2.09635582509091423 0.00000000000000000
2.14019164946191776 0.00000000000000000
2.18494297059033427 0.00000000000000000
2.23062890832447769 0.00000000000000000
2.27726898182440340 0.00000000000000000
2.32488311790139646 0.00000000000000000
2.37349165953162888 0.00000000000000000
2.42311537454763704 0.00000000000000000
2.47377546451130126 0.00000000000000000
2.52549357377213424 0.00000000000000000
2.57829179871476688 0.00000000000000000
2.63219269719954818 0.00000000000000000
2.68721929820030425 0.00000000000000000
2.74339511164340433 0.00000000000000000
2.80074413845228820 0.00000000000000000
2.85929088080177163 0.00000000000000000
2.91906035258652974 0.00000000000000000
2.98007809010819180 0.00000000000000000
3.04237016298562946 0.00000000000000000
3.10596318529312887 0.00000000000000000
3.17088432693115374 0.00000000000000000
3.23716132523458322 0.00000000000000000
3.30482249682341100 0.00000000000000000
3.37389674970091491 0.00000000000000000
3.44441359560449367 0.00000000000000000
3.51640316261447250 0.00000000000000000
3.58989620802620957 0.00000000000000000
3.66492413149105367 0.00000000000000000
3.74151898843172059 0.00000000000000000
3.81971350373788576 0.00000000000000000
3.89954108574776903 0.00000000000000000
3.98103584052172232 0.00000000000000000
4.06423258641394813 0.00000000000000000
4.14916686894851061 0.00000000000000000
4.23587497600602969 0.00000000000000000
4.32439395332757393 0.00000000000000000
4.41476162034231390 0.00000000000000000
4.50701658632573565 0.00000000000000000
4.60119826689533795 0.00000000000000000
4.69734690085081663 0.00000000000000000
4.79550356736593564 0.00000000000000000
4.89571020353948594 0.00000000000000000
4.99800962231275925 0.00000000000000000
5.10244553076121754 0.00000000000000000
5.20906254876821162 0.00000000000000000
5.31790622808866420 0.00000000000000000
5.42902307181088695 0.00000000000000000
5.54246055422489103 0.00000000000000000
5.65826714110560314 0.00000000000000000
5.77649231041968392 0.00000000000000000
5.89718657346485209 0.00000000000000000
6.02040149645064471 0.00000000000000000
6.14618972252989071 0.00000000000000000
6.27460499429034613 0.00000000000000000
6.40570217671601494 0.00000000000000000
6.53953728062801254 0.00000000000000000
6.67616748661502157 0.00000000000000000
6.81565116946349381 0.00000000000000000
6.95804792309805631 0.00000000000000000
7.10341858604284493 0.00000000000000000
7.25182526741453248 0.00000000000000000
7.40333137345825065 0.00000000000000000
7.55800163463766062 0.00000000000000000
7.71590213329086083 0.00000000000000000
7.87710033186382397 0.00000000000000000
8.04166510173346971 0.00000000000000000
8.20966675263276535 0.00000000000000000
8.38117706269029661 0.00000000000000000
8.55626930909724059 0.00000000000000000
8.73501829941473851 0.00000000000000000
8.91750040353525897 0.00000000000000000
9.10379358631131019 0.00000000000000000
9.29397744086567457 0.00000000000000000
9.48813322259729297 0.00000000000000000
9.68634388389737566 0.00000000000000000
9.88869410959045503 0.00000000000000000
10.09527035311579013 0.00000000000000000
10.30616087346423448 0.00000000000000000
10.52145577288660050 0.00000000000000000
10.74124703538954506 0.00000000000000000
10.96562856603540759 0.00000000000000000
11.19469623106285816 0.00000000000000000
11.42854789884533240 0.00000000000000000
11.66728348170507523 0.00000000000000000
11.91100497860026763 0.00000000000000000
12.15981651870374058 0.00000000000000000
12.41382440589181257 0.00000000000000000
12.67313716416228075 0.00000000000000000
12.93786558400082320 0.00000000000000000
13.20812276971600951 0.00000000000000000
13.48402418776261946 0.00000000000000000
13.76568771607432140 0.00000000000000000
14.05323369442660919 0.00000000000000000
14.34678497585159285 0.00000000000000000
14.64646697912642637 0.00000000000000000
14.95240774235820069 0.00000000000000000
15.26473797768768570 0.00000000000000000
15.58359112713567107 0.00000000000000000
15.90910341961560981 0.00000000000000000
16.24141392913698212 0.00000000000000000
16.58066463422407111 0.00000000000000000
16.92700047857598378 0.00000000000000000
17.28056943299321802 0.00000000000000000
17.64152255859771401 0.00000000000000000
18.01001407137320953 0.00000000000000000
18.38620140805350189 0.00000000000000000
18.77024529338665104 0.00000000000000000
19.16230980880423829 0.00000000000000000
19.56256246252448250 0.00000000000000000
19.97117426111959304 0.00000000000000000
20.38831978257771382 0.00000000000000000
20.81417725089083604 0.00000000000000000
21.24892861220021700 0.00000000000000000
21.69275961253247331 0.00000000000000000
22.14585987715879511 0.00000000000000000
22.60842299161170743 0.00000000000000000
23.08064658439384331 0.00000000000000000
23.56273241141403929 0.00000000000000000
24.05488644218689132 0.00000000000000000
24.55731894783235703 0.00000000000000000
25.07024459091362445 0.00000000000000000
25.59388251715077800 0.00000000000000000
26.12845644905011966 0.00000000000000000
26.67419478148881495 0.00000000000000000
27.23133067929587980 0.00000000000000000
27.80010217687086183 0.00000000000000000
28.38075227988350946 0.00000000000000000
28.97352906909691583 0.00000000000000000
29.57868580635921774 0.00000000000000000
30.19648104280886969 0.00000000000000000
30.82717872933974235 0.00000000000000000
31.47104832937306895 0.00000000000000000
32.12836493398505411 0.00000000000000000
32.79940937943840851 0.00000000000000000
33.48446836716868802 0.00000000000000000
34.18383458627654647 0.00000000000000000
34.89780683857816967 0.00000000000000000
35.62669016626711738 0.00000000000000000
36.37079598224287480 0.00000000000000000
37.13044220316074018 0.00000000000000000
37.90595338526069469 0.00000000000000000
38.69766086303287267 0.00000000000000000
39.50590289077923956 0.00000000000000000
40.33102478713124128 0.00000000000000000
41.17337908258645740 0.00000000000000000
42.03332567012575538 0.00000000000000000
42.91123195897637999 0.00000000000000000
43.80747303158632633 0.00000000000000000
44.72243180387707184 0.00000000000000000
45.65649918884280822 0.00000000000000000
46.61007426356708550 0.00000000000000000
47.58356443972689220 0.00000000000000000
48.57738563765792605 0.00000000000000000
49.59196246405512198 0.00000000000000000
50.62772839338443731 0.00000000000000000
51.68512595308339286 0.00000000000000000
52.76460691262906977 0.00000000000000000
53.86663247655557285 0.00000000000000000
54.99167348150173495 0.00000000000000000
56.14021059737457620 0.00000000000000000
57.31273453271381868 0.00000000000000000
58.50974624434557114 0.00000000000000000
59.73175715141398712 0.00000000000000000
60.97928935388394223 0.00000000000000000
62.25287585560608505 0.00000000000000000
63.55306079204091674 0.00000000000000000
64.88039966273889547 0.00000000000000000
66.23545956867580742 0.00000000000000000
67.61881945454416609 0.00000000000000000
69.03107035610615583 0.00000000000000000
70.47281565271107695 0.00000000000000000
71.94467132508729890 0.00000000000000000
73.44726621851781090 0.00000000000000000
74.98124231151247443 0.00000000000000000
76.54725499009046530 0.00000000000000000
78.14597332779257499 0.00000000000000000
