0 66351949.4081162512302
8.03691858821387852992e-06 18072823.4946135394275
1.62760838221359266386e-05 14043554.3462968114763
2.47225851779441107192e-05 12087409.521532330662
3.33816402069581300168e-05 10848161.5698537230492
4.22585977586117003788e-05 9961450.57999577000737
5.13589412845299808164e-05 9280459.45880986191332
6.06882922257539157967e-05 8732581.01608514040709
7.02524134852019062044e-05 8277045.97260595019907
8.00572129875159798967e-05 7888874.45227706804872
9.01087473284896585402e-05 7551750.09208752866834
0.000100413225516333108481 7254480.15751092229038
0.000110977012807085651338 6989082.91910198237747
0.000121806634636545795133 6749684.31386526301503
0.000132908780651146748303 6531847.04977408889681
0.000144290308840267557941 6332144.62045754864812
0.000155958249772533127714 6147880.8680209191516
0.000167919810938719159775 5976899.554797292687
0.000180182381203944797649 5817451.60311457607895
0.000192753535371903970443 5668100.36434187926352
0.000205641038863953212095 5527652.6401983005926
0.000218852852515948661247 5395107.55244098231196
0.000232397137495793035256 5269618.01451397594064
0.000246282260344731136238 5150461.29913463257253
0.000260516798145509344102 5037016.24252796731889
0.000275109543820588331453 4928745.39021499175578
0.000290069511563685296721 4825180.85889070481062
0.000305405942407998664927 4725913.03026841301471
0.000321128309934555510909 4630581.42755436338484
0.00033724632612420807256 4538867.29259035270661
0.000353769947356893704662 4450487.49991641845554
0.000370709380561864618436 4365189.52719901967794
0.000388075089522686288591 4282747.27952525019646
0.000405877801340899144709 4202957.58963467180729
0.000424128513062336175675 4125637.27925445884466
0.000442838498470190882438 4050620.66832282533869
0.000462019315049028676812 3977757.45889774523675
0.000481682811124048177332 3906910.92721770750359
0.000501841133179997678226 3837956.371430745814
0.00052250673336427073349 3770779.77341075614095
0.000543692377178815766138 3705276.64080012496561
0.000565411151365608345525 3641351.00095858518034
0.000587676471990560976739 3578914.52371750865132
0.00061050209273086082206 3517885.75386510556564
0.000633902113370855987105 3458189.43758486490697
0.000657890988511739211245 3399755.92926023714244
0.000682483536500406062948 3342520.66753449244425
0.000707694948583007855426 3286423.7112926649861
0.000733540798288848517987 3231409.32842007419094
0.00076003705105042601315 3177425.62912329239771
0.000787200074065558209543 3124424.23807720746845
0.000815046646407687185726 3072360.00325049972162
0.000843593969390605776838 3021190.73274183599278
0.000872859677194008686321 2970876.95983700500801
0.00090286184775643365738 2921381.7312525510788
0.000933619013942319311318 2872670.41587951593101
0.000965150174990079623774 2824710.53254313673824
0.000997474808248264037044 2777471.59406639868394
0.00103061288120705760521 2730924.96528449375182
0.00106458486383254513803 2685043.73577259667218
0.00109941174121136941641 2639802.60207312786952
0.00113511502651358398876 2595177.76219626050442
0.00117171677428171442867 2551146.81896811025217
0.00120923959405423394643 2507688.69116494245827
0.00124770666433187001586 2464783.53311716392636
0.0012871417468953690131 2422412.66117536881939
0.00132756920148356248775 2380558.48574169492349
0.00136901400084080268268 2339204.44930233852938
0.00141150174614306476994 2298334.96962231770158
0.00145505868281223769978 2257935.38760902266949
0.00149971171672838034759 2217991.91914758877829
0.00154548843084995296375 2178491.61080739228055
0.00159241710225229240495 2139422.29909591842443
0.0016405267195948561483 2100772.57286907592788
0.00168984700102802073117 2062531.73862041160464
0.00174040841255050410426 2024689.7883978469763
0.00179224218682874354529 1987237.37012325809337
0.00184538034248986023735 1950165.76009121257812
0.00189985570390012177382 1913466.83746328949928
0.00195570192144113065569 1877133.06059644534253
0.00201295349229624592063 1841157.44503260264173
0.00207164578176010109531 1805533.54300095839426
0.00213181504508436073589 1770255.4242966871243
0.00219349844987322493278 1735317.65840982715599
0.00225673409904250232144 1700715.29778734943829
0.00232156105435645356352 1666443.86211948795244
0.00238801936055691626029 1632499.32354886527173
0.00245615007009965030313 1598878.09270737622865
0.00252599526851314971215 1565577.00549182901159
0.00259759810039560633255 1532593.31049452139996
0.00267100279606609239749 1499924.6570098141674
0.00274625469888638631955 1467569.08354594418779
0.00282340029327036827478 1435525.00676906411536
0.00290248723339825431822 1403791.2108020237647
0.00298356437265340614443 1372366.83682468230836
0.00306668179379993152342 1341251.37291197269224
0.00315189083991966817813 1310444.64405053528026
0.00323924414612771502733 1279946.80227760714479
0.00332879567208605462239 1249758.31688811257482
0.00342060073533537265661 1219879.9646579711698
0.00351471604546568306207 1190312.82004571403377
0.00361119973914681476751 1161058.24533629720099
0.00371011141604046150791 1132117.88059542514384
0.00381151217561592889002 1103493.63346799672581
0.00391546465489233351531 1075187.66876959102228
0.00402203306713059920152 1047202.39782141544856
0.00413128324149909451068 1019540.46749764424749
0.00424328266373747136492 992204.749000420910306
0.00435810051784377670836 965198.32617401657626
0.0044758077288106134714 938524.483405207749456
0.00459647700643675723164 912186.693126005935483
0.00472018289024125382858 886188.602857780642807
0.0048470017955077960084 860534.021843421389349
0.00497701206048776611385 835226.9071047056932
0.00511029399479114802146 810271.348871455062181
0.00524692992899517506034 785671.555532032973133
0.00538700426550135520049 761431.838038789108396
0.00553060353067232664953 737556.593845842638984
0.00567781642828067787537 714050.290070479852147
0.00582873389430284011975 690917.44606079661753
0.00598344915309181272361 668162.61544170579873
0.00614205777496347211236 645790.367693282896653
0.00630465773523203668049 623805.269059578422457
0.0064713494747311132993 602211.862737986142747
0.00664223596185776598427 581014.648649117443711
0.00681742275617788860004 560218.062824483262375
0.006997018073632181763 539826.456230170326307
0.00718113285338304457861 519844.072925344342366
0.00736988082634361125339 500275.027967808069661
0.00756337858543134743811 481123.285142786276992
0.00776174565758951193889 462392.634204758447595
0.00796510457762102802581 444086.667721043108031
0.00817358096388040578084 426208.757936729758512
0.0083873035958703413828 408762.033744096232112
0.00860640449379110848704 391749.35725661215838
0.00883101900009172595396 375173.30050041625509
0.00906128586307333033778 359036.122534644091502
0.00929734732259646090569 343339.746843183471356
0.00953934919794506563928 328085.738725288771093
0.00978744097790165169803 313275.283443660940975
0.0100417759130890967001 298909.165271279460285
0.010302511110636229652 284987.746843131957576
0.01056980763122566426 271510.949417497962713
0.0108438305885837811549 258478.234527235268615
0.0111247492514743549774 245888.586632705235388
0.0114127371482588488294 233740.496737255132757
0.0117079721740878713726 222031.947841916058678
0.0120106367007901584237 210760.40214321386884
0.0123209176895267991797 199922.789390763908159
0.0126390068062804446919 189515.497446047666017
0.0129651005402506916409 179534.365221701096743
0.0132994003252289230699 169974.677171887713484
0.0136421126640274698039 160831.160221377009293
0.0139934492560399737632 152097.98359691130463
0.0143536271280118536003 143768.760675682686269
0.0147228687681014488303 135836.553408157575177
0.0151014022633148958102 128293.880042569624493
0.0154894614403994299728 121132.725265190281789
0.0158872860102822234529 114344.552969690266764
0.0162951217161440564674 107920.322570437507238
0.0167132204852191296185 101850.507971023733262
0.0171418405844149454587 96125.1191118619753979
0.0175812467798482675863 90733.7271145138220163
0.0180317105003957624254 85665.4920976952416822
0.0184935100053603591885 80909.1933780748368008
0.0189669305563569326467 76453.2631026613380527
0.0194522645935232864345 72285.8223035002010874
0.0199498119161655787512 68394.7189650336949853
0.0204598798679496360342 64767.5691191872392665
0.0209827835267524000218 61391.7998270463940571
0.0215188458992911051115 58254.6936091695533833
0.0220683981206501143857 55343.4352531327749602
0.0226317796588289370241 52645.1596927069331286
0.0232093385244374096621 50147.0005911092375754
0.0238014314856679759513 47836.1404139986552764
0.0244084242886777116888 45699.8605196388525655
0.0250306918835159590564 43725.5910635069158161
0.0256686186557376003203 41900.9612986589054344
0.0263225986638447664867 40213.8486736656996072
0.0269930358827035511704 38652.4267637337907217
0.0276803444530864008188 37205.2123509201628622
0.0283849489374940616715 35861.1100235415433417
0.0291072845824153492167 34609.4546004532894585
0.029847797587186333107 33440.0513856219185982
0.0306069453796155611924 32343.2127384521663771
0.0313851968985452561833 31309.7915082016770612
0.0321830328835228662854 30331.2110220711983857
0.0330009461717623645005 29399.4904133248637663
0.0338394420025784903316 28507.2659838435029087
0.0346990383294816934212 27647.8080406861445226
0.0355802661401272007913 26815.0324665841071692
0.0364836697843152826803 26003.5077205062298162
0.037409807310245776768 25208.4566201328416355
0.0383592508092339620762 24425.7527070080832345
0.039332586769101500479 23651.9117828696616925
0.0403304164364602715787 22884.0780812662596873
0.0413533561881127068038 22120.005355608795071
0.0424020379117986123685 21358.0333274265030923
0.0434771093965232446887 20597.0592480730592797
0.0445792347327079452324 19836.5051738596703217
0.0457090947224102553403 19076.2813006204305566
0.0468673872998672594314 18316.7454963407217292
0.0480548279626219210225 17558.6597499881208932
0.0492721502134981434451 16803.1438963137188694
0.0505201060136983848281 16051.6271055497236375
0.0517994662473033606886 15305.7978176743326912
0.0531110211974603202423 14567.5526114779477211
0.0544555810345549312634 13838.9446761481303838
0.0558339763166675606687 13122.1324847089617833
0.0572470585026237099857 12419.3293098511603603
0.058695700477954672325 11732.7542245774748153
0.060180797094094358457 11064.5851366877486726
0.0617032657211447482792 10416.9145433489429706
0.0632640468145511114528 9791.70848480246604595
0.0648641044960379525852 9190.76921569450678362
0.0665044271491639638061 8615.70214093728282023
0.0681860280298634269247 8067.88730375969043962
0.0699099458923524152976 7548.45584561851501348
0.0716772456307851746349 7058.27169702665923978
0.0734890189370581703443 6597.91861710862849577
0.0753463849751667968935 6167.69276026382158307
0.0772504910725326926491 5767.60071469234935648
0.0792025134287281801226 5397.36294406255365175
0.0812036578420347876506 5056.42245612096758123
0.0832551604542862422331 4743.95840803397277341
0.0853582885144546360534 4458.9043200429978242
0.0875143411614526384179 4199.97039670063441008
0.0897246502266336870557 3965.66952138109672887
0.0919905810564878440028 3754.34628779444938118
0.0943135333560402577824 3564.20842540291960177
0.0966949420534729819909 3393.36006491015496067
0.0991362781865054026875 3239.83598077857050157
0.101639049811080156571 3101.63622661486033394
0.104204802932915049918 2976.76047041208903465
0.106835122462498197105 2863.2411688078136649
0.109531633194114672025 2759.17512947407067259
0.112296000809510701512 2662.75267418768726202
0.115129932906813725602 2572.28379473512950426
0.118035180055345953476 2486.22095834359288347
0.121013536876981755985 2403.17790817104287271
0.124066843154716457964 2321.94429588672619502
0.127196984969132592669 2241.49596720824456497
0.130405895863465182138 2161.00066101920083383
0.133695558037984552069 2079.81934348569166104
0.137068003574436270142 1997.50318687863455125
0.140525315691293589682 1913.78641538347415008
0.144069630030598028192 1828.57543839925574503
0.147703135977182264948 1741.93456353597730413
0.151428078011091510335 1654.06885436196080263
0.155246757094038567715 1565.3046706533161796
0.159161532090747182 1476.06845489770103086
0.163174821226064359347 1386.86442843996201191
0.167289103578740522282 1298.2517930479871211
0.171506920612798763326 1210.8220800335561762
0.175830877747442354542 1125.1772115977832982
0.180263645966466962145 1041.90884094908074076
0.184807963468175046051 961.579454105983813861
0.189466637356807410253 884.705623512990541712
0.194242545376541286828 811.743802764765064239
0.199138637689123293439 743.078860744487542433
0.204157938696235219389 679.015538461538881165
0.20930354890772015497 619.772910902124976928
0.214578646856821153577 565.481785317877324815
0.21998649106361770067 516.184966982232936061
0.225530422047868994717 471.840169276347523919
0.23121386439251218059 432.325299698780327162
0.237040328859087351399 397.445802700237834415
0.243013414556395190846 366.943662925331409497
0.249136811163729848806 340.507674640408481537
0.25541430121005886944 317.784542148669345352
0.261849762410556075043 298.390423801136762449
0.268447170061934803353 281.922522040511182695
0.27521059949805765088 267.970388465951032231
0.282144228607342228976 256.126677991033545823
0.289252340413514275053 245.997047426457953634
0.296539325721307034378 237.208973181826479504
0.304009685828738607238 229.419187004049575762
0.311668035307640922671 222.319482467240902679
0.319519104854161906104 215.640841678068511555
0.327567744210999822752 209.155881727768843348
0.335818925163172965487 202.679777720194380208
0.344277744609178038004 196.069827790493974362
0.352949427709433771749 189.223793075846799638
0.361839331113954554286 182.077221874281860892
0.370952946271244532461 174.59992057992849368
0.380295902820462661253 166.791768843353338525
0.389873972068949581349 158.678096051033833191
0.3996930705572632192 150.304809123610596089
0.409759263713929899886 141.733480196926677763
0.420078769602166945951 133.036568738169592052
0.430657962760886248166 124.292934259377773287
0.44150337814235968148 115.583763295396465764
0.452621715148972869613 106.989001835558894982
0.464019841771564078847 98.584356717599959552
0.475704798831899811073 90.4388880509787895789
0.487683804331914771968 82.6132028988644151468
0.499964257912398402084 75.1582234968805522612
0.512553745423880102727 68.1144887651538226692
0.525460043612542837543 61.5119400156092765997
0.538691124924054354217 55.3701180780718331675
0.552255162428287760257 49.6987063243339406426
0.566160534867967024653 44.4983450674908525002
0.580415831834362960784 39.7616437813089760311
0.595029859073236688793 35.4743257842973775951
0.610011643924298185837 31.6164406230686907406
0.625370440897553558912 28.163590898534266671
0.641115737389979511995 25.088125006056380073
0.657257259546049965593 22.3602594402659065054
0.673804978265748144572 19.9491004057776777358
0.690769115363764174553 17.8235435056246522834
0.708160149883690248629 15.9530420654087130572
0.725988824571106361461 14.3082350713721311308
0.744266152509562295414 12.8614393241003845958
0.763003423923554580099 11.5870117691201226506
0.782212213152690405416 10.4615895688796474161
0.801904385801361918595 9.46422441210266285339
0.822092106068339045777 8.57642136679937650001
0.842787844260802776475 7.78209776862023527855
0.864004384497474853255 7.06747824555692716331
0.885754832605589625949 6.42093760264499202606
0.908052624216595161144 5.83280858552895509206
0.930911533065572727175 5.29516682192225474068
0.954345679499515320288 4.80160443938681869014
0.978369539199716919953 4.34700424190342715747
1.00299795212364228902 3.92732124029053286662
1.02824613167184142348 3.53937867604363853857
1.054129674085525048 3.18068316075591051018
1.0806645680806308274 2.84926111104530166429
1.10786720472434341289 2.54351863691703972137
1.13575438756013658015 2.2621247110551165882
1.16434334298760955306 2.00391688933639144921
1.19365173090354681484 1.76782833733770083917
1.22369765561073906568 1.55283385141798691009
1.25449967700131947979 1.35791265833554475329
1.28607682202154682827 1.18202543905047630091
1.31844859642507583608 1.02410285470260409291
1.35163499682199428342 0.883043226739690489957
1.38565652303109221322 0.757716956585187562112
1.42053419074295095292 0.646975575708656491791
1.45628954450169478818 0.549663747366793575821
1.49294467101344796589 0.464632568877925811179
1.53052221278966094076 0.390753069239333228335
1.56904538213380018163 0.326929007439064278628
1.60853797547998733641 0.272108196969137627885
1.64902438809246265627 0.225292096247779322082
1.69052962913498272535 0.185543330638337750083
1.73307933711940886923 0.15199108709461001121
1.77669979574305481052 0.123834535678831680894
1.82141795012460172565 0.100344289155998508956
1.86726142344856183009 0.0808622218205263532109
1.91425853402859069696 0.0647998729383391647296
1.96243831280022229535 0.051635638714658406434
2.01183052125377681563 0.0409111176895096545492
2.0624656698185410697 0.0322267769004118964649
2.11437503670961435276 0.0252371951225615932801
2.16759068724899695013 0.0196461136016688950323
2.22214549367288993764 0.0152014021040224722031
2.2780731554374722414 0.0116901350531842859043
2.33540822003561610032 0.00893386194509508159423
2.39418610433749989852 0.00678414022690525860687
2.45444311646821855533 0.00511841743504683980431
2.51621647823593219684 0.00383626486918370703319
2.57954434812445132508 0.00285599330974509180159
2.64446584486438762696 0.00211165402461866574813
2.71102107159746008591 0.0015503995091911365687
2.7792511406489368575 0.00113020016277985799365
2.84919819892341807943 0.000817883063236763199755
2.92090545393970479893 0.000587464202436078857493
2.99441720052086068904 0.000418749250167001099525
3.06977884815588897283 0.000296165692449205702943
3.14703694904994746295 0.000207800460278427767376
3.22623922688048914154 0.00014461411298485589514
3.30743460627699770171 9.98035420448751777649e-05
3.39067324304256434431 6.82918840444453556721e-05
3.47600655513604150926 4.63228450129562425498e-05
3.56348725443379166222 3.11412917709891836097e-05
3.65316937929071805513 2.07445661036636680452e-05
3.74510832792074399578 1.36901125116030491043e-05
3.8393608926172020368 8.94850395738353971396e-06
3.9359852948344724588 5.79214175059509573436e-06
4.03504122115237340296 3.71170933940041118104e-06
4.13658986014558038846 2.35425321135317997179e-06
4.24069394018092005183 1.47765349068695018624e-06
4.34741776816575598019 9.17535823499905012814e-07
4.45682726927146344309 5.63499365498596530542e-07
4.5689900276566044468 3.42190348657980554233e-07
4.68397532821482442955 2.05411683770389728379e-07
4.80185419937330770779 1.21854760701910029267e-07
4.92269945696833222115 7.14150085483335650674e-08
5.04658574922485403391 4.13364237932631497207e-08
5.17358960286799618444 2.36230120785825814033e-08
5.3037894703949897135 1.33245207295807294034e-08
5.43726577853663339823 7.41543220373698878254e-09
5.57410097793824999002 4.07040048525887022107e-09
5.71437959409096318808 2.20290819438640788474e-09
5.85818827954448906326 1.17505120529753136776e-09
6.0056158674339954473 6.17520445489845988825e-10
6.15675342635385280943 3.19605433608551440913e-10
6.31169431661226454366 1.62845328762302487667e-10
6.47053424790161990643 8.16500507475121596517e-11
6.63337133842000792328 4.02702760151540308654e-11
6.80030617548051186105 1.95288187058030008102e-11
6.97144187764581069189 9.30775732942834047444e-12
7.14688415842628810282 4.35821787117323505994e-12
7.32674139158106996206 2.00386884272028409512e-12
7.51112467806246364432 9.04348506042876806686e-13
7.70014791464491921147 4.00414646323060014265e-13
7.89392786428101178586 1.73852565651441308033e-13
8.0925842282280378015 7.39863484115840216406e-14
8.29623971998953457785 3.08461682958313761468e-14
8.50502014111750348491 1.25925292080438668159e-14
8.7190544589223115679 5.03121466927189865033e-15
8.93847488613801388624 1.96624659030992587192e-15
9.16341696259241444977 7.51255999658110478414e-16
9.39401963893249281057 2.80466416943444780858e-16
9.63042536245651881188 1.02249078291275611796e-16
9.87278016510634870428 3.63825211864146629025e-17
10.1212337536738559152 1.2627083777071822947e-17
10.3759396022773771051 4.27200874442817916675e-18
10.6370550471654539137 1.40806056579928953414e-18
10.9047413839061331231 4.51815143132694567223e-19
11.1791639670220011027 1.4105759540729612031e-19
11.4604923121326613966 4.28174711766490106431e-20
11.7489002006674461143 1.26274713984598927024e-20
12.0445657872131679511 3.61588140996419601197e-21
12.3476717095634445087 1.00449841129129939268e-21
12.6584052015371959499 2.7053464800808781537e-22
12.976958208636164116 7.05855777760353366659e-23
13.3035275066131379873 1.78248208613431025234e-23
13.6383148230237107867 4.35384269891118614329e-24
13.9815269618368365201 1.02766472417837056082e-24
14.3333759311814077364 2.34194623589347653561e-25
14.6940790743072060565 5.14924714739223701802e-26
15.0638592038417638008 1.09107064759883659675e-26
15.442944739425575662 2.22630715948865440694e-27
15.8315698488107763353 4.3705263625515164532e-28
16.2299745925108460654 8.24462214039465403066e-29
16.6384050720900802389 1.49356914891691140411e-29
17.0571135821847335023 2.59492105123255567564e-30
17.4863587663500013036 4.3194995535297284327e-31
17.9264057768285702821 6.88351490983546153143e-32
18.3775264383396930157 1.04843811047144558873e-32
18.839999415990241971 1.52532805014942073376e-33
19.314110387410924119 2.11691613647475213047e-34
19.8001522192242482845 2.79823918245282105349e-35
20.2984251479535195983 3.52132378786581221203e-36
20.8092369654841213844 4.21008282771540042897e-37
21.3329032091917909497 4.77790704625656080041e-38
21.8697473568558429236 5.14210182032520324675e-39
22.4201010264767290892 5.23529152716463820597e-40
22.984304181122535482 5.04180509886833480695e-41
23.5627053389299874198 4.58323612638147289066e-42
24.1556617883900734967 3.92547832579118586526e-43
24.7635398090516076763 3.16748159691467101045e-44
25.3867148977783969599 2.39982492158587209496e-45
26.0255720007000661553 1.70674470141127666867e-46
26.680505751000268333 1.13783276427007916281e-47
27.3519207126883578951 7.08486227744590769228e-49
28.0402316305055094858 4.12505356864569151922e-50
28.745863686120038949 0
29.4692527607694323422 0
30.2108457045116196582 0
30.9711006122523748729 0
31.7504871067183671585 0
32.5494866285511790238 0
33.3685927337018739536 0
34.2083113983090356669 0
35.0691613312487859844 0
35.9516742945508127605 0
36.8563954318765212292 0
37.7838836052642506047 0
38.7347117403478904407 0
39.7094671802628909063 0
40.7087520484587344072 0
41.7331836206409008128 0
42.783394706072655822 0
43.86003403847279003 0
44.9637666767495360887 0
46.0952744158188636447 0
47.2552562077615192493 0
48.4444285935777614327 0
49.6635261458069123819 0
50.9133019222861946673 0
52.1945279313274497213 0
53.5079956085998276194 0
54.8545163060141121036 0
56.2349217929081888201 0
57.6500647698461108348 0
59.1008193953459226577 0
60.5880818258622255712 0
62.1127707693583488435 0
63.6758280528079865235 0
65.2782192039777555692 0
66.9209340478513183825 0
68.6049873180611200496 0
70.3314192837067793107 0
72.1012963919481393305 0
73.9157119267679831864 0
75.775786684312208763 0
77.682669665225930089 0
