0.00000000000000000 -114.96189804928187073 719.06772770343900447
0.00000803691858821 -59.01971319222029422 369.15980035930078884
0.00001627608382214 -52.02193797267320718 325.38976714343493768
0.00002472258517794 -48.25891505851394214 301.85259438738546578
0.00003338164020696 -45.71417745830827783 285.93561447384689700
0.00004225859775861 -43.80210422678694471 273.97585775724235191
0.00005135894128453 -42.27447064092930873 264.42071540254312367
0.00006068829222575 -41.00373229824495525 256.47241580825254914
0.00007025241348520 -39.91602155880428171 249.66892758288943810
0.00008005721298752 -38.96488410218072573 243.71968563743018876
0.00009010874732849 -38.11928557051085420 238.43057450894383464
0.00010041322551633 -37.35750993553253352 233.66576353976708447
0.00011097701280709 -36.66379351365780082 229.32665313152108411
0.00012180663463655 -36.02634708373284411 225.33950337811074860
0.00013290878065115 -35.43613309791549426 221.64778569617456583
0.00014429030884027 -34.88607746919153385 218.20725266937247966
0.00015595824977253 -34.37054344544747408 214.98264720619974355
0.00016791981093872 -33.88496975166435732 211.94543917121904997
0.00018018238120394 -33.42561530341345133 209.07222860446142931
0.00019275353537190 -32.98937501629507096 206.34359363574850477
0.00020564103886395 -32.57364428497277942 203.74324282036232603
0.00021885285251595 -32.17621754217608299 201.25738064004215744
0.00023239713749579 -31.79521110796351024 198.87422493609184926
0.00024628226034473 -31.42900373758466870 196.58363504469767236
0.00026051679814551 -31.07619018957796087 194.37682137196577514
0.00027510954382059 -30.73554457142769181 192.24611612620017809
0.00029006951156369 -30.40599109491420293 190.18479039675867170
0.00030540594240800 -30.08658052053539933 188.18690681723995795
0.00032112830993456 -29.77647101794462259 186.24719985022670699
0.00033724632612421 -29.47491249121324230 184.36097774401622473
0.00035376994735689 -29.18123364581114032 182.52404163840614615
0.00037070938056186 -28.89483123414762744 180.73261829706851245
0.00038807508952269 -28.61516107586577107 178.98330394075404115
0.00040587780134090 -28.34173048718598409 177.27301689390017714
0.00042412851306234 -28.07409189078819267 175.59895761534161807
0.00044283849847019 -27.81183736957121866 173.95857463283812194
0.00046201931504903 -27.55459401633675043 172.34953545599955760
0.00048168281112405 -27.30201994086444373 170.76970160109814856
0.00050184113318000 -27.05380082484126447 169.21710704263279013
0.00052250673336427 -26.80964693782285124 167.68993954858271422
0.00054369237717882 -26.56929054324506012 166.18652445537034623
0.00056541115136561 -26.33248363459275510 164.70531050791123562
0.00058767647199056 -26.09899595274367812 163.24485745837438344
0.00061050209273086 -25.86861324389689543 161.80382516976484908
0.00063390211337086 -25.64113572442711941 160.38096401379920053
0.00065789098851174 -25.41637672335522069 158.97510637974443171
0.00068248353650041 -25.19416147849972631 157.58515914451064077
0.00070769494858301 -24.97432606614965067 156.21009697790015025
0.00073354079828885 -24.75671644921689207 154.84895638892984948
0.00076003705105043 -24.54118762520525365 153.50083039649302918
0.00078720007406556 -24.32760286138383776 152.16486374547181981
0.00081504664640769 -24.11583301408001034 150.84024864900541729
0.00084359396939061 -23.90575591051699433 149.52622092196730819
0.00087285967719401 -23.69725579580653729 148.22205652197729364
0.00090286184775643 -23.49022283293506064 146.92706842188152905
0.00093361901394232 -23.28455264974638794 145.64060377618824305
0.00096515017499008 -23.08014593017895777 144.36204136431084066
0.00099747480824826 -22.87690804331687033 143.09078927032985007
0.00103061288120706 -22.67474870461891356 141.82628276402479628
0.00106458486383255 -22.47358167256924588 140.56798240346356010
0.00109941174121137 -22.27332446653980114 139.31537227026788628
0.00113511502651358 -22.07389811472287278 138.06795839296435702
0.00117171677428171 -21.87522692290366777 136.82526730068681786
0.00120923959405423 -21.67723826154481515 135.58684469141735462
0.00124770666433187 -21.47986237380847996 134.35225423118964727
0.00128714174689537 -21.28303220032008269 133.12107645800961109
0.00132756920148356 -21.08668321725625106 131.89290776911678904
0.00136901400084080 -20.89075328950198340 130.66735950250262022
0.00141150174614306 -20.69518253677920328 129.44405709956367900
0.00145505868281224 -20.49991321163436098 128.22263934193136947
0.00149971171672838 -20.30488958749928585 127.00275765130994898
0.00154548843084995 -20.11005785683212466 125.78407545236424880
0.00159241710225229 -19.91536603864866706 124.56626759434394103
0.00164052671959486 -19.72076389451849465 123.34901982565480694
0.00168984700102802 -19.52620285242496934 122.13202831761834943
0.00174040841255050 -19.33163593795065438 120.91499923405162065
0.00179224218682874 -19.13701771231618665 119.69764834371595441
0.00184538034248986 -18.94230421678790677 118.47970067260247617
0.00189985570390012 -18.74745292308242028 117.26089019372841449
0.00195570192144113 -18.55242268945531592 116.04095955248885730
0.00201295349229625 -18.35717372211456677 114.81965982531549741
0.00207164578176010 -18.16166754166709296 113.59675030981756549
0.00213181504508436 -17.96586695433722625 112.37199834477328864
0.00219349844987322 -17.76973602772156724 111.14517915849721419
0.00225673409904250 -17.57324007086773676 109.91607574425495386
0.00232156105435645 -17.37634561848496162 108.68447876152391984
0.00238801936055692 -17.17902041911372635 107.45018646202035484
0.00245615007009965 -16.98123342709801875 106.21300463951327231
0.00252599526851315 -16.78295479821961678 104.97274660254646506
0.00259759810039561 -16.58415588886698089 103.72923316927207793
0.00267100279606609 -16.38480925862405257 102.48229268367860811
0.00274625469888639 -16.18488867618890836 101.23176105264924729
0.00282340029327037 -15.98436912852110581 99.97748180321957534
0.00290248723339825 -15.78322683309818864 98.71930615928576458
0.00298356437265341 -15.58143925324099577 97.45709313751221714
0.00306668179379993 -15.37898511642891997 96.19070966194487937
0.00315189083991967 -15.17584443553877982 94.92003069691625683
0.00323924414612772 -14.97199853294747207 93.64493939786731858
0.00332879567208605 -14.76743006744294817 92.36532727974088175
0.00342060073533537 -14.56212306389143052 91.08109440261999623
0.00351471604546568 -14.35606294565385355 89.79214957456824209
0.00361119973914681 -14.14923656974743515 88.49841057164672975
0.00371011141604046 -13.94163226440681669 87.19980437294650244
0.00381151217561593 -13.73323986927118234 85.89626741205309202
0.00391546465489233 -13.52405077812366940 84.58774584448261180
0.00402203306713060 -13.31405798410697727 83.27419583061389119
0.00413128324149909 -13.10325612739656620 81.95558383400059199
0.00424328266373747 -12.89164154547011698 80.63188693593146184
0.00435810051784378 -12.67921232537631582 79.30309316250477991
0.00447580772881061 -12.46596835823011240 77.96920182563907531
0.00459647700643676 -12.25191139604453561 76.63022387870839225
0.00472018289024125 -12.03704511072152528 75.28618228569264659
0.00484700179550780 -11.82137515539587724 73.93711240505749061
0.00497701206048777 -11.60490922755773013 72.58306238477008776
0.00511029399479115 -11.38765713375054034 71.22409356718165441
0.00524692992899518 -11.16963085635851272 69.86028090699184645
0.00538700426550136 -10.95084462220129851 68.49171340053058543
0.00553060353067233 -10.73131497315185001 67.11849452770815105
0.00567781642828068 -10.51106083756836718 65.74074269907173118
0.00582873389430284 -10.29010360308541827 64.35859171137808232
0.00598344915309181 -10.06846719088683173 62.97219121245007756
0.00614205777496347 -9.84617813148966903 61.58170717550051876
0.00630465773523204 -9.62326564110510851 60.18732237708101707
0.00647134947473111 -9.39976169816039686 58.78923687605516335
0.00664223596185777 -9.17570112080917255 57.38766849877131193
0.00681742275617789 -8.95112164526625165 55.98285332940995573
0.00699701807363218 -8.72606400396427873 54.57504619923503242
0.00718113285338304 -8.50057200278321368 53.16452117006469535
0.00736988082634361 -8.27469259843702254 51.75157201874408486
0.00756337858543135 -8.04847597583291474 50.33651272146526168
0.00776174565758951 -7.82197562376349964 48.91967792767923839
0.00796510457762103 -7.59524840870270879 47.50142342216646796
0.00817358096388041 -7.36835464763643877 46.08212658108882209
0.00838730359587034 -7.14135817958186347 44.66218681985836980
0.00860640449379111 -6.91432643327488794 43.24202601705737692
0.00883101900009173 -6.68733049215006847 41.82208892144137025
0.00906128586307333 -6.46044515694998012 40.40284354413233814
0.00929734732259646 -6.23374900454240422 38.98478152710932676
0.00953934919794507 -6.00732444105523111 37.56841847617356223
0.00978744097790165 -5.78125775114615159 36.15429426975167360
0.01004177591308910 -5.55563914292754468 34.74297334053654396
0.01030251111063623 -5.33056278533941530 33.33504490990324598
0.01056980763122566 -5.10612683908389364 31.93112318206359745
0.01084383058858378 -4.88243348174559788 30.53184750186137464
0.01112474925147435 -4.65958892451234252 29.13788246003381843
0.01141273714825885 -4.43770341913568256 27.74991793742680812
0.01170797217408787 -4.21689125709704538 26.36866910045547385
0.01201063670079016 -3.99727075937149223 24.99487633774878148
0.01232091768952680 -3.77896425333638719 23.62930511637827991
0.01263900680628044 -3.56209803933468949 22.27274577336332584
0.01296510054025069 -3.34680234626147133 20.92601323849818229
0.01329940032522892 -3.13321127175095038 19.58994666083250635
0.01364211266402747 -2.92146270890663917 18.26540895094870720
0.01399344925603997 -2.71169826003591918 16.95328624191428091
0.01435362712801185 -2.50406313274937897 15.65448723988164836
0.01472286876810145 -2.29870601919795492 14.36994246916213491
0.01510140226331490 -2.09577896004169695 13.10060342173291836
0.01548946144039943 -1.89543718856676069 11.84744158249963064
0.01588728601028222 -1.69783895454415967 10.61144732776151400
0.01629512171614406 -1.50314533042174903 9.39362871307519853
0.01671322048521913 -1.31151999539469055 8.19501012264228912
0.01714184058441495 -1.12312899601875271 7.01663077185342221
0.01758124677984827 -0.93814048682709494 5.85954308461865114
0.01803171050039576 -0.75672444659321647 4.72481091821621835
0.01849351000536036 -0.57905236835925800 3.61350762388033786
0.01896693055635693 -0.40529692753785529 2.52671397005620113
0.01945226459352329 -0.23563162376757385 1.46551590128572973
0.01994981191616558 -0.07023039460424911 0.43100212071201244
0.02045987986794964 0.09073279368861296 -0.57573847089896835
0.02098278352675240 0.24708438260621315 -1.55361950688191897
0.02151884589929111 0.39865168648568500 -2.50156006566767486
0.02206839812065011 0.54526337990962825 -3.41848772169084603
0.02263177965882894 0.68675001208285968 -4.30334176533214663
0.02320933852443741 0.82294454853810850 -5.15507659414279651
0.02380143148566798 0.95368293316825115 -5.97266523157879270
0.02440842428867771 1.07880467623693899 -6.75510300861761781
0.02503069188351596 1.19815346755335139 -7.50141140318924737
0.02566861865573760 1.31157780785163003 -8.21064199391896743
0.02632259866384477 1.41893166571192886 -8.88188057409398724
0.02699303588270355 1.52007515743919930 -9.51425140971663019
0.02768034445308640 1.61487524330761145 -10.10692160043494248
0.02838494893749406 1.70320644876666161 -10.65910559713299932
0.02910728458241535 1.78495160460738322 -11.17006983866034098
0.02984779758718633 1.86000259969236015 -11.63913746770566071
0.03060694537961556 1.92826115482110194 -12.06569317943476705
0.03138519689854526 1.98963960684895946 -12.44918813483585929
0.03218303288352287 2.04406169757467859 -12.78914490446371666
0.03300094617176236 2.09146337469465005 -13.08516248822619588
0.03383944200257849 2.13179358899654137 -13.33692131220653998
0.03469903832948169 2.16501508496128592 -13.54418818479568110
0.03558026614012720 2.19110518916469177 -13.70682123958252241
0.03648366978431528 2.21005657710879388 -13.82477474381378535
0.03740980731024578 2.22187801994552458 -13.89810378153481096
0.03835925080923396 2.22659511062751259 -13.92696880846141383
0.03933258676910150 2.22425094888735320 -13.91163994967643269
0.04033041643646027 2.21490679159694936 -13.85250108107161360
0.04135335618811271 2.19864266095362204 -13.75005364721616452
0.04240203791179861 2.17555789157038948 -13.60492009718841722
0.04347710939652324 2.14577162732003179 -13.41784700615042603
0.04457923473270795 2.10942325158340127 -13.18970778027658497
0.04570909472241026 2.06667273736347212 -12.92150486020714517
0.04686738729986726 2.01770092946368029 -12.61437149921372125
0.04805482796262192 1.96270973393633930 -12.26957296079961957
0.04927215021349814 1.90192221076653278 -11.88850711031689933
0.05052010601369838 1.83558257773431444 -11.47270445012437179
0.05179946624730336 1.76395609649209395 -11.02382741685715928
0.05311102119746032 1.68732884816565543 -10.54366898632043004
0.05445558103455493 1.60600739677554283 -10.03415057512959230
0.05583397631666756 1.52031831406513973 -9.49731907354857441
0.05724705850262371 1.43060758310022473 -8.93534311793828273
0.05869570047795467 1.33723986642201687 -8.35050851356884394
0.06018079709409436 1.24059762255050576 -7.74521270608354051
0.06170326572114475 1.14108009322107917 -7.12195844142034851
0.06326404681455111 1.03910213622122782 -6.48334645657102104
0.06486410449603795 0.93509290496748210 -5.83206720798407918
0.06650442714916396 0.82949439298173910 -5.17089175098206688
0.06818602802986343 0.72275981589683003 -4.50266159851964876
0.06990994589235242 0.61535185098388734 -3.83027768411682779
0.07167724563078517 0.50774074058914365 -3.15668846866069419
0.07348901893705817 0.40040224156928850 -2.48487707860386209
0.07534638497516680 0.29381545448927449 -1.81784768668828689
0.07725049107253269 0.18846052606916650 -1.15861109414372465
0.07920251342872818 0.08481622654506261 -0.51016952451304232
0.08120365784203479 -0.01664256036681098 0.12449913505664492
0.08325516045428624 -0.11544744700896617 0.74245772107496044
0.08535828851445464 -0.21113922452557848 1.34082664496700010
0.08751434116145264 -0.30327058871430906 1.91680101990941765
0.08972465022663369 -0.39140891303438119 2.46766808871271781
0.09199058105648784 -0.47513902586441398 2.99082468399494861
0.09431353335604026 -0.55406597649387246 3.48379462342738933
0.09669494205347298 -0.62781778060423754 3.94424598210545607
0.09913627818650540 -0.69604810444192688 4.37000798621485576
0.10163904981108016 -0.75843888677784166 4.75908752204582086
0.10420480293291505 -0.81470287756611692 5.10968512776229922
0.10683512246249820 -0.86458606587827969 5.42021029537322896
0.10953163319411467 -0.90786999185633610 5.68929604915342590
0.11229600080951070 -0.94437390654149656 5.91581257293427232
0.11512993290681373 -0.97395675180941887 6.09887971106286209
0.11803518005534595 -0.99651892934193487 6.23787814709585753
0.12101353687698176 -1.01200381634782355 6.33245899387167022
0.12406684315471646 -1.02039900119279991 6.38255162541904930
0.12719698496913259 -1.02173720763012255 6.38836955296345010
0.13040589586346518 -1.01609688961197442 6.35041423047473774
0.13369555803798455 -1.00360247483235332 6.26947665098912754
0.13706800357443627 -0.98442424059460654 6.14663662893127238
0.14052531569129359 -0.95877781491711223 5.98325972208575241
0.14406963003059803 -0.92692327851886158 5.78099163830776064
0.14770313597718226 -0.88916387517591544 5.54175017195130248
0.15142807801109151 -0.84584432306542223 5.26771462152726322
0.15524675709403857 -0.79734871900390669 4.96131263549124046
0.15916153209074718 -0.74409806753603980 4.62520468466563717
0.16317482122606436 -0.68654742106400213 4.26226607223854081
0.16728910357874052 -0.62518265662519912 3.87556663995843032
0.17150692061279876 -0.56051692327211988 3.46834838182168248
0.17583087774744235 -0.49308675068772001 3.04400090428915515
0.18026364596646696 -0.42344788071568173 2.60603511899523532
0.18480796346817505 -0.35217083933210991 2.15805527663284513
0.18946663735680741 -0.27983626822940844 1.70372946120457169
0.19424254537654129 -0.20703009710365375 1.24675905389236474
0.19913863768912329 -0.13433855962063854 0.79084718468490833
0.20415793869623522 -0.06234311884683448 0.33966658554508100
0.20930354890772015 0.00838462877456848 -0.10317271965846939
0.21457864685682115 0.07728805770507473 -0.53415580464763979
0.21998649106361770 0.14383052586654069 -0.94989467867692756
0.22553042204786899 0.20750025489616744 -1.34715931529800814
0.23121386439251218 0.26781502964351478 -1.72290756410694668
0.23704032885908735 0.32432660917194578 -2.07431326335372423
0.24301341455639519 0.37662481640394835 -2.39879234288992826
0.24913681116372985 0.42434120910565798 -2.69402630106624841
0.25541430121005887 0.46715224867567245 -2.95798252672273954
0.26184976241055608 0.50478194241258023 -3.18893131164700128
0.26844717006193480 0.53700391426779626 -3.38545926854166801
0.27521059949805765 0.56364296429049465 -3.54647953054152509
0.28214422860734223 0.58457621517704028 -3.67123934366897497
0.28925234041351428 0.59973392909554157 -3.75932556028597809
0.29653932572130703 0.60910002412938136 -3.81066819777480070
0.30400968582873861 0.61271214270426066 -3.82554111568551436
0.31166803530764092 0.61066106460876524 -3.80455850027892462
0.31951910485416191 0.60308933584726865 -3.74866634866239501
0.32756774421099982 0.59018913522993122 -3.65912909405037379
0.33581892516317297 0.57219950132689401 -3.53751214102970790
0.34427774460917804 0.54940303402438451 -3.38566102131367019
0.35294942770943377 0.52212217577294817 -3.20567782447779637
0.36183933111395455 0.49071511467175738 -2.99989516069583262
0.37095294627124453 0.45557135785668701 -2.77084795774823567
0.38029590282046266 0.41710703294414253 -2.52124345655252924
0.38987397206894958 0.37575994671045931 -2.25392958755072303
0.39969307055726322 0.33198450143617797 -1.97186236518900859
0.40975926371392990 0.28624653267025280 -1.67807270236930095
0.42007876960216695 0.23901813750979595 -1.37563308016200692
0.43065796276088625 0.19077260664143988 -1.06762479125038290
0.44150337814235968 0.14197948987377643 -0.75710594198686543
0.45262171514897287 0.09309987920828794 -0.44708074736363151
0.46401984177156408 0.04458196963184035 -0.14047050293761895
0.47570479883189981 -0.00314309368571345 0.15991371065909762
0.48768380433191477 -0.04966500468653418 0.45139609322721486
0.49996425791239840 -0.09459772144863998 0.73145895055524046
0.51255374542388010 -0.13758250863796292 0.99776315553998784
0.52546004361254284 -0.17829055282470788 1.24816594836445427
0.53869112492405435 -0.21642517757586108 1.48073623753953409
0.55225516242828776 -0.25172362703128204 1.69376718681255389
0.56616053486796702 -0.28395841803741517 1.88578607300975865
0.58041583183436296 -0.31293828095671039 2.05556152856724195
0.59502985907323669 -0.33850866876418606 2.20210801930157096
0.61001164392429819 -0.36055186351431251 2.32468772724926298
0.62537044089755356 -0.37898668756320453 2.42280986778569618
0.64111573738997951 -0.39376782792639037 2.49622747666348532
0.65725725954604997 -0.40488480439921742 2.54493184774593395
0.67380497826574814 -0.41236059225712207 2.56914467537085178
0.69076911536376417 -0.41624993027913565 2.56930808699948665
0.70816014988369025 -0.41663734287887577 2.54607273984870242
0.72598882457110636 -0.41363492004467528 2.50028425319746139
0.74426615250956230 -0.40737990792533624 2.43296830193728697
0.76300342392355458 -0.39803216927395879 2.34531473019855241
0.78221221315269041 -0.38577158803811618 2.23866113431873082
0.80190438580136192 -0.37079545797767322 2.11447612915629879
0.82209210606833905 -0.35331589772900612 1.97434253431149798
0.84278784426080278 -0.33355729888129060 1.81994049397309476
0.86400438449747485 -0.31175378446315960 1.65303036912301549
0.88575483260558963 -0.28814668655958453 1.47543547293936061
0.90805262421659516 -0.26298202273571314 1.28902453205274892
0.93091153306557273 -0.23650799039796166 1.09569402134431226
0.95434567949951532 -0.20897251968709721 0.89735066137231123
0.97836953919971692 -0.18062089686916805 0.69589416099545287
1.00299795212364229 -0.15169351614497137 0.49320060126845577
1.02824613167184142 -0.12242378401598099 0.29110662368176865
1.05412967408552505 -0.09303619377651569 0.09139453921084477
1.08066456808063083 -0.06374461460434168 -0.10422133148342942
1.10786720472434341 -0.03475078871474941 -0.29410713383739095
1.13575438756013658 -0.00624305850434577 -0.47672061640545438
1.16434334298760955 0.02160466448456570 -0.65062084131598963
1.19365173090354681 0.04863370503443282 -0.81447658327829242
1.22369765561073907 0.07470118865069306 -0.96707329978194123
1.25449967700131948 0.09968038331924138 -1.10731879845591896
1.28607682202154683 0.12346083171273961 -1.23424768965947584
1.31844859642507584 0.14594827711279507 -1.34702463259137040
1.35163499682199428 0.16706441328257232 -1.44494658448184277
1.38565652303109221 0.18674646862146929 -1.52744410921406204
1.42053419074295095 0.20494664563958226 -1.59408187629109310
1.45628954450169479 0.22163144062833040 -1.64455851298380096
1.49294467101344797 0.23678085830654053 -1.67870588257022990
1.53052221278966094 0.25038754632444760 -1.69648794086862331
1.56904538213380018 0.26245586699943602 -1.69799925878192015
1.60853797547998734 0.27300092594317948 -1.68346330214262374
1.64902438809246266 0.28204757452374446 -1.65323054313246942
1.69052962913498273 0.28962940209054350 -1.60777644817845222
1.73307933711940887 0.29578773430574123 -1.54769938452179701
1.77669979574305481 0.30057064617900270 -1.47371841694402228
1.82141795012460173 0.30403200636728467 -1.38667100508418684
1.86726142344856183 0.30623055824573420 -1.28751051894102364
1.91425853402859070 0.30722904480198965 -1.17730347672262692
1.96243831280022230 0.30709338889447929 -1.05722643193487276
2.01183052125377682 0.30589192507365498 -0.92856229172915883
2.06246566981854107 0.30369469218870399 -0.79269593584786535
2.11437503670961435 0.30057278714394214 -0.65110892152010014
2.16759068724899695 0.29659777468104076 -0.50537298288601273
2.22214549367288994 0.29184116133518567 -0.35714215752169187
2.27807315543747224 0.28637392376520970 -0.20814318875763593
2.33540822003561610 0.28026609128615693 -0.06016393863750440
2.39418610433749990 0.27358638369750660 0.08496041024995217
2.45444311646821856 0.26640189251073410 0.22536374209394050
2.51621647823593220 0.25877780955253177 0.35916813008545662
2.57954434812445133 0.25077719574208701 0.48450593239595940
2.64446584486438763 0.24246078316459799 0.59954507210513508
2.71102107159746009 0.23388681353893276 0.70251744434899688
2.77925114064893686 0.22511090196355135 0.79175055499153879
2.84919819892341808 0.21618592571420314 0.86570219093115963
2.92090545393970480 0.20716193614954562 0.92299777596308563
2.99441720052086069 0.19808608530939964 0.96247008821076374
3.06977884815588897 0.18900257014406585 0.98320053527616857
3.14703694904994746 0.17995258881645590 0.98456119630196404
3.22623922688048914 0.17097430689028428 0.96625656299271478
3.30743460627699770 0.16210283621787486 0.92836350167749715
3.39067324304256434 0.15337022219229779 0.87136798849274522
3.47600655513604151 0.14480544297144601 0.79619667178734110
3.56348725443379166 0.13643442221281774 0.70424117751721493
3.65316937929071806 0.12828005537770790 0.59737291895126077
3.74510832792074400 0.12036225472631329 0.47794583403513496
3.83936089261720204 0.11269801326839234 0.34878452493747808
3.93598529483447246 0.10530148959296247 0.21315510725345410
4.03504122115237340 0.09818411537053809 0.07471628699270152
4.13658986014558039 0.09135472375755151 -0.06255166575030081
4.24069394018092005 0.08481969827288360 -0.19444181004654734
4.34741776816575598 0.07858313896148444 -0.31664022234943501
4.45682726927146344 0.07264704229898143 -0.42487063258839131
4.56899002765660445 0.06701149051868885 -0.51506214310652598
4.68397532821482443 0.06167484544601270 -0.58353686254788062
4.80185419937330771 0.05663394228293029 -0.62721187540910350
4.92269945696833222 0.05188427798031096 -0.64380702182203986
5.04658574922485403 0.04742019094181220 -0.63204819624851183
5.17358960286799618 0.04323502788548068 -0.59185212814444910
5.30378947039498971 0.03932129543004701 -0.52447680457297696
5.43726577853663340 0.03567079584622105 -0.43262004375675250
5.57410097793824999 0.03227474517694016 -0.32044710103478879
5.71437959409096319 0.02912387584744093 -0.19352994047879696
5.85818827954448906 0.02620852501076960 -0.05868244325504957
6.00561586743399545 0.02351871023789665 0.07631891923414855
6.15675342635385281 0.02104419689915589 0.20313241418761607
6.31169431661226454 0.01877455847915999 0.31335988909162305
6.47053424790161991 0.01669923310047892 0.39914830981856297
6.63337133842000792 0.01480757890495892 0.45385206639692505
6.80030617548051186 0.01308892817512382 0.47270741685406586
6.97144187764581069 0.01153264259983980 0.45345863516653867
7.14688415842628810 0.01012816890408433 0.39686211337455851
7.32674139158106996 0.00886509401558882 0.30698834738241426
7.51112467806246364 0.00773320025724126 0.19124492505778853
7.70014791464491921 0.00672251789046736 0.06005288649156541
7.89392786428101179 0.00582337480362113 -0.07386344763756060
8.09258422822803780 0.00502644238965505 -0.19657608093246506
8.29623971998953458 0.00432277548108212 -0.29439133883945029
8.50502014111750348 0.00370384704456795 -0.35551432817538725
8.71905445892231157 0.00316157613852215 -0.37176156077757683
8.93847488613801389 0.00268834888312880 -0.34008414660632624
9.16341696259241445 0.00227703326087455 -0.26363021500701561
9.39401963893249281 0.00192098669604070 -0.15206756529550494
9.63042536245651881 0.00161405768142566 -0.02094327327213499
9.87278016510634870 0.00135058177746782 0.11003723824667601
10.12123375367385592 0.00112537198356149 0.21975554147164866
10.37593960227737711 0.00093370507149463 0.28917496176951751
10.63705504716545391 0.00077130382581649 0.30507440215006365
10.90474138390613312 0.00063431611472478 0.26330788445051001
11.17916396702200110 0.00051929182027189 0.17078117346570640
11.46049231213266140 0.00042315764001149 0.04539046970566310
11.74890020066744611 0.00034319094802422 -0.08653873764393441
12.04456578721316795 0.00027699304872698 -0.19527964516796043
12.34767170956344451 0.00022246214815220 -0.25448561425342558
12.65840520153719595 0.00017776686842514 -0.24831811678918778
12.97695820863616412 0.00014132029296612 -0.17699073219567044
13.30352750661313799 0.00011175502045363 -0.05872000038641013
13.63831482302371079 0.00008789952965469 0.07336628369502445
13.98152696183683652 0.00006875580933264 0.17956439611459149
14.33337593118140774 0.00005347861406718 0.22558833245142948
14.69407907430720606 0.00004135629642993 0.19485073079482715
15.06385920384176380 0.00003179323613955 0.09654053011292371
15.44294473942557566 0.00002429397400575 -0.03460676173606760
15.83156984881077634 0.00001844889399940 -0.14872064466505458
16.22997459251084607 0.00001392147393677 -0.19934157786148637
16.63840507209008024 0.00001043702394019 -0.16377442188966970
17.05711358218473350 0.00000777277326391 -0.05618708943346348
17.48635876635000130 0.00000574926757071 0.07459063875324427
17.92640577682857028 0.00000422292845881 0.16501398082063148
18.37752643833969302 0.00000307967366528 0.16796445174550720
18.83999941599024197 0.00000222950675884 0.08029831884064177
19.31411038741092412 0.00000160194313763 -0.05013773385134246
19.80015221922424828 0.00000114218996830 -0.14698491656583915
20.29842514795351960 0.00000080797801247 -0.14970173826813593
20.80923696548412138 0.00000056695029184 -0.05500156525589527
21.33290320919179095 0.00000039453625336 0.07424492417770996
21.86974735685584292 0.00000027222968821 0.14649592367265118
22.42010102647672909 0.00000018620778539 0.10700731097169826
22.98430418112253548 0.00000012623490854 -0.01494203324206023
23.56270533892998742 0.00000008479748751 -0.12071783058810159
24.15566178839007350 0.00000005642976119 -0.11954151820216025
24.76353980905160768 0.00000003719231357 -0.01116279526680208
25.38671489777839696 0.00000002427240801 0.10405007281569152
26.02557200070006616 0.00000001568121260 0.11318037341005015
26.68050575100026833 0.00000001002636102 0.00580294005503686
27.35192071268835790 0.00000000634292951 -0.10401923493681872
28.04023163050550949 0.00000000396920981 -0.09322709275202791
28.74586368612003895 0.00000000245621547 0.02643605216046408
29.46925276076943234 0.00000000150263890 0.10928733437458851
30.21084570451161966 0.00000000090854098 0.04930272643949401
30.97110061225237487 0.00000000054275846 -0.07414925913604935
31.75048710671836716 0.00000000032026543 -0.08948920616197498
32.54948662855117902 0.00000000018660382 0.02574659539986075
33.36859273370187395 0.00000000010732432 0.09723751980061834
34.20831139830903567 0.00000000006091204 0.01226784777182597
35.06916133124878598 0.00000000003410273 -0.08918432360038360
35.95167429455081276 0.00000000001882811 -0.03347244943948834
36.85639543187652123 0.00000000001024720 0.07930930984104645
37.78388360526425060 0.00000000000549573 0.03984115588994615
38.73471174034789044 0.00000000000290341 -0.07443570696745795
39.70946718026289091 0.00000000000151040 -0.03404935627657264
40.70875204845873441 0.00000000000077339 0.07497799276011317
41.73318362064090081 0.00000000000038964 0.01654454307144154
42.78339470607265582 0.00000000000019307 -0.07561861649025528
43.86003403847279003 0.00000000000009405 0.01262312945379212
44.96376667674953609 0.00000000000004502 0.06530920001230471
46.09527441581886364 0.00000000000002117 -0.04720370785767536
47.25525620776151925 0.00000000000000977 -0.03142582620816060
48.44442859357776143 0.00000000000000443 0.06637793428439705
49.66352614580691238 0.00000000000000197 -0.02385785271861241
50.91330192228619467 0.00000000000000086 -0.04023621620305701
52.19452793132744972 0.00000000000000037 0.06095909826535600
53.50799560859982762 0.00000000000000015 -0.02739227940817631
54.85451630601411210 0.00000000000000006 -0.02434722759655192
56.23492179290818882 0.00000000000000003 0.05434195003904074
57.65006476984611083 0.00000000000000001 -0.04842917723364869
59.10081939534592266 0.00000000000000000 0.01787567264456686
60.58808182586222557 0.00000000000000000 0.01693646842885110
62.11277076935834884 0.00000000000000000 -0.04089061410432380
63.67582805280798652 0.00000000000000000 0.04903895912247289
65.27821920397775557 0.00000000000000000 -0.04428107421847564
66.92093404785131838 0.00000000000000000 0.03256283447147675
68.60498731806112005 0.00000000000000000 -0.01916596719213652
70.33141928370677931 0.00000000000000000 0.00757952592652757
72.10129639194813933 0.00000000000000000 0.00065391002772096
73.91571192676798319 0.00000000000000000 -0.00530044001834357
75.77578668431220876 0.00000000000000000 0.00653118359477271
77.68266966522593009 0.00000000000000000 -0.00455712895040677
