0.00000000000000000 -0.00000000160712989 -0.00000000009385080
0.00000803691858821 -0.00019798999858987 -0.00001366018136075
0.00001627608382214 -0.00040096244786890 -0.00002766411981207
0.00002472258517794 -0.00060904290287104 -0.00004202047908459
0.00003338164020696 -0.00082235936924291 -0.00005673809741920
0.00004225859775861 -0.00104104391037371 -0.00007182608141783
0.00005135894128453 -0.00126523147044882 -0.00008729374433342
0.00006068829222575 -0.00149506084267218 -0.00010315065677043
0.00007025241348520 -0.00173067371969250 -0.00011940659894184
0.00008005721298752 -0.00197221575185051 -0.00013607161905787
0.00009010874732849 -0.00221983602791692 -0.00015315600421233
0.00010041322551633 -0.00247368761139203 -0.00017067031373381
0.00011097701280709 -0.00273392737141728 -0.00018862536992945
0.00012180663463655 -0.00300071597068315 -0.00020703225876086
0.00013290878065115 -0.00327421817163495 -0.00022590234855566
0.00014429030884027 -0.00355460303141462 -0.00024524730167229
0.00015595824977253 -0.00384204363440056 -0.00026507906138171
0.00016791981093872 -0.00413671762771053 -0.00028540988328201
0.00018018238120394 -0.00443880700748949 -0.00030625232471062
0.00019275353537190 -0.00474849832489833 -0.00032761925687267
0.00020564103886395 -0.00506598297013484 -0.00034952388370980
0.00021885285251595 -0.00539145700765425 -0.00037197973304807
0.00023239713749579 -0.00572512150073243 -0.00039500067705834
0.00024628226034473 -0.00606718253120052 -0.00041860093461565
0.00026051679814551 -0.00641785146873500 -0.00044279508786437
0.00027510954382059 -0.00677734484343862 -0.00046759807739953
0.00029006951156369 -0.00714588477768128 -0.00049302522767540
0.00030540594240800 -0.00752369887668071 -0.00051909224289818
0.00032112830993456 -0.00791102057188459 -0.00054581522743568
0.00033724632612421 -0.00830808908979653 -0.00057321068729402
0.00035376994735689 -0.00871514972308524 -0.00060129554590459
0.00037070938056186 -0.00913245389553616 -0.00063008715037567
0.00038807508952269 -0.00956025938089674 -0.00065960328576125
0.00040587780134090 -0.00999883045357917 -0.00068986218534096
0.00042412851306234 -0.01044843805124460 -0.00072088254173412
0.00044283849847019 -0.01090935986578840 -0.00075268351476476
0.00046201931504903 -0.01138188060878943 -0.00078528474799850
0.00048168281112405 -0.01186629220488179 -0.00081870638181186
0.00050184113318000 -0.01236289382837194 -0.00085296905862260
0.00052250673336427 -0.01287199229165706 -0.00088809394574248
0.00054369237717882 -0.01339390203073089 -0.00092410273812549
0.00056541115136561 -0.01392894546654062 -0.00096101768050514
0.00058767647199056 -0.01447745306501036 -0.00099886157374805
0.00061050209273086 -0.01503976368109132 -0.00103765779637003
0.00063390211337086 -0.01561622463382399 -0.00107743031194884
0.00065789098851174 -0.01620719205133613 -0.00111820369060465
0.00068248353650041 -0.01681303093317887 -0.00116000311601696
0.00070769494858301 -0.01743411553576244 -0.00120285440930236
0.00073354079828885 -0.01807082950345595 -0.00124678404003513
0.00076003705105043 -0.01872356614930333 -0.00129181914437737
0.00078720007406556 -0.01939272867642523 -0.00133798754109484
0.00081504664640769 -0.02007873041714879 -0.00138531774806271
0.00084359396939061 -0.02078199514086502 -0.00143383900264645
0.00087285967719401 -0.02150295724695117 -0.00148358127620608
0.00090286184775643 -0.02224206208571855 -0.00153457529536167
0.00093361901394232 -0.02299976620802583 -0.00158685255950925
0.00096515017499008 -0.02377653764568729 -0.00164044536042610
0.00099747480824826 -0.02457285622891481 -0.00169538680347429
0.00103061288120706 -0.02538921382780198 -0.00175171082526296
0.00106458486383255 -0.02622611473571984 -0.00180945221887093
0.00109941174121137 -0.02708407589403654 -0.00186864665068808
0.00113511502651358 -0.02796362727254989 -0.00192933068558279
0.00117171677428171 -0.02886531216903052 -0.00199154180822703
0.00120923959405423 -0.02978968756653678 -0.00205531844715197
0.00124770666433187 -0.03073732444260074 -0.00212069999690347
0.00128714174689537 -0.03170880815886484 -0.00218772684408096
0.00132756920148356 -0.03270473880005716 -0.00225644039132219
0.00136901400084080 -0.03372573154724627 -0.00232688308281110
0.00141150174614306 -0.03477241706909769 -0.00239909843114684
0.00145505868281224 -0.03584544189978573 -0.00247313104372115
0.00149971171672838 -0.03694546883803358 -0.00254902665016967
0.00154548843084995 -0.03807317737178627 -0.00262683213131287
0.00159241710225229 -0.03922926406731378 -0.00270659554669171
0.00164052671959486 -0.04041444303878180 -0.00278836616620537
0.00168984700102802 -0.04162944635681076 -0.00287219449891905
0.00174040841255050 -0.04287502451473169 -0.00295813232481304
0.00179224218682874 -0.04415194689022531 -0.00304623272696867
0.00184538034248986 -0.04546100221736959 -0.00313655012386000
0.00189985570390012 -0.04680299908284399 -0.00322914030368567
0.00195570192144113 -0.04817876640986808 -0.00332406045789120
0.00201295349229625 -0.04958915398398538 -0.00342136921725597
0.00207164578176010 -0.05103503296842432 -0.00352112668758560
0.00213181504508436 -0.05251729644930736 -0.00362339448719370
0.00219349844987322 -0.05403685998395569 -0.00372823578489666
0.00225673409904250 -0.05559466215801215 -0.00383571533838591
0.00232156105435645 -0.05719166517761399 -0.00394589953504878
0.00238801936055692 -0.05882885545999571 -0.00405885643272706
0.00245615007009965 -0.06050724423592177 -0.00417465580138430
0.00252599526851315 -0.06222786817874038 -0.00429336916640500
0.00259759810039561 -0.06399179004434236 -0.00441506985279251
0.00267100279606609 -0.06580009932985430 -0.00453983303051854
0.00274625469888639 -0.06765391293603272 -0.00466773576050647
0.00282340029327037 -0.06955437586377464 -0.00479885704242581
0.00290248723339825 -0.07150266192446628 -0.00493327786375683
0.00298356437265341 -0.07349997445516540 -0.00507108124924095
0.00306668179379993 -0.07554754706746913 -0.00521235231246881
0.00315189083991967 -0.07764664440301378 -0.00535717830807574
0.00323924414612772 -0.07979856292286000 -0.00550564868612689
0.00332879567208605 -0.08200463169799511 -0.00565785514673755
0.00342060073533537 -0.08426621322964721 -0.00581389169673937
0.00351471604546568 -0.08658470429905959 -0.00597385470811851
0.00361119973914681 -0.08896153682006687 -0.00613784297703674
0.00371011141604046 -0.09139817872027191 -0.00630595778463695
0.00381151217561593 -0.09389613485771417 -0.00647830296014279
0.00391546465489233 -0.09645694793267248 -0.00665498494399688
0.00402203306713060 -0.09908219945596160 -0.00683611285448235
0.00413128324149909 -0.10177351071007565 -0.00702179855422070
0.00424328266373747 -0.10453254375813886 -0.00721215671963332
0.00435810051784378 -0.10736100245776888 -0.00740730491113862
0.00447580772881061 -0.11026063352189842 -0.00760736364615282
0.00459647700643676 -0.11323322759023730 -0.00781245647310765
0.00472018289024125 -0.11628062032868948 -0.00802271004742228
0.00484700179550780 -0.11940469356707371 -0.00823825420990061
0.00497701206048777 -0.12260737645673558 -0.00845922206664326
0.00511029399479115 -0.12589064665046984 -0.00868575007063688
0.00524692992899518 -0.12925653153304681 -0.00891797810645793
0.00538700426550136 -0.13270710945897593 -0.00915604957589864
0.00553060353067233 -0.13624451103610258 -0.00940011148647177
0.00567781642828068 -0.13987092043618943 -0.00965031454193650
0.00582873389430284 -0.14358857673879491 -0.00990681323500291
0.00598344915309181 -0.14739977530918955 -0.01016976594248051
0.00614205777496347 -0.15130686920950684 -0.01043933502269699
0.00630465773523204 -0.15531227064079170 -0.01071568691512852
0.00647134947473111 -0.15941845243647593 -0.01099899224331291
0.00664223596185777 -0.16362794957123319 -0.01128942591924160
0.00681742275617789 -0.16794336072715241 -0.01158716725128989
0.00699701807363218 -0.17236734988258853 -0.01189240005410754
0.00718113285338304 -0.17690264795252528 -0.01220531276175071
0.00736988082634361 -0.18155205446415390 -0.01252609854341599
0.00756337858543135 -0.18631843927243530 -0.01285495542194780
0.00776174565758951 -0.19120474432586190 -0.01319208639569683
0.00796510457762103 -0.19621398546429314 -0.01353769956274739
0.00817358096388041 -0.20134925427275033 -0.01389200824890874
0.00838730359587034 -0.20661371996952588 -0.01425523113817329
0.00860640449379111 -0.21201063135948159 -0.01462759240749256
0.00883101900009173 -0.21754331880559075 -0.01500932186316159
0.00906128586307333 -0.22321519628323785 -0.01540065508256422
0.00929734732259646 -0.22902976345943182 -0.01580183355787072
0.00953934919794507 -0.23499060783354034 -0.01621310484395461
0.00978744097790165 -0.24110140693088850 -0.01663472270991583
0.01004177591308910 -0.24736593054945169 -0.01706694729432782
0.01030251111063623 -0.25378804305635655 -0.01751004526395743
0.01056980763122566 -0.26037170575002938 -0.01796428997697844
0.01084383058858378 -0.26712097927108325 -0.01842996164960798
0.01112474925147435 -0.27404002607689282 -0.01890734752716688
0.01141273714825885 -0.28113311297522631 -0.01939674205919916
0.01170797217408787 -0.28840461372047671 -0.01989844707894673
0.01201063670079016 -0.29585901166920092 -0.02041277198700619
0.01232091768952680 -0.30350090250390549 -0.02094003393963532
0.01263900680628044 -0.31133499702136747 -0.02148055804159113
0.01296510054025069 -0.31936612398705855 -0.02203467754356695
0.01329940032522892 -0.32759923306074135 -0.02260273404454253
0.01364211266402747 -0.33603939778695557 -0.02318507769872528
0.01399344925603997 -0.34469181866450505 -0.02378206742788525
0.01435362712801185 -0.35356182628130139 -0.02439407113835304
0.01472286876810145 -0.36265488453171013 -0.02502146594364496
0.01510140226331490 -0.37197659390192983 -0.02566463839197216
0.01548946144039943 -0.38153269484017760 -0.02632398469952263
0.01588728601028222 -0.39132907120128407 -0.02699991098905507
0.01629512171614406 -0.40137175377554962 -0.02769283353429777
0.01671322048521913 -0.41166692389711934 -0.02840317900994830
0.01714184058441495 -0.42222091713755400 -0.02913138474763824
0.01758124677984827 -0.43304022708724849 -0.02987789899798702
0.01803171050039576 -0.44413150921987388 -0.03064318119855353
0.01849351000536036 -0.45550158484853681 -0.03142770224815986
0.01896693055635693 -0.46715744517160090 -0.03223194478754794
0.01945226459352329 -0.47910625541045204 -0.03305640348644302
0.01994981191616558 -0.49135535904029015 -0.03390158533723221
0.02045987986794964 -0.50391228211449390 -0.03476800995519192
0.02098278352675240 -0.51678473769135957 -0.03565620988589178
0.02151884589929111 -0.52998063035001275 -0.03656673091899259
0.02206839812065011 -0.54350806081319070 -0.03750013240951182
0.02263177965882894 -0.55737533066675249 -0.03845698760597630
0.02320933852443741 -0.57159094718193260 -0.03943788398586566
0.02380143148566798 -0.58616362824225388 -0.04044342359846601
0.02440842428867771 -0.60110230737399395 -0.04147422341511888
0.02503069188351596 -0.61641613888284663 -0.04253091568701190
0.02566861865573760 -0.63211450309527129 -0.04361414831050982
0.02632259866384477 -0.64820701171200679 -0.04472458520043862
0.02699303588270355 -0.66470351326439470 -0.04586290667084510
0.02768034445308640 -0.68161409868538980 -0.04702980982393026
0.02838494893749406 -0.69894910698651103 -0.04822600894669792
0.02910728458241535 -0.71671913104649010 -0.04945223591566977
0.02984779758718633 -0.73493502351012963 -0.05070924060962986
0.03060694537961556 -0.75360790279750911 -0.05199779133042768
0.03138519689854526 -0.77274915922418308 -0.05331867523190272
0.03218303288352287 -0.79237046122996135 -0.05467269875684053
0.03300094617176236 -0.81248376171855896 -0.05606068808211912
0.03383944200257849 -0.83310130450347375 -0.05748348957180982
0.03469903832948169 -0.85423563086277343 -0.05894197023841120
0.03558026614012720 -0.87589958619964725 -0.06043701821207827
0.03648366978431528 -0.89810632680291314 -0.06196954321754825
0.03740980731024578 -0.92086932671406385 -0.06354047705915061
0.03835925080923396 -0.94420238468834117 -0.06515077411324267
0.03933258676910150 -0.96811963125184608 -0.06680141182818840
0.04033041643646027 -0.99263553585160036 -0.06849339123174669
0.04135335618811271 -1.01776491409028269 -0.07022773744542010
0.04240203791179861 -1.04352293504285787 -0.07200550020562897
0.04347710939652324 -1.06992512865123013 -0.07382775439150693
0.04457923473270795 -1.09698739318529337 -0.07569560055868896
0.04570909472241026 -1.12472600276876777 -0.07761016547899777
0.04686738729986726 -1.15315761495760216 -0.07957260268537687
0.04805482796262192 -1.18229927836372717 -0.08158409302163627
0.04927215021349814 -1.21216844031328264 -0.08364584519643543
0.05052010601369838 -1.24278295452752996 -0.08575909634081492
0.05179946624730336 -1.27416108881584522 -0.08792511256867820
0.05311102119746032 -1.30632153276368013 -0.09014518953926270
0.05445558103455493 -1.33928340540336821 -0.09242065302087743
0.05583397631666756 -1.37306626284843003 -0.09475285945481585
0.05724705850262371 -1.40769010587330845 -0.09714319651838348
0.05869570047795467 -1.44317538741938711 -0.09959308368593385
0.06018079709409436 -1.47954302000214200 -0.10210397278643921
0.06170326572114475 -1.51681438299707683 -0.10467734855629621
0.06326404681455111 -1.55501132977658463 -0.10731472918572017
0.06486410449603795 -1.59415619466599168 -0.11001766685688155
0.06650442714916396 -1.63427179969082559 -0.11278774827209984
0.06818602802986343 -1.67538146107530483 -0.11562659516976484
0.06990994589235242 -1.71750899545589175 -0.11853586482582217
0.07167724563078517 -1.76067872576736395 -0.12151725053829360
0.07348901893705817 -1.80491548675465774 -0.12457248209207074
0.07534638497516680 -1.85024463006105822 -0.12770332620100902
0.07725049107253269 -1.89669202883781907 -0.13091158692406751
0.07920251342872818 -1.94428408181625878 -0.13419910605195121
0.08120365784203479 -1.99304771677669268 -0.13756776346033564
0.08325516045428624 -2.04301039334545509 -0.14101947742554397
0.08535828851445464 -2.09420010504200826 -0.14455620489799764
0.08751434116145264 -2.14664538049517040 -0.14817994172856955
0.08972465022663369 -2.20037528373597091 -0.15189272284227398
0.09199058105648784 -2.25541941347195385 -0.15569662235355333
0.09431353335604026 -2.31180790123508650 -0.15959375361666342
0.09669494205347298 -2.36957140828842228 -0.16358626920421443
0.09913627818650540 -2.42874112116798191 -0.16767636080640150
0.10163904981108016 -2.48934874572281251 -0.17186625904263922
0.10420480293291505 -2.55142649950750977 -0.17615823317676985
0.10683512246249820 -2.61500710236843625 -0.18055459072622104
0.10953163319411467 -2.68012376505078809 -0.18505767695463615
0.11229600080951070 -2.74681017564026364 -0.18966987423665974
0.11512993290681373 -2.81510048363716558 -0.19439360128260508
0.11803518005534595 -2.88502928144452886 -0.19923131220971149
0.12101353687698176 -2.95663158303267970 -0.20418549544554726
0.12406684315471646 -3.02994279952452805 -0.20925867244797422
0.12719698496913259 -3.10499871142361172 -0.21445339622473966
0.13040589586346518 -3.18183543718473461 -0.21977224963439521
0.13369555803798455 -3.26048939780212832 -0.22521784344869450
0.13706800357443627 -3.34099727706401017 -0.23079281415502931
0.14052531569129359 -3.42339597709270116 -0.23649982147564219
0.14406963003059803 -3.50772256875976352 -0.24234154557848162
0.14770313597718226 -3.59401423653060004 -0.24832068395246293
0.15142807801109151 -3.68230821725939261 -0.25443994791777019
0.15524675709403857 -3.77264173241222878 -0.26070205873920221
0.15916153209074718 -3.86505191315923069 -0.26710974330828113
0.16317482122606436 -3.95957571772724393 -0.27366572935676020
0.16728910357874052 -4.05624984035694514 -0.28037274016123931
0.17150692061279876 -4.15511061115804470 -0.28723348869548126
0.17583087774744235 -4.25619388609373672 -0.29425067118310905
0.18026364596646696 -4.35953492627218786 -0.30142696000008440
0.18480796346817505 -4.46516826565089264 -0.30876499587187084
0.18946663735680741 -4.57312756619000638 -0.31626737930581261
0.19424254537654129 -4.68344545942064006 -0.32393666119494885
0.19913863768912329 -4.79615337330266378 -0.33177533252369529
0.20415793869623522 -4.91128134316697817 -0.33978581310087347
0.20930354890772015 -5.02885780544206185 -0.34797043923964893
0.21457864685682115 -5.14890937275767691 -0.35633145029710017
0.21998649106361770 -5.27146058892088121 -0.36487097398014029
0.22553042204786899 -5.39653366213778884 -0.37359101031673608
0.23121386439251218 -5.52414817472932640 -0.38249341418344440
0.23704032885908735 -5.65432076747131962 -0.39157987627295021
0.24301341455639519 -5.78706479653262296 -0.40085190237515783
0.24913681116372985 -5.92238996085074643 -0.41031079083693023
0.25541430121005887 -6.06030189762817972 -0.41995760805567744
0.26184976241055608 -6.20080174345425394 -0.42979316185025973
0.26844717006193480 -6.34388565840557828 -0.43981797254324806
0.27521059949805765 -6.48954431028061496 -0.45003224157559713
0.28214422860734223 -6.63776231593697297 -0.46043581746247414
0.28925234041351428 -6.78851763651818541 -0.47102815888759608
0.29653932572130703 -6.94178092313297146 -0.48180829471801523
0.30400968582873861 -7.09751480936168555 -0.49277478070915537
0.31166803530764092 -7.25567314674956876 -0.50392565265566691
0.31951910485416191 -7.41620017923048014 -0.51525837572810240
0.32756774421099982 -7.57902965223105074 -0.52676978972316302
0.33581892516317297 -7.74408385199051441 -0.53845604993940077
0.34427774460917804 -7.91127257045828891 -0.55031256337726164
0.35294942770943377 -8.08049199093884063 -0.56233391994966231
0.36183933111395455 -8.25162348952748737 -0.57451381837662407
0.37095294627124453 -8.42453234726023759 -0.58684498642843208
0.38029590282046266 -8.59906636779237488 -0.59931909517184101
0.38987397206894958 -8.77505439549873145 -0.61192666687202069
0.39969307055726322 -8.95230472881914174 -0.62465697619756611
0.40975926371392990 -9.13060342389333890 -0.63749794438134733
0.42007876960216695 -9.30971248385694494 -0.65043602600351658
0.43065796276088625 -9.48936792928735429 -0.66345608806737466
0.44150337814235968 -9.66927774622154246 -0.67654128108174172
0.45262171514897287 -9.84911970865406872 -0.68967290188910446
0.46401984177156408 -10.02853907329193817 -0.70283024802206695
0.47570479883189981 -10.20714614623389771 -0.71599046346832906
0.48768380433191477 -10.38451372190627708 -0.72912837576266853
0.49996425791239840 -10.56017439731435026 -0.74221632446806507
0.51255374542388010 -10.73361776728068406 -0.75522398125196388
0.52546004361254284 -10.90428750799050128 -0.76811816185697168
0.53869112492405435 -11.07157836194709510 -0.78086263058067307
0.55225516242828776 -11.23483304005556072 -0.79341789803164509
0.56616053486796702 -11.39333906169733446 -0.80574101321609048
0.58041583183436296 -11.54632556245698005 -0.81778535150321086
0.59502985907323669 -11.69296010189592039 -0.82950040018314553
0.61001164392429819 -11.83234551627492870 -0.84083154403513505
0.62537044089755356 -11.96351687060305302 -0.85171985387184312
0.64111573738997951 -12.08543857075993699 -0.86210188140050337
0.65725725954604997 -12.19700171869470751 -0.87190946501078670
0.67380497826574814 -12.29702180021185498 -0.88106955149728661
0.69076911536376417 -12.38423681370239748 -0.88950403981452331
0.70816014988369025 -12.45730597614306845 -0.89712965458526472
0.72598882457110636 -12.51480914660105270 -0.90385785734777724
0.74426615250956230 -12.55524714908759165 -0.90959480593997100
0.76300342392355458 -12.57704319725705133 -0.91424137366133340
0.78221221315269041 -12.57854563738350784 -0.91769324070882774
0.80190438580136192 -12.55803228884806089 -0.91984107406388016
0.82209210606833905 -12.51371666027121066 -0.92057081203589297
0.84278784426080278 -12.44375636748316438 -0.91976407252896186
0.86400438449747485 -12.34626413659832700 -0.91729870752849985
0.88575483260558963 -12.21932175393051345 -0.91304952518652893
0.90805262421659516 -12.06099742176069611 -0.90688920669224460
0.93091153306557273 -11.86936697693787934 -0.89868944520420113
0.95434567949951532 -11.64253942370435979 -0.88832233399623617
0.97836953919971692 -11.37868733837154700 -0.87566203747060412
1.00299795212364229 -11.07608260013141077 -0.86058677295274155
1.02824613167184142 -10.73313795552854799 -0.84298113466947555
1.05412967408552505 -10.34845492704754299 -0.82273879199238675
1.08066456808063083 -9.92087838330106564 -0.79976558313312995
1.10786720472434341 -9.44955817645741547 -0.77398303138332358
1.13575438756013658 -8.93401800459987783 -0.74533229710279492
1.16434334298760955 -8.37423145627135135 -0.71377856758637459
1.19365173090354681 -7.77070513186709455 -0.67931588448601732
1.22369765561073907 -7.12456819124132146 -0.64197237706395482
1.25449967700131948 -6.43766748695586966 -0.60181585975729257
1.28607682202154683 -5.71266696585110001 -0.55895972592565391
1.31844859642507584 -4.95314929270803095 -0.51356902737431898
1.35163499682199428 -4.16371728650175577 -0.46586661023619624
1.38565652303109221 -3.35009177370509725 -0.41613912042605306
1.42053419074295095 -2.51920172074137971 -0.36474264928846289
1.45628954450169479 -1.67926166372436425 -0.31210774292122895
1.49294467101344797 -0.83983031792765572 -0.25874343055133436
1.53052221278966094 -0.01184343711089030 -0.20523988176001609
1.56904538213380018 0.79238715997650067 -0.15226923437474668
1.60853797547998734 1.55921712581500627 -0.10058409343710729
1.64902438809246266 2.27376537446473082 -0.05101314717505003
1.69052962913498273 2.92007203294916673 -0.00445332633763059
1.73307933711940887 3.48132826135738105 0.03814205911793050
1.77669979574305481 3.94018776225530676 0.07577978262635593
1.82141795012460173 4.27916793616795488 0.10744822492669248
1.86726142344856183 4.48170995577823739 0.13216214985965058
1.91425853402859070 4.56210374828120191 0.15000055089450615
1.96243831280022230 4.53395950565356642 0.16128226100233731
2.01183052125377682 4.39863884305895514 0.16603638990114658
2.06246566981854107 4.16022443851590751 0.16444331387555267
2.11437503670961435 3.82566493279353903 0.15684534777942738
2.16759068724899695 3.40492609522651257 0.14375611704397681
2.22214549367288994 2.91105600571794554 0.12586517109952733
2.27807315543747224 2.36014092906941908 0.10403652654995693
2.33540822003561610 1.77112719468557667 0.07929973512596730
2.39418610433749990 1.16548704861235342 0.05283220298042496
2.45444311646821856 0.56687343641880583 0.02593918662940298
2.51621647823593220 0.00000000000000000 0.00000000000000000
2.57954434812445133 0.00000000000000000 0.00000000000000000
2.64446584486438763 0.00000000000000000 0.00000000000000000
2.71102107159746009 0.00000000000000000 0.00000000000000000
2.77925114064893686 0.00000000000000000 0.00000000000000000
2.84919819892341808 0.00000000000000000 0.00000000000000000
2.92090545393970480 0.00000000000000000 0.00000000000000000
2.99441720052086069 0.00000000000000000 0.00000000000000000
3.06977884815588897 0.00000000000000000 0.00000000000000000
3.14703694904994746 0.00000000000000000 0.00000000000000000
3.22623922688048914 0.00000000000000000 0.00000000000000000
3.30743460627699770 0.00000000000000000 0.00000000000000000
3.39067324304256434 0.00000000000000000 0.00000000000000000
3.47600655513604151 0.00000000000000000 0.00000000000000000
3.56348725443379166 0.00000000000000000 0.00000000000000000
3.65316937929071806 0.00000000000000000 0.00000000000000000
3.74510832792074400 0.00000000000000000 0.00000000000000000
3.83936089261720204 0.00000000000000000 0.00000000000000000
3.93598529483447246 0.00000000000000000 0.00000000000000000
4.03504122115237340 0.00000000000000000 0.00000000000000000
4.13658986014558039 0.00000000000000000 0.00000000000000000
4.24069394018092005 0.00000000000000000 0.00000000000000000
4.34741776816575598 0.00000000000000000 0.00000000000000000
4.45682726927146344 0.00000000000000000 0.00000000000000000
4.56899002765660445 0.00000000000000000 0.00000000000000000
4.68397532821482443 0.00000000000000000 0.00000000000000000
4.80185419937330771 0.00000000000000000 0.00000000000000000
4.92269945696833222 0.00000000000000000 0.00000000000000000
5.04658574922485403 0.00000000000000000 0.00000000000000000
5.17358960286799618 0.00000000000000000 0.00000000000000000
5.30378947039498971 0.00000000000000000 0.00000000000000000
5.43726577853663340 0.00000000000000000 0.00000000000000000
5.57410097793824999 0.00000000000000000 0.00000000000000000
5.71437959409096319 0.00000000000000000 0.00000000000000000
5.85818827954448906 0.00000000000000000 0.00000000000000000
6.00561586743399545 0.00000000000000000 0.00000000000000000
6.15675342635385281 0.00000000000000000 0.00000000000000000
6.31169431661226454 0.00000000000000000 0.00000000000000000
6.47053424790161991 0.00000000000000000 0.00000000000000000
6.63337133842000792 0.00000000000000000 0.00000000000000000
6.80030617548051186 0.00000000000000000 0.00000000000000000
6.97144187764581069 0.00000000000000000 0.00000000000000000
7.14688415842628810 0.00000000000000000 0.00000000000000000
7.32674139158106996 0.00000000000000000 0.00000000000000000
7.51112467806246364 0.00000000000000000 0.00000000000000000
7.70014791464491921 0.00000000000000000 0.00000000000000000
7.89392786428101179 0.00000000000000000 0.00000000000000000
8.09258422822803780 0.00000000000000000 0.00000000000000000
8.29623971998953458 0.00000000000000000 0.00000000000000000
8.50502014111750348 0.00000000000000000 0.00000000000000000
8.71905445892231157 0.00000000000000000 0.00000000000000000
8.93847488613801389 0.00000000000000000 0.00000000000000000
9.16341696259241445 0.00000000000000000 0.00000000000000000
9.39401963893249281 0.00000000000000000 0.00000000000000000
9.63042536245651881 0.00000000000000000 0.00000000000000000
9.87278016510634870 0.00000000000000000 0.00000000000000000
10.12123375367385592 0.00000000000000000 0.00000000000000000
10.37593960227737711 0.00000000000000000 0.00000000000000000
10.63705504716545391 0.00000000000000000 0.00000000000000000
10.90474138390613312 0.00000000000000000 0.00000000000000000
11.17916396702200110 0.00000000000000000 0.00000000000000000
11.46049231213266140 0.00000000000000000 0.00000000000000000
11.74890020066744611 0.00000000000000000 0.00000000000000000
12.04456578721316795 0.00000000000000000 0.00000000000000000
12.34767170956344451 0.00000000000000000 0.00000000000000000
12.65840520153719595 0.00000000000000000 0.00000000000000000
12.97695820863616412 0.00000000000000000 0.00000000000000000
13.30352750661313799 0.00000000000000000 0.00000000000000000
13.63831482302371079 0.00000000000000000 0.00000000000000000
13.98152696183683652 0.00000000000000000 0.00000000000000000
14.33337593118140774 0.00000000000000000 0.00000000000000000
14.69407907430720606 0.00000000000000000 0.00000000000000000
15.06385920384176380 0.00000000000000000 0.00000000000000000
15.44294473942557566 0.00000000000000000 0.00000000000000000
15.83156984881077634 0.00000000000000000 0.00000000000000000
16.22997459251084607 0.00000000000000000 0.00000000000000000
16.63840507209008024 0.00000000000000000 0.00000000000000000
17.05711358218473350 0.00000000000000000 0.00000000000000000
17.48635876635000130 0.00000000000000000 0.00000000000000000
17.92640577682857028 0.00000000000000000 0.00000000000000000
18.37752643833969302 0.00000000000000000 0.00000000000000000
18.83999941599024197 0.00000000000000000 0.00000000000000000
19.31411038741092412 0.00000000000000000 0.00000000000000000
19.80015221922424828 0.00000000000000000 0.00000000000000000
20.29842514795351960 0.00000000000000000 0.00000000000000000
20.80923696548412138 0.00000000000000000 0.00000000000000000
21.33290320919179095 0.00000000000000000 0.00000000000000000
21.86974735685584292 0.00000000000000000 0.00000000000000000
22.42010102647672909 0.00000000000000000 0.00000000000000000
22.98430418112253548 0.00000000000000000 0.00000000000000000
23.56270533892998742 0.00000000000000000 0.00000000000000000
24.15566178839007350 0.00000000000000000 0.00000000000000000
24.76353980905160768 0.00000000000000000 0.00000000000000000
25.38671489777839696 0.00000000000000000 0.00000000000000000
26.02557200070006616 0.00000000000000000 0.00000000000000000
26.68050575100026833 0.00000000000000000 0.00000000000000000
27.35192071268835790 0.00000000000000000 0.00000000000000000
28.04023163050550949 0.00000000000000000 0.00000000000000000
28.74586368612003895 0.00000000000000000 0.00000000000000000
29.46925276076943234 0.00000000000000000 0.00000000000000000
30.21084570451161966 0.00000000000000000 0.00000000000000000
30.97110061225237487 0.00000000000000000 0.00000000000000000
31.75048710671836716 0.00000000000000000 0.00000000000000000
32.54948662855117902 0.00000000000000000 0.00000000000000000
33.36859273370187395 0.00000000000000000 0.00000000000000000
34.20831139830903567 0.00000000000000000 0.00000000000000000
35.06916133124878598 0.00000000000000000 0.00000000000000000
35.95167429455081276 0.00000000000000000 0.00000000000000000
36.85639543187652123 0.00000000000000000 0.00000000000000000
37.78388360526425060 0.00000000000000000 0.00000000000000000
38.73471174034789044 0.00000000000000000 0.00000000000000000
39.70946718026289091 0.00000000000000000 0.00000000000000000
40.70875204845873441 0.00000000000000000 0.00000000000000000
41.73318362064090081 0.00000000000000000 0.00000000000000000
42.78339470607265582 0.00000000000000000 0.00000000000000000
43.86003403847279003 0.00000000000000000 0.00000000000000000
44.96376667674953609 0.00000000000000000 0.00000000000000000
46.09527441581886364 0.00000000000000000 0.00000000000000000
47.25525620776151925 0.00000000000000000 0.00000000000000000
48.44442859357776143 0.00000000000000000 0.00000000000000000
49.66352614580691238 0.00000000000000000 0.00000000000000000
50.91330192228619467 0.00000000000000000 0.00000000000000000
52.19452793132744972 0.00000000000000000 0.00000000000000000
53.50799560859982762 0.00000000000000000 0.00000000000000000
54.85451630601411210 0.00000000000000000 0.00000000000000000
56.23492179290818882 0.00000000000000000 0.00000000000000000
57.65006476984611083 0.00000000000000000 0.00000000000000000
59.10081939534592266 0.00000000000000000 0.00000000000000000
60.58808182586222557 0.00000000000000000 0.00000000000000000
62.11277076935834884 0.00000000000000000 0.00000000000000000
63.67582805280798652 0.00000000000000000 0.00000000000000000
65.27821920397775557 0.00000000000000000 0.00000000000000000
66.92093404785131838 0.00000000000000000 0.00000000000000000
68.60498731806112005 0.00000000000000000 0.00000000000000000
70.33141928370677931 0.00000000000000000 0.00000000000000000
72.10129639194813933 0.00000000000000000 0.00000000000000000
73.91571192676798319 0.00000000000000000 0.00000000000000000
75.77578668431220876 0.00000000000000000 0.00000000000000000
77.68266966522593009 0.00000000000000000 0.00000000000000000
