0 0.148493812219795768
8.03691858821387853e-06 0.148493812217028176
1.62760838221359266e-05 0.148493812208444126
2.47225851779441107e-05 0.148493812193604802
3.338164020695813e-05 0.148493812172044964
4.22585977586117004e-05 0.148493812143271953
5.13589412845299808e-05 0.148493812106764378
6.06882922257539158e-05 0.148493812061970265
7.02524134852019062e-05 0.14849381200830572
8.00572129875159799e-05 0.14849381194515282
9.01087473284896585e-05 0.148493811871858034
0.000100413225516333108 0.148493811787730301
0.000110977012807085651 0.148493811692039041
0.000121806634636545795 0.148493811584011676
0.000132908780651146748 0.14849381146283186
0.000144290308840267558 0.148493811327636976
0.000155958249772533128 0.148493811177515367
0.00016791981093871916 0.148493811011504218
0.000180182381203944798 0.148493810828586287
0.00019275353537190397 0.148493810627687517
0.000205641038863953212 0.148493810407673565
0.000218852852515948661 0.148493810167346973
0.000232397137495793035 0.148493809905443475
0.000246282260344731136 0.148493809620628747
0.000260516798145509344 0.148493809311494529
0.000275109543820588331 0.148493808976554592
0.000290069511563685297 0.148493808614240941
0.000305405942407998665 0.148493808222899287
0.000321128309934555511 0.148493807800784305
0.000337246326124208073 0.148493807346055301
0.000353769947356893705 0.148493806856770799
0.000370709380561864618 0.148493806330883299
0.000388075089522686289 0.148493805766233861
0.000405877801340899145 0.148493805160546027
0.000424128513062336176 0.148493804511419747
0.000442838498470190882 0.148493803816325098
0.000462019315049028677 0.14849380307259491
0.000481682811124048177 0.148493802277418235
0.000501841133179997678 0.148493801427832389
0.000522506733364270733 0.148493800520715064
0.000543692377178815766 0.148493799552776168
0.000565411151365608346 0.148493798520548864
0.000587676471990560977 0.148493797420380352
0.000610502092730860822 0.148493796248422211
0.000633902113370855987 0.148493795000620293
0.000657890988511739211 0.148493793672703739
0.000682483536500406063 0.14849379226017384
0.000707694948583007855 0.148493790758292388
0.000733540798288848518 0.14849378916206854
0.000760037051050426013 0.148493787466246585
0.00078720007406555821 0.148493785665291339
0.000815046646407687186 0.148493783753374159
0.000843593969390605777 0.148493781724357538
0.000872859677194008686 0.148493779571778867
0.000902861847756433657 0.148493777288833811
0.000933619013942319311 0.148493774868358547
0.000965150174990079624 0.148493772302811106
0.000997474808248264037 0.148493769584251589
0.00103061288120705761 0.148493766704321933
0.00106458486383254514 0.148493763654223843
0.00109941174121136942 0.148493760424696142
0.00113511502651358399 0.148493757005991073
0.00117171677428171443 0.148493753387848815
0.00120923959405423395 0.148493749559471033
0.00124770666433187002 0.148493745509493208
0.00128714174689536901 0.148493741225955322
0.00132756920148356249 0.148493736696270889
0.00136901400084080268 0.148493731907194976
0.00141150174614306477 0.14849372684478987
0.0014550586828122377 0.148493721494389636
0.00149971171672838035 0.148493715840562229
0.00154548843084995296 0.148493709867070361
0.0015924171022522924 0.148493703556829448
0.00164052671959485615 0.148493696891864563
0.00168984700102802073 0.14849368985326411
0.0017404084125505041 0.148493682421131812
0.00179224218682874355 0.148493674574535856
0.00184538034248986024 0.148493666291455634
0.00189985570390012177 0.148493657548725677
0.00195570192144113066 0.148493648321976951
0.00201295349229624592 0.148493638585574433
0.0020716457817601011 0.148493628312552556
0.00213181504508436074 0.148493617474546535
0.00219349844987322493 0.148493606041720377
0.00225673409904250232 0.148493593982691324
0.00232156105435645356 0.148493581264450364
0.00238801936055691626 0.148493567852278796
0.0024561500700996503 0.148493553709660053
0.00252599526851314971 0.14849353879818783
0.00259759810039560633 0.14849352307746877
0.0026710027960660924 0.14849350650502055
0.00274625469888638632 0.148493489036164467
0.00282340029327036827 0.148493470623912938
0.00290248723339825432 0.148493451218851019
0.00298356437265340614 0.148493430769011781
0.00306668179379993152 0.148493409219745326
0.00315189083991966818 0.14849338651358146
0.00323924414612771503 0.148493362590084915
0.00332879567208605462 0.148493337385703139
0.00342060073533537266 0.148493310833607006
0.00351471604546568306 0.148493282863522286
0.00361119973914681477 0.148493253401553477
0.00371011141604046151 0.148493222369998151
0.00381151217561592889 0.148493189687152
0.00391546465489233352 0.148493155267103577
0.0040220330671305992 0.148493119019519004
0.00413128324149909451 0.148493080849415593
0.00424328266373747136 0.148493040656923481
0.00435810051784377671 0.148492998337035692
0.00447580772881061347 0.148492953779344905
0.00459647700643675723 0.148492906867767338
0.00472018289024125383 0.148492857480251789
0.00484700179550779601 0.148492805488474572
0.00497701206048776611 0.148492750757518471
0.00511029399479114802 0.148492693145535204
0.00524692992899517506 0.14849263250339087
0.0053870042655013552 0.148492568674293612
0.00553060353067232665 0.148492501493401291
0.00567781642828067788 0.148492430787410146
0.00582873389430284012 0.148492356374121975
0.00598344915309181272 0.148492278061989058
0.00614205777496347211 0.148492195649636644
0.00630465773523203668 0.148492108925359634
0.0064713494747311133 0.148492017666595616
0.00664223596185776598 0.148491921639368529
0.0068174227561778886 0.14849182059770627
0.00699701807363218176 0.148491714283027099
0.00718113285338304458 0.148491602423495073
0.00736988082634361125 0.14849148473334306
0.00756337858543134744 0.148491360912160614
0.00776174565758951194 0.148491230644145766
0.00796510457762102803 0.148491093597318491
0.00817358096388040578 0.148490949422694613
0.00838730359587034138 0.148490797753416448
0.00860640449379110849 0.148490638203840369
0.00883101900009172595 0.148490470368577016
0.00906128586307333034 0.148490293821482489
0.00929734732259646091 0.148490108114598812
0.00953934919794506564 0.148489912777039518
0.0097874409779016517 0.148489707313818775
0.0100417759130890967 0.148489491204620988
0.0103025111106362297 0.148489263902507246
0.0105698076312256643 0.148489024832556132
0.0108438305885837812 0.148488773390434675
0.011124749251474355 0.148488508940897324
0.0114127371482588488 0.148488230816207434
0.0117079721740878714 0.148487938314478957
0.0120106367007901584 0.148487630697933137
0.0123209176895267992 0.148487307191066592
0.0126390068062804447 0.148486966978725543
0.0129651005402506916 0.148486609204082742
0.0132994003252289231 0.148486232966510229
0.0136421126640274698 0.148485837319344172
0.0139934492560399738 0.148485421267535889
0.0143536271280118536 0.148484983765182738
0.0147228687681014488 0.148484523712933358
0.0151014022633148958 0.148484039955260688
0.01548946144039943 0.148483531277595671
0.0158872860102822235 0.148482996403315581
0.0162951217161440565 0.148482433990577839
0.0167132204852191296 0.148481842628993249
0.0171418405844149455 0.148481220836129468
0.0175812467798482676 0.148480567053836221
0.0180317105003957624 0.148479879644383223
0.0184935100053603592 0.148479156886401675
0.0189669305563569326 0.148478396970618265
0.0194522645935232864 0.148477597995372412
0.0199498119161655788 0.148476757961905181
0.020459879867949636 0.148475874769407573
0.0209827835267524 0.148474946209817382
0.0215188458992911051 0.1484739699623501
0.0220683981206501144 0.148472943587752176
0.022631779658828937 0.148471864522261049
0.0232093385244374097 0.148470730071257467
0.023801431485667976 0.148469537402595025
0.0244084242886777117 0.148468283539589824
0.0250306918835159591 0.148466965353652808
0.0256686186557376003 0.148465579556547822
0.0263225986638447665 0.148464122692254591
0.0269930358827035512 0.148462591128418281
0.0276803444530864008 0.148460981047363522
0.0283849489374940617 0.148459288436650599
0.0291072845824153492 0.148457509079152256
0.0298477975871863331 0.148455638542624391
0.0306069453796155612 0.148453672168746664
0.0313851968985452562 0.148451605061605485
0.0321830328835228663 0.148449432075591081
0.0330009461717623645 0.148447147802679202
0.0338394420025784903 0.14844474655906556
0.0346990383294816934 0.148442222371121452
0.0355802661401272008 0.148439568960634316
0.0364836697843152827 0.148436779729299029
0.0374098073102457768 0.148433847742420133
0.0383592508092339621 0.1484307657117864
0.0393325867691015005 0.148427525977675084
0.0403304164364602716 0.148424120489941608
0.0413533561881127068 0.148420540788149508
0.0424020379117986124 0.148416777980690806
0.0434771093965232447 0.148412822722846366
0.0445792347327079452 0.148408665193732581
0.0457090947224102553 0.148404295072078585
0.0468673872998672594 0.148399701510773585
0.048054827962621921 0.148394873110123948
0.0492721502134981434 0.148389797889753733
0.0505201060136983848 0.148384463259080529
0.0517994662473033607 0.148378855986295133
0.0531110211974603202 0.148372962165769534
0.0544555810345549313 0.148366767183813558
0.0558339763166675607 0.148360255682698311
0.05724705850262371 0.148353411522857831
0.0586957004779546723 0.148346217743178715
0.0601807970940943585 0.148338656519280687
0.0617032657211447483 0.148330709119688375
0.0632640468145511115 0.148322355859787508
0.0648641044960379526 0.148313576053455604
0.0665044271491639638 0.148304347962250088
0.0681860280298634269 0.148294648742032076
0.0699099458923524153 0.148284454386898329
0.0716772456307851746 0.148273739670285315
0.0734890189370581703 0.148262478083107246
0.0753463849751667969 0.148250641768778446
0.0772504910725326926 0.148238201454965163
0.0792025134287281801 0.148225126381906769
0.0812036578420347877 0.148211384227133175
0.0832551604542862422 0.148196941026403073
0.0853582885144546361 0.148181761090674519
0.0875143411614526384 0.148165806918912596
0.0897246502266336871 0.148149039106529351
0.091990581056487844 0.148131416249242143
0.0943135333560402578 0.14811289484212356
0.096694942053472982 0.148093429173610541
0.0991362781865054027 0.148072971214223803
0.101639049811080157 0.148051470499741183
0.10420480293291505 0.148028874008556466
0.106835122462498197 0.148005126032938944
0.109531633194114672 0.147980168043901406
0.112296000809510702 0.147953938549368363
0.115129932906813726 0.147926372945320295
0.118035180055345953 0.147897403359580543
0.121013536876981756 0.147866958487891831
0.124066843154716458 0.147834963421915794
0.127196984969132593 0.147801339468774967
0.130405895863465182 0.147766003961734588
0.133695558037984552 0.147728870061612338
0.13706800357443627 0.147689846548480275
0.14052531569129359 0.147648837603206601
0.144069630030598028 0.147605742578370891
0.147703135977182265 0.147560455758060149
0.15142807801109151 0.147512866106038504
0.155246757094038568 0.147462857001766118
0.159161532090747182 0.147410305963711741
0.163174821226064359 0.147355084359396871
0.167289103578740522 0.14729705710158103
0.171506920612798763 0.147236082329971207
0.175830877747442355 0.147172011077835035
0.180263645966466962 0.147104686922855638
0.184807963468175046 0.147033945621555612
0.18946663735680741 0.146959614726606347
0.194242545376541287 0.146881513186288004
0.199138637689123293 0.146799450925384906
0.204157938696235219 0.146713228406753743
0.209303548907720155 0.146622636172783205
0.214578646856821154 0.146527454365978249
0.219986491063617701 0.146427452227840205
0.225530422047868995 0.146322387575231472
0.231213864392512181 0.146212006253410243
0.237040328859087351 0.146096041564860002
0.243013414556395191 0.145974213673100844
0.249136811163729849 0.145846228980623466
0.255414301210058869 0.145711779480071912
0.261849762410556075 0.145570542077885612
0.268447170061934803 0.145422177889517834
0.275210599498057651 0.145266331505435609
0.282144228607342229 0.14510263022714856
0.289252340413514275 0.144930683272434274
0.296539325721307034 0.144750080949124532
0.304009685828738607 0.144560393796766495
0.311668035307640923 0.144361171695513602
0.319519104854161906 0.144151942941842692
0.327567744210999823 0.143932213290559552
0.335818925163172965 0.143701464962829234
0.344277744609178038 0.143459155620123902
0.352949427709433772 0.143204717303892448
0.361839331113954554 0.142937555341282468
0.370952946271244532 0.142657047217199989
0.380295902820462661 0.142362541413201427
0.389873972068949581 0.142053356214331711
0.399693070557263219 0.141728778484815132
0.4097592637139299 0.141388062414258719
0.420078769602166946 0.141030428236438965
0.430657962760886248 0.140655060922697056
0.441503378142359681 0.1402611088532697
0.45262171514897287 0.139847682469852019
0.464019841771564079 0.139413852913381375
0.475704798831899811 0.138958650652475757
0.487683804331914772 0.138481064107656732
0.499964257912398402 0.137980038278398748
0.512553745423880103 0.137454473380989595
0.525460043612542838 0.136903223505378008
0.538691124924054354 0.136325095302238214
0.55225516242828776 0.135718846711487373
0.566160534867967025 0.135083185745446255
0.580415831834362961 0.134416769343065345
0.595029859073236689 0.133718202311207762
0.610011643924298186 0.132986036373665018
0.625370440897553559 0.132218769350559123
0.641115737389979512 0.131414844491798771
0.657257259546049966 0.130572649995222251
0.673804978265748145 0.129690518740066957
0.690769115363764175 0.12876672827161606
0.708160149883690249 0.127799501079817746
0.725988824571106361 0.126787005214184512
0.744266152509562295 0.125727355288466125
0.76300342392355458 0.124618613932448288
0.782212213152690405 0.12345879375177117
0.801904385801361919 0.122245859872148255
0.822092106068339046 0.120977733144246397
0.842787844260802776 0.119652294098827397
0.864004384497474853 0.118267387756219228
0.885754832605589626 0.116820829394143677
0.908052624216595161 0.115310411404097257
0.930911533065572727 0.113733911373506622
0.95434567949951532 0.112089101541646821
0.97836953919971692 0.110373759811028052
1.00299795212364229 0.108585682495334818
1.02824613167184142 0.1067226990182851
1.05412967408552505 0.104782688806973903
1.08066456808063083 0.10276360062583012
1.10786720472434341 0.10066347465737302
1.13575438756013658 0.0984804676478371055
1.16434334298760955 0.0962128814662008836
1.19365173090354681 0.0938591954971223774
1.22369765561073907 0.091418103286472735
1.25449967700131948 0.0888885539395732616
1.28607682202154683 0.0862697988291052514
1.31844859642507584 0.0835614441825535542
1.35163499682199428 0.0807635102542192118
1.38565652303109221 0.0778764978052456647
1.42053419074295095 0.0749014626974447151
1.45628954450169479 0.0718400995573220263
1.49294467101344797 0.068694835463307069
1.53052221278966094 0.0654689348047919617
1.56904538213380018 0.0621666165681248606
1.60853797547998734 0.058793185352200579
1.64902438809246266 0.0553551777150438837
1.69052962913498273 0.0518605254779014591
1.73307933711940887 0.0483187378285864291
1.77669979574305481 0.0447411043745348444
1.82141795012460173 0.0411409212948301295
1.86726142344856183 0.0375337432022791115
1.9142585340285907 0.0339376635173904775
1.9624383128002223 0.0303736263093187346
2.01183052125377682 0.0268657732075435161
2.06246566981854107 0.0234418290153137199
2.11437503670961435 0.0201335302039085812
2.16759068724899695 0.0169771010849508949
2.22214549367288994 0.0140137824827869205
2.27807315543747224 0.0112904188002786489
2.3354082200356161 0.00886010969498724453
2.3941861043374999 0.00678293292857454645
2.45444311646821856 0.00511841740101564874
2.5162164782359322 0.00383626486918370703
2.57954434812445133 0.00285599330974783353
2.64446584486438763 0.0021116540246186831
2.71102107159746009 0.00155039950919113635
2.77925114064893686 0.00113020016277985799
2.84919819892341808 0.0008178830632367632
2.9209054539397048 0.000587464202436078857
2.99441720052086069 0.0004187492501670011
3.06977884815588897 0.000296165692449205703
3.14703694904994746 0.000207800460278427767
3.22623922688048914 0.000144614112984855895
3.3074346062769977 9.98035420448751778e-05
3.39067324304256434 6.82918840444453557e-05
3.47600655513604151 4.63228450129562425e-05
3.56348725443379166 3.11412917709891836e-05
3.65316937929071806 2.0744566103663668e-05
3.745108327920744 1.36901125116030491e-05
3.83936089261720204 8.94850395738353971e-06
3.93598529483447246 5.79214175059509573e-06
4.0350412211523734 3.71170933940041118e-06
4.13658986014558039 2.35425321135317997e-06
4.24069394018092005 1.47765349068695019e-06
4.34741776816575598 9.17535823499905013e-07
4.45682726927146344 5.63499365498596531e-07
4.56899002765660445 3.42190348657980554e-07
4.68397532821482443 2.05411683770389728e-07
4.80185419937330771 1.21854760701910029e-07
4.92269945696833222 7.14150085483335651e-08
5.04658574922485403 4.13364237932631497e-08
5.17358960286799618 2.36230120785825814e-08
5.30378947039498971 1.33245207295807294e-08
5.4372657785366334 7.41543220373698878e-09
5.57410097793824999 4.07040048525887022e-09
5.71437959409096319 2.20290819438640788e-09
5.85818827954448906 1.17505120529753137e-09
6.00561586743399545 6.17520445489845989e-10
6.15675342635385281 3.19605433608551441e-10
6.31169431661226454 1.62845328762302488e-10
6.47053424790161991 8.16500507475121597e-11
6.63337133842000792 4.02702760151540309e-11
6.80030617548051186 1.95288187058030008e-11
6.97144187764581069 9.30775732942834047e-12
7.1468841584262881 4.35821787117323506e-12
7.32674139158106996 2.0038688427202841e-12
7.51112467806246364 9.04348506042876807e-13
7.70014791464491921 4.00414646323060014e-13
7.89392786428101179 1.73852565651441308e-13
8.0925842282280378 7.39863484115840216e-14
8.29623971998953458 3.08461682958313761e-14
8.50502014111750348 1.25925292080438668e-14
8.71905445892231157 5.03121466927189865e-15
8.93847488613801389 1.96624659030992587e-15
9.16341696259241445 7.51255999658110478e-16
9.39401963893249281 2.80466416943444781e-16
9.63042536245651881 1.02249078291275612e-16
9.8727801651063487 3.63825211864146629e-17
10.1212337536738559 1.26270837770718229e-17
10.3759396022773771 4.27200874442817917e-18
10.6370550471654539 1.40806056579928953e-18
10.9047413839061331 4.51815143132694567e-19
11.1791639670220011 1.4105759540729612e-19
11.4604923121326614 4.28174711766490106e-20
11.7489002006674461 1.26274713984598927e-20
12.044565787213168 3.61588140996419601e-21
12.3476717095634445 1.00449841129129939e-21
12.6584052015371959 2.70534648008087815e-22
12.9769582086361641 7.05855777760353367e-23
13.303527506613138 1.78248208613431025e-23
13.6383148230237108 4.35384269891118614e-24
13.9815269618368365 1.02766472417837056e-24
14.3333759311814077 2.34194623589347654e-25
14.6940790743072061 5.14924714739223702e-26
15.0638592038417638 1.0910706475988366e-26
15.4429447394255757 2.22630715948865441e-27
15.8315698488107763 4.37052636255151645e-28
16.2299745925108461 8.24462214039465403e-29
16.6384050720900802 1.4935691489169114e-29
17.0571135821847335 2.59492105123255568e-30
17.4863587663500013 4.31949955352972843e-31
17.9264057768285703 6.88351490983546153e-32
18.377526438339693 1.04843811047144559e-32
18.839999415990242 1.52532805014942073e-33
19.3141103874109241 2.11691613647475213e-34
19.8001522192242483 2.79823918245282105e-35
20.2984251479535196 3.52132378786581221e-36
20.8092369654841214 4.21008282771540043e-37
21.3329032091917909 4.7779070462565608e-38
21.8697473568558429 5.14210182032520325e-39
22.4201010264767291 5.23529152716463821e-40
22.9843041811225355 5.04180509886833481e-41
23.5627053389299874 4.58323612638147289e-42
24.1556617883900735 3.92547832579118587e-43
24.7635398090516077 3.16748159691467101e-44
25.386714897778397 2.39982492158587209e-45
26.0255720007000662 1.70674470141127667e-46
26.6805057510002683 1.13783276427007916e-47
27.3519207126883579 7.08486227744590769e-49
28.0402316305055095 4.12505356864569152e-50
28.7458636861200389 0
29.4692527607694323 0
30.2108457045116197 0
30.9711006122523749 0
31.7504871067183672 0
32.549486628551179 0
33.368592733701874 0
34.2083113983090357 0
35.069161331248786 0
35.9516742945508128 0
36.8563954318765212 0
37.7838836052642506 0
38.7347117403478904 0
39.7094671802628909 0
40.7087520484587344 0
41.7331836206409008 0
42.7833947060726558 0
43.86003403847279 0
44.9637666767495361 0
46.0952744158188636 0
47.2552562077615192 0
48.4444285935777614 0
49.6635261458069124 0
50.9133019222861947 0
52.1945279313274497 0
53.5079956085998276 0
54.8545163060141121 0
56.2349217929081888 0
57.6500647698461108 0
59.1008193953459227 0
60.5880818258622256 0
62.1127707693583488 0
63.6758280528079865 0
65.2782192039777556 0
66.9209340478513184 0
68.60498731806112 0
70.3314192837067793 0
72.1012963919481393 0
73.9157119267679832 0
75.7757866843122088 0
77.6826696652259301 0
