0.00000000000000000 0.00000000000014366 -0.00000000000311545
0.00000803691858821 0.00000035823985436 -0.00000776858372387
0.00001627608382214 0.00000072549470725 -0.00001573266153172
0.00002472258517794 0.00000110199141850 -0.00002389715297873
0.00003338164020696 0.00000148796255675 -0.00003226710141985
0.00004225859775861 0.00000188364654320 -0.00004084767712530
0.00005135894128453 0.00000228928779886 -0.00004964418047433
0.00006068829222575 0.00000270513689553 -0.00005866204522953
0.00007025241348520 0.00000313145071057 -0.00006790684189341
0.00008005721298752 0.00000356849258561 -0.00007738428114955
0.00009010874732849 0.00000401653248920 -0.00008710021739027
0.00010041322551633 0.00000447584718360 -0.00009706065233315
0.00011097701280709 0.00000494672039569 -0.00010727173872850
0.00012180663463655 0.00000542944299230 -0.00011773978416025
0.00013290878065115 0.00000592431315985 -0.00012847125494233
0.00014429030884027 0.00000643163658855 -0.00013947278011329
0.00015595824977253 0.00000695172666124 -0.00015075115553129
0.00016791981093872 0.00000748490464696 -0.00016231334807232
0.00018018238120394 0.00000803149989943 -0.00017416649993394
0.00019275353537190 0.00000859185006049 -0.00018631793304740
0.00020564103886395 0.00000916630126865 -0.00019877515360081
0.00021885285251595 0.00000975520837294 -0.00021154585667616
0.00023239713749579 0.00001035893515211 -0.00022463793100298
0.00024628226034473 0.00001097785453931 -0.00023805946383175
0.00026051679814551 0.00001161234885250 -0.00025181874592986
0.00027510954382059 0.00001226281003063 -0.00026592427670345
0.00029006951156369 0.00001292963987568 -0.00028038476944801
0.00030540594240800 0.00001361325030096 -0.00029520915673127
0.00032112830993456 0.00001431406358550 -0.00031040659591150
0.00033724632612421 0.00001503251263493 -0.00032598647479475
0.00035376994735689 0.00001576904124889 -0.00034195841743449
0.00037070938056186 0.00001652410439520 -0.00035833229007719
0.00038807508952269 0.00001729816849088 -0.00037511820725761
0.00040587780134090 0.00001809171169031 -0.00039232653804752
0.00042412851306234 0.00001890522418057 -0.00040996791246166
0.00044283849847019 0.00001973920848428 -0.00042805322802505
0.00046201931504903 0.00002059417977000 -0.00044659365650553
0.00048168281112405 0.00002147066617049 -0.00046560065081585
0.00050184113318000 0.00002236920910896 -0.00048508595208948
0.00052250673336427 0.00002329036363354 -0.00050506159693456
0.00054369237717882 0.00002423469876012 -0.00052553992487048
0.00056541115136561 0.00002520279782393 -0.00054653358595171
0.00058767647199056 0.00002619525883981 -0.00056805554858350
0.00061050209273086 0.00002721269487171 -0.00059011910753440
0.00063390211337086 0.00002825573441138 -0.00061273789215056
0.00065789098851174 0.00002932502176661 -0.00063592587477680
0.00068248353650041 0.00003042121745931 -0.00065969737938970
0.00070769494858301 0.00003154499863349 -0.00068406709044817
0.00073354079828885 0.00003269705947361 -0.00070905006196674
0.00076003705105043 0.00003387811163344 -0.00073466172681749
0.00078720007406556 0.00003508888467566 -0.00076091790626612
0.00081504664640769 0.00003633012652259 -0.00078783481974820
0.00084359396939061 0.00003760260391822 -0.00081542909489167
0.00087285967719401 0.00003890710290190 -0.00084371777779167
0.00090286184775643 0.00004024442929394 -0.00087271834354431
0.00093361901394232 0.00004161540919343 -0.00090244870704562
0.00096515017499008 0.00004302088948859 -0.00093292723406259
0.00099747480824826 0.00004446173837997 -0.00096417275258309
0.00103061288120706 0.00004593884591684 -0.00099620456445171
0.00106458486383255 0.00004745312454704 -0.00102904245729874
0.00109941174121137 0.00004900550968070 -0.00106270671676970
0.00113511502651358 0.00005059696026814 -0.00109721813906303
0.00117171677428171 0.00005222845939235 -0.00113259804378366
0.00120923959405423 0.00005390101487632 -0.00116886828712055
0.00124770666433187 0.00005561565990573 -0.00120605127535629
0.00128714174689537 0.00005737345366726 -0.00124416997871715
0.00132756920148356 0.00005917548200301 -0.00128324794557232
0.00136901400084080 0.00006102285808135 -0.00132330931699101
0.00141150174614306 0.00006291672308474 -0.00136437884166656
0.00145505868281224 0.00006485824691477 -0.00140648189121680
0.00149971171672838 0.00006684862891503 -0.00144964447587026
0.00154548843084995 0.00006888909861213 -0.00149389326054786
0.00159241710225229 0.00007098091647541 -0.00153925558135024
0.00164052671959486 0.00007312537469575 -0.00158575946246099
0.00168984700102802 0.00007532379798404 -0.00163343363347612
0.00174040841255050 0.00007757754438971 -0.00168230754717098
0.00179224218682874 0.00007988800613988 -0.00173241139771521
0.00184538034248986 0.00008225661049968 -0.00178377613934763
0.00189985570390012 0.00008468482065418 -0.00183643350552225
0.00195570192144113 0.00008717413661258 -0.00189041602853778
0.00201295349229625 0.00008972609613517 -0.00194575705966258
0.00207164578176010 0.00009234227568358 -0.00200249078976793
0.00213181504508436 0.00009502429139508 -0.00206065227048235
0.00219349844987322 0.00009777380008127 -0.00212027743588032
0.00225673409904250 0.00010059250025211 -0.00218140312471901
0.00232156105435645 0.00010348213316557 -0.00224406710323694
0.00238801936055692 0.00010644448390385 -0.00230830808852892
0.00245615007009965 0.00010948138247666 -0.00237416577251200
0.00252599526851315 0.00011259470495236 -0.00244168084649742
0.00259759810039561 0.00011578637461750 -0.00251089502638422
0.00267100279606609 0.00011905836316567 -0.00258185107849018
0.00274625469888639 0.00012241269191631 -0.00265459284603658
0.00282340029327037 0.00012585143306419 -0.00272916527630344
0.00290248723339825 0.00012937671096042 -0.00280561444847243
0.00298356437265341 0.00013299070342577 -0.00288398760217513
0.00306668179379993 0.00013669564309705 -0.00296433316676469
0.00315189083991967 0.00014049381880752 -0.00304670079132957
0.00323924414612772 0.00014438757700199 -0.00313114137546834
0.00332879567208605 0.00014837932318775 -0.00321770710084530
0.00342060073533537 0.00015247152342200 -0.00330645146354693
0.00351471604546568 0.00015666670583681 -0.00339742930725990
0.00361119973914681 0.00016096746220261 -0.00349069685729187
0.00371011141604046 0.00016537644953106 -0.00358631175545699
0.00381151217561593 0.00016989639171843 -0.00368433309584830
0.00391546465489233 0.00017453008123042 -0.00378482146152041
0.00402203306713060 0.00017928038082952 -0.00388783896210573
0.00413128324149909 0.00018415022534600 -0.00399344927238892
0.00424328266373747 0.00018914262349358 -0.00410171767186436
0.00435810051784378 0.00019426065973100 -0.00421271108530242
0.00447580772881061 0.00019950749617061 -0.00432649812435091
0.00459647700643676 0.00020488637453514 -0.00444314913019894
0.00472018289024125 0.00021040061816395 -0.00456273621733105
0.00484700179550780 0.00021605363407004 -0.00468533331840044
0.00497701206048777 0.00022184891504894 -0.00481101623025071
0.00511029399479115 0.00022779004184107 -0.00493986266111673
0.00524692992899518 0.00023388068534869 -0.00507195227903575
0.00538700426550136 0.00024012460890902 -0.00520736676150099
0.00553060353067233 0.00024652567062482 -0.00534618984639103
0.00567781642828068 0.00025308782575401 -0.00548850738420884
0.00582873389430284 0.00025981512915981 -0.00563440739166588
0.00598344915309181 0.00026671173782292 -0.00578398010664728
0.00614205777496347 0.00027378191341735 -0.00593731804459552
0.00630465773523204 0.00028103002495161 -0.00609451605635104
0.00647134947473111 0.00028846055147677 -0.00625567138748920
0.00664223596185777 0.00029607808486331 -0.00642088373919477
0.00681742275617789 0.00030388733264843 -0.00659025533071571
0.00699701807363218 0.00031189312095555 -0.00676389096343998
0.00718113285338304 0.00032010039748816 -0.00694189808663996
0.00736988082634361 0.00032851423459952 -0.00712438686493091
0.00756337858543135 0.00033713983244062 -0.00731147024749112
0.00776174565758951 0.00034598252218809 -0.00750326403909309
0.00796510457762103 0.00035504776935429 -0.00769988697299667
0.00817358096388041 0.00036434117718174 -0.00790146078575682
0.00838730359587034 0.00037386849012402 -0.00810811029400037
0.00860640449379111 0.00038363559741542 -0.00831996347322805
0.00883101900009173 0.00039364853673169 -0.00853715153870005
0.00906128586307333 0.00040391349794428 -0.00875980902846504
0.00929734732259646 0.00041443682697044 -0.00898807388859556
0.00953934919794507 0.00042522502972184 -0.00922208756069360
0.00978744097790165 0.00043628477615425 -0.00946199507173398
0.01004177591308910 0.00044762290442091 -0.00970794512631420
0.01030251111063623 0.00045924642513235 -0.00996009020138318
0.01056980763122566 0.00047116252572566 -0.01021858664352304
0.01084383058858378 0.00048337857494581 -0.01048359476886148
0.01112474925147435 0.00049590212744232 -0.01075527896569518
0.01141273714825885 0.00050874092848421 -0.01103380779990745
0.01170797217408787 0.00052190291879645 -0.01131935412326704
0.01201063670079016 0.00053539623952116 -0.01161209518469822
0.01232091768952680 0.00054922923730704 -0.01191221274461605
0.01263900680628044 0.00056341046953037 -0.01221989319242430
0.01296510054025069 0.00057794870965123 -0.01253532766727791
0.01329940032522892 0.00059285295270874 -0.01285871218221596
0.01364211266402747 0.00060813242095893 -0.01319024775177542
0.01399344925603997 0.00062379656965937 -0.01353014052320121
0.01435362712801185 0.00063985509300450 -0.01387860191137258
0.01472286876810145 0.00065631793021593 -0.01423584873757153
0.01510140226331490 0.00067319527179200 -0.01460210337222481
0.01548946144039943 0.00069049756592109 -0.01497759388175591
0.01588728601028222 0.00070823552506327 -0.01536255417969157
0.01629512171614406 0.00072642013270515 -0.01575722418217227
0.01671322048521913 0.00074506265029273 -0.01616184996802459
0.01714184058441495 0.00076417462434755 -0.01657668394355993
0.01758124677984827 0.00078376789377121 -0.01700198501227301
0.01803171050039576 0.00080385459734392 -0.01743801874962096
0.01849351000536036 0.00082444718142261 -0.01788505758307408
0.01896693055635693 0.00084555840784456 -0.01834338097763814
0.01945226459352329 0.00086720136204257 -0.01881327562705845
0.01994981191616558 0.00088938946137800 -0.01929503565092707
0.02045987986794964 0.00091213646369821 -0.01978896279792619
0.02098278352675240 0.00093545647612524 -0.02029536665545222
0.02151884589929111 0.00095936396408263 -0.02081456486587974
0.02206839812065011 0.00098387376056789 -0.02134688334973700
0.02263177965882894 0.00100900107567804 -0.02189265653608063
0.02320933852443741 0.00103476150639629 -0.02245222760037253
0.02380143148566798 0.00106117104664787 -0.02302594871017954
0.02440842428867771 0.00108824609763386 -0.02361418127903392
0.02503069188351596 0.00111600347845155 -0.02421729622881250
0.02566861865573760 0.00114446043701100 -0.02483567426101339
0.02632259866384477 0.00117363466125717 -0.02546970613732997
0.02699303588270355 0.00120354429070786 -0.02611979296994744
0.02768034445308640 0.00123420792831793 -0.02678634652201030
0.02838494893749406 0.00126564465268079 -0.02746978951873780
0.02910728458241535 0.00129787403057869 -0.02817055596969314
0.02984779758718633 0.00133091612989372 -0.02888909150274100
0.03060694537961556 0.00136479153289210 -0.02962585371026404
0.03138519689854526 0.00139952134989499 -0.03038131250824263
0.03218303288352287 0.00143512723334933 -0.03115595050883889
0.03300094617176236 0.00147163139231340 -0.03195026340716940
0.03383944200257849 0.00150905660737198 -0.03276476038299143
0.03469903832948169 0.00154742624599700 -0.03359996451807518
0.03558026614012720 0.00158676427837044 -0.03445641323008453
0.03648366978431528 0.00162709529368667 -0.03533465872384080
0.03740980731024578 0.00166844451695282 -0.03623526846090142
0.03835925080923396 0.00171083782630633 -0.03715882564844712
0.03933258676910150 0.00175430177087000 -0.03810592974853475
0.04033041643646027 0.00179886358916590 -0.03907719700884479
0.04135335618811271 0.00184455122811062 -0.04007326101612543
0.04240203791179861 0.00189139336261555 -0.04109477327361691
0.04347710939652324 0.00193941941581726 -0.04214240380382490
0.04457923473270795 0.00198865957996425 -0.04321684177810409
0.04570909472241026 0.00203914483798794 -0.04431879617461012
0.04686738729986726 0.00209090698578732 -0.04544899646628706
0.04805482796262192 0.00214397865525839 -0.04660819334066704
0.04927215021349814 0.00219839333810108 -0.04779715945337955
0.05052010601369838 0.00225418541043852 -0.04901669021740394
0.05179946624730336 0.00231139015828551 -0.05026760463022661
0.05311102119746032 0.00237004380390499 -0.05155074614122244
0.05445558103455493 0.00243018353309382 -0.05286698356173718
0.05583397631666756 0.00249184752344177 -0.05421721202051007
0.05724705850262371 0.00255507497360989 -0.05560235396727128
0.05869570047795467 0.00261990613367763 -0.05702336022753447
0.06018079709409436 0.00268638233661085 -0.05848121111181000
0.06170326572114475 0.00275454603090631 -0.05997691758270424
0.06326404681455111 0.00282444081447145 -0.06151152248358870
0.06486410449603795 0.00289611146980206 -0.06308610183278583
0.06650442714916396 0.00296960400052458 -0.06470176618750435
0.06818602802986343 0.00304496566937356 -0.06635966208201749
0.06990994589235242 0.00312224503767976 -0.06806097354491718
0.07167724563078517 0.00320149200644899 -0.06980692370060416
0.07348901893705817 0.00328275785911690 -0.07159877646049929
0.07534638497516680 0.00336609530607063 -0.07343783830988841
0.07725049107253269 0.00345155853103400 -0.07532546019667756
0.07920251342872818 0.00353920323941920 -0.07726303952875903
0.08120365784203479 0.00362908670875500 -0.07925202228720246
0.08325516045428624 0.00372126784130825 -0.08129390526289373
0.08535828851445464 0.00381580721902345 -0.08339023842480354
0.08751434116145264 0.00391276716091364 -0.08554262742865580
0.08972465022663369 0.00401221178304398 -0.08775273627523365
0.09199058105648784 0.00411420706125966 -0.09002229012831395
0.09431353335604026 0.00421882089681942 -0.09235307830281650
0.09669494205347298 0.00432612318510628 -0.09474695743437357
0.09913627818650540 0.00443618588759990 -0.09720585484245950
0.10163904981108016 0.00454908310730576 -0.09973177209979110
0.10420480293291505 0.00466489116785009 -0.10232678882158923
0.10683512246249820 0.00478368869646434 -0.10499306668933703
0.10953163319411467 0.00490555671109580 -0.10773285372422634
0.11229600080951070 0.00503057871189907 -0.11054848882676341
0.11512993290681373 0.00515884077737900 -0.11344240659995240
0.11803518005534595 0.00529043166547304 -0.11641714247420736
0.12101353687698176 0.00542544291988220 -0.11947533815381141
0.12406684315471646 0.00556396898197857 -0.12261974740540214
0.12719698496913259 0.00570610730863855 -0.12585324221016073
0.13040589586346518 0.00585195849637782 -0.12917881930323080
0.13369555803798455 0.00600162641218310 -0.13259960712418081
0.13706800357443627 0.00615521833146605 -0.13611887320438038
0.14052531569129359 0.00631284508359257 -0.13974003201855931
0.14406963003059803 0.00647462120546463 -0.14346665332814279
0.14770313597718226 0.00664066510367088 -0.14730247104689118
0.15142807801109151 0.00681109922574953 -0.15125139265962467
0.15524675709403857 0.00698605024113994 -0.15531750922596263
0.15916153209074718 0.00716564923244614 -0.15950510600421136
0.16317482122606436 0.00735003189766000 -0.16381867372924069
0.16728910357874052 0.00753933876404162 -0.16826292058122561
0.17150692061279876 0.00773371541440024 -0.17284278488382279
0.17583087774744235 0.00793331272654695 -0.17756344856840559
0.18026364596646696 0.00813828712675987 -0.18243035144607175
0.18480796346817505 0.00834880085813661 -0.18744920632713458
0.18946663735680741 0.00856502226475347 -0.19262601502734064
0.19424254537654129 0.00878712609263322 -0.19796708530551108
0.19913863768912329 0.00901529380853845 -0.20347904877022582
0.20415793869623522 0.00924971393768931 -0.20916887979713103
0.20930354890772015 0.00949058242157189 -0.21504391549924737
0.21457864685682115 0.00973810299701658 -0.22111187678275385
0.21998649106361770 0.00999248759784812 -0.22738089052961549
0.22553042204786899 0.01025395678043035 -0.23385951293829188
0.23121386439251218 0.01052274017447430 -0.24055675404691898
0.23704032885908735 0.01079907696061743 -0.24748210347234298
0.24301341455639519 0.01108321637623850 -0.25464555737355316
0.24913681116372985 0.01137541825109735 -0.26205764665219006
0.25541430121005887 0.01167595357447192 -0.26972946639810813
0.26184976241055608 0.01198510509539286 -0.27767270655473236
0.26844717006193480 0.01230316795779125 -0.28589968379501890
0.27521059949805765 0.01263045037230840 -0.29442337456377921
0.28214422860734223 0.01296727432651030 -0.30325744921654635
0.28925234041351428 0.01331397633548159 -0.31241630719953112
0.29653932572130703 0.01367090823450599 -0.32191511314082716
0.30400968582873861 0.01403843801572311 -0.33176983372594787
0.31166803530764092 0.01441695071069068 -0.34199727520648854
0.31951910485416191 0.01480684932041762 -0.35261512129586131
0.32756774421099982 0.01520855579481690 -0.36364197123831882
0.33581892516317297 0.01562251206312466 -0.37509737773260515
0.34427774460917804 0.01604918111662659 -0.38700188432047422
0.35294942770943377 0.01648904814539544 -0.39937706187324118
0.36183933111395455 0.01694262172978201 -0.41224554360726778
0.37095294627124453 0.01741043508766739 -0.42563105806465740
0.38029590282046266 0.01789304737825000 -0.43955845941333360
0.38987397206894958 0.01839104506193728 -0.45405375417968330
0.39969307055726322 0.01890504331662774 -0.46914412360392821
0.40975926371392990 0.01943568750920711 -0.48485794052445852
0.42007876960216695 0.01998365472033021 -0.50122477953719480
0.43065796276088625 0.02054965532106253 -0.51827541921707709
0.44150337814235968 0.02113443459707217 -0.53604183468786193
0.45262171514897287 0.02173877441651810 -0.55455717887162825
0.46401984177156408 0.02236349493655023 -0.57385575052243143
0.47570479883189981 0.02300945633999704 -0.59397294660832223
0.48768380433191477 0.02367756059527104 -0.61494519682357440
0.49996425791239840 0.02436875322807631 -0.63680987732101513
0.51255374542388010 0.02508402509157261 -0.65960520048701732
0.52546004361254284 0.02582441412217669 -0.68337007768625158
0.53869112492405435 0.02659100706045934 -0.70814395080432357
0.55225516242828776 0.02738494111777809 -0.73396658868703213
0.56616053486796702 0.02820740556510921 -0.76087784405891579
0.58041583183436296 0.02905964321240915 -0.78891736550768621
0.59502985907323669 0.02994295175018579 -0.81812425979204695
0.61001164392429819 0.03085868491293769 -0.84853669828680678
0.62537044089755356 0.03180825342045761 -0.88019146124049552
0.64111573738997951 0.03279312565318420 -0.91312341390077756
0.65725725954604997 0.03381482799920030 -0.94736490660974104
0.67380497826574814 0.03487494481473430 -0.98294509215222470
0.69076911536376417 0.03597511792840892 -1.01988915281226133
0.70816014988369025 0.03711704560249997 -1.05821742845086653
0.72598882457110636 0.03830248087324099 -1.09794443896130156
0.74426615250956230 0.03953322916336063 -1.13907779226706718
0.76300342392355458 0.04081114505670003 -1.18161697025268730
0.78221221315269041 0.04213812812440316 -1.22555198650742336
0.80190438580136192 0.04351611765337002 -1.27086190779528874
0.82209210606833905 0.04494708614369817 -1.31751323519610142
0.84278784426080278 0.04643303141510805 -1.36545814076376182
0.86400438449747485 0.04797596713526873 -1.41463255661345744
0.88575483260558963 0.04957791160779972 -1.46495411889612570
0.90805262421659516 0.05124087459943504 -1.51631996859640394
0.93091153306557273 0.05296684199708383 -1.56860441726282374
0.95434567949951532 0.05475775808838961 -1.62165649083611418
0.97836953919971692 0.05661550519662783 -1.67529736781767014
1.00299795212364229 0.05854188045570301 -1.72931773821340995
1.02824613167184142 0.06053856946550626 -1.78347511503560052
1.05412967408552505 0.06260711655154666 -1.83749114020007931
1.08066456808063083 0.06474889142291877 -1.89104893783545647
1.10786720472434341 0.06696505193954526 -1.94379057860254778
1.13575438756013658 0.06925650277613292 -1.99531473373128199
1.16434334298760955 0.07162384980006570 -2.04517460962287378
1.19365173090354681 0.07406734993546543 -2.09287627407635046
1.22369765561073907 0.07658685644396448 -2.13787749751040002
1.25449967700131948 0.07918175952631888 -2.17958725298652878
1.28607682202154683 0.08185092223397307 -2.21736604179856167
1.31844859642507584 0.08459261185552025 -2.25052721610722406
1.35163499682199428 0.08740442693183882 -2.27833950593005730
1.38565652303109221 0.09028322030262652 -2.30003096022805043
1.42053419074295095 0.09322501872231738 -2.31479451952405180
1.45628954450169479 0.09622493972854275 -2.32179547218531246
1.49294467101344797 0.09927710677606073 -2.32018100548314132
1.53052221278966094 0.10237456381004073 -2.30909208924773957
1.56904538213380018 0.10550919080763005 -2.28767791000788412
1.60853797547998734 0.10867162212217267 -2.25511299483651362
1.64902438809246266 0.11185116982034164 -2.21061719155439107
1.69052962913498273 0.11503575460647157 -2.15347853235352638
1.73307933711940887 0.11821184726506746 -2.08307893176454417
1.77669979574305481 0.12136442412872819 -1.99892260830157475
1.82141795012460173 0.12447694025118014 -1.90066685593543960
1.86726142344856183 0.12753132457703237 -1.78815472945961007
1.91425853402859070 0.13050800176238439 -1.66144895026756001
1.96243831280022230 0.13338594521683209 -1.52086604908354106
2.01183052125377682 0.13614276681103568 -1.36700963366350470
2.06246566981854107 0.13875484805281232 -1.20080124630449281
2.11437503670961435 0.14119751761544819 -1.02350707771739158
2.16759068724899695 0.14344528031744411 -0.83675853752447227
2.22214549367288994 0.14547210059884383 -0.64256435803842937
2.27807315543747224 0.14725174402235272 -0.44331183413681868
2.33540822003561610 0.14875817810384803 -0.24175461598280121
2.39418610433749990 0.14996603109869480 -0.04098459430880313
2.45444311646821856 0.15085110698125778 0.15561445510334776
2.51621647823593220 0.15139094921561794 0.34443328847577659
2.57954434812445133 0.15157153539239801 0.52174028930664706
2.64446584486438763 0.15140512214029042 0.68384129288452400
2.71102107159746009 0.15091043379295044 0.82714745120566813
2.77925114064893686 0.15010626662036977 0.94825739747668680
2.84919819892341808 0.14901142111525983 1.04406188818466572
2.92090545393970480 0.14764464169349747 1.11185699371032154
2.99441720052086069 0.14602455938528255 1.14946369828333861
3.06977884815588897 0.14416963798377902 1.15535014298182714
3.14703694904994746 0.14209812027242200 1.12875227569788650
3.22623922688048914 0.13982797210405762 1.06978752980084124
3.30743460627699770 0.13737682505147075 0.97955465255607066
3.39067324304256434 0.13476191453323580 0.86021258244825316
3.47600655513604151 0.13200001489298743 0.71502980158006413
3.56348725443379166 0.12910737255850294 0.54839535504700010
3.65316937929071806 0.12609963748422848 0.36578269497193799
3.74510832792074400 0.12299179755794298 0.17365759293910171
3.83936089261720204 0.11979811776010106 -0.02067712816033794
3.93598529483447246 0.11653208761861968 -0.20930570934666062
4.03504122115237340 0.11320638167821982 -0.38399449156641990
4.13658986014558039 0.10983283432632644 -0.53655642748507104
4.24069394018092005 0.10642243263180400 -0.65927759602217073
4.34741776816575598 0.10298532838000622 -0.74539152530473052
4.45682726927146344 0.09953086885040932 -0.78958053600824663
4.56899002765660445 0.09606764670995172 -0.78847303238231770
4.68397532821482443 0.09260356593128248 -0.74109944940698480
4.80185419937330771 0.08914592092446415 -0.64926126094196890
4.92269945696833222 0.08570148511938284 -0.51776161014096922
5.04658574922485403 0.08227660345441294 -0.35444675182377500
5.17358960286799618 0.07887728408094344 -0.17000876637628282
5.30378947039498971 0.07550928360192877 0.02248756855236757
5.43726577853663340 0.07217818067149681 0.20837338531824123
5.57410097793824999 0.06888943386054111 0.37243177800924182
5.71437959409096319 0.06564842029723972 0.50019833459315632
5.85818827954448906 0.06246045345010965 0.57942235790341245
6.00561586743399545 0.05933077992936325 0.60155887556165877
6.15675342635385281 0.05626455670330944 0.56312533719237323
6.31169431661226454 0.05326681175563169 0.46672169392838220
6.47053424790161991 0.05034239214404972 0.32150616976919527
6.63337133842000792 0.04749590406489035 0.14293682493703813
6.80030617548051186 0.04473164980254894 -0.04835883966112964
6.97144187764581069 0.04205356597347349 -0.22862347713609682
7.14688415842628810 0.03946516700694441 -0.37382550488177124
7.32674139158106996 0.03696949691539185 -0.46306865165441458
7.51112467806246364 0.03456909142478152 -0.48212804107179291
7.70014791464491921 0.03226595171959861 -0.42653066852166094
7.89392786428101179 0.03006153011485745 -0.30352308601627703
8.09258422822803780 0.02795672740050062 -0.13229661649180049
8.29623971998953458 0.02595190091658000 0.05798894381960822
8.50502014111750348 0.02404688224239650 0.23249228800598803
8.71905445892231157 0.02224100301867730 0.35692187020890637
8.93847488613801389 0.02053312727484624 0.40477138033362037
9.16341696259241445 0.01892168896836952 0.36411207889157438
9.39401963893249281 0.01740473295003722 0.24216599845686040
9.63042536245651881 0.01597995822309667 0.06597231096561025
9.87278016510634870 0.01464476234673412 -0.12195955160699586
10.12123375367385592 0.01339628560488000 -0.27298049909733796
10.37593960227737711 0.01223145456326761 -0.34505858281202634
10.63705504716545391 0.01114702393598237 -0.31586375858760724
10.90474138390613312 0.01013961625334336 -0.19205226620199842
11.17916396702200110 0.00920575927118331 -0.01074750975648531
11.46049231213266140 0.00834192025213330 0.16916264303152440
11.74890020066744611 0.00754453744081536 0.28509239906014250
12.04456578721316795 0.00681004850656371 0.29345184814853820
12.34767170956344451 0.00613491564083571 0.18888955110192759
12.65840520153719595 0.00551564792805827 0.01117206817630985
12.97695820863616412 0.00494882056001745 -0.16624633887195070
13.30352750661313799 0.00443109124000170 -0.26494354446228169
13.63831482302371079 0.00395921415779979 -0.23767916599053768
13.98152696183683652 0.00353005120170717 -0.09536570724919179
14.33337593118140774 0.00314058112596157 0.09153944516411162
14.69407907430720606 0.00278790662328721 0.22391938888074150
15.06385920384176380 0.00246925937105052 0.22662320140916414
15.44294473942557566 0.00218200365564412 0.09584293154763882
15.83156984881077634 0.00192363831284059 -0.09012215018766423
16.22997459251084607 0.00169179741915222 -0.21216368924102277
16.63840507209008024 0.00148424996281676 -0.18675707318611603
17.05711358218473350 0.00129889833354518 -0.02964083913742488
17.48635876635000130 0.00113377615373183 0.14455579637239729
17.92640577682857028 0.00098704534625703 0.20072790018320100
18.37752643833969302 0.00085699254782603 0.09156374070881206
18.83999941599024197 0.00074202519140182 -0.09211298855183009
19.31411038741092412 0.00064066706220572 -0.18750865528565622
19.80015221922424828 0.00055155361591486 -0.10461615542311269
20.29842514795351960 0.00047342711067179 0.07763031503219178
20.80923696548412138 0.00040513147085794 0.17427500434880885
21.33290320919179095 0.00034560715455384 0.08140502488175919
21.86974735685584292 0.00029388591280941 -0.09900938424939515
22.42010102647672909 0.00024908552072744 -0.15737078120817033
22.98430418112253548 0.00021040460644283 -0.02183250608522208
23.56270533892998742 0.00017711746152752 0.13636142764722564
24.15566178839007350 0.00014856899172389 0.10733835526736085
24.76353980905160768 0.00012416976398662 -0.06930431671865368
25.38671489777839696 0.00010339133593131 -0.13863833306667592
26.02557200070006616 0.00008576123111912 0.00387562716710174
26.68050575100026833 0.00007085872777782 0.13428805777497085
27.35192071268835790 0.00005831054228003 0.03924619710758742
28.04023163050550949 0.00004778670085119 -0.11845805548921959
28.74586368612003895 0.00003899661550562 -0.05882945165575280
29.46925276076943234 0.00003168539829493 0.10654607732184629
30.21084570451161966 0.00002563038659845 0.05952194520833377
30.97110061225237487 0.00002063787211407 -0.10379392556088339
31.75048710671836716 0.00001654006868306 -0.04385889018749207
32.54948662855117902 0.00001319228139444 0.10706872672900589
33.36859273370187395 0.00001047029466797 0.01121243572516800
34.20831139830903567 0.00000826797730791 -0.10499120355035892
35.06916133124878598 0.00000649508029808 0.03655132576523484
35.95167429455081276 0.00000507524212108 0.07894187418776857
36.85639543187652123 0.00000394418029800 -0.08300981003869747
37.78388360526425060 0.00000304806085923 -0.01508064958326535
38.73471174034789044 0.00000234204457381 0.08897089738419667
39.70946718026289091 0.00000178898827406 -0.06402595802892834
40.70875204845873441 0.00000135829818366 -0.02034472862733743
41.73318362064090081 0.00000102492266952 0.07989349331003756
42.78339470607265582 0.00000076846945234 -0.07157976848230051
43.86003403847279003 0.00000057244162073 0.01421351390993240
44.96376667674953609 0.00000042357741484 0.04596251609008994
46.09527441581886364 0.00000031128429227 -0.07508589855336949
47.25525620776151925 0.00000022715837016 0.06681911671365789
48.44442859357776143 0.00000016457719550 -0.03447260257096694
49.66352614580691238 0.00000011835868224 -0.00380400710262712
50.91330192228619467 0.00000008447704719 0.03499314374049436
52.19452793132744972 0.00000005982759547 -0.05403175315648204
53.50799560859982762 0.00000004203420734 0.06192596922351257
54.85451630601411210 0.00000002929239688 -0.06243233078508395
56.23492179290818882 0.00000002024264223 0.05925712445064001
57.65006476984611083 0.00000001386908184 -0.05555591017400643
59.10081939534592266 0.00000000941893154 0.05296509051903454
60.58808182586222557 0.00000000633916012 -0.05178044995077545
62.11277076935834884 0.00000000422706560 0.05173056084443604
63.67582805280798652 0.00000000279203609 -0.05089874236896542
65.27821920397775557 0.00000000182630685 0.04682126371015519
66.92093404785131838 0.00000000118274381 -0.03652214416667798
68.60498731806112005 0.00000000075816260 0.01756303446566466
70.33141928370677931 0.00000000048092748 0.00806329574577294
72.10129639194813933 0.00000000030180967 -0.03251700000377866
73.91571192676798319 0.00000000018733608 0.04086631438170422
75.77578668431220876 0.00000000011499230 -0.02221899811129039
77.68266966522593009 0.00000000006980281 -0.01587232937440972
