0.00000000000000000 4.02215135199876439
0.00000803691858821 4.02215135170100258
0.00001627608382214 4.02215135077235253
0.00002472258517794 4.02215134916702777
0.00003338164020696 4.02215134683471742
0.00004225859775861 4.02215134372206862
0.00005135894128453 4.02215133977276462
0.00006068829222575 4.02215133492709054
0.00007025241348520 4.02215132912193152
0.00008005721298752 4.02215132229052408
0.00009010874732849 4.02215131436212747
0.00010041322551633 4.02215130526194553
0.00011097701280709 4.02215129491102541
0.00012180663463655 4.02215128322583038
0.00013290878065115 4.02215127011799556
0.00014429030884027 4.02215125549435104
0.00015595824977253 4.02215123925607099
0.00016791981093872 4.02215122129922964
0.00018018238120394 4.02215120151380034
0.00019275353537190 4.02215117978348236
0.00020564103886395 4.02215115598558270
0.00021885285251595 4.02215112999071867
0.00023239713749579 4.02215110166202461
0.00024628226034473 4.02215107085527190
0.00026051679814551 4.02215103741809177
0.00027510954382059 4.02215100118971947
0.00029006951156369 4.02215096200059197
0.00030540594240800 4.02215091967179461
0.00032112830993456 4.02215087401459481
0.00033724632612421 4.02215082482976882
0.00035376994735689 4.02215077190739212
0.00037070938056186 4.02215071502604715
0.00038807508952269 4.02215065395221139
0.00040587780134090 4.02215058843960271
0.00042412851306234 4.02215051822864034
0.00044283849847019 4.02215044304577152
0.00046201931504903 4.02215036260240133
0.00048168281112405 4.02215027659469726
0.00050184113318000 4.02215018470193897
0.00052250673336427 4.02215008658656803
0.00054369237717882 4.02214998189268425
0.00056541115136561 4.02214987024550918
0.00058767647199056 4.02214975124964358
0.00061050209273086 4.02214962448897051
0.00063390211337086 4.02214948952517748
0.00065789098851174 4.02214934589605111
0.00068248353650041 4.02214919311504282
0.00070769494858301 4.02214903066991614
0.00073354079828885 4.02214885802055111
0.00076003705105043 4.02214867459871517
0.00078720007406556 4.02214847980562240
0.00081504664640769 4.02214827301077271
0.00084359396939061 4.02214805355046323
0.00087285967719401 4.02214782072571886
0.00090286184775643 4.02214757380042176
0.00093361901394232 4.02214731199983255
0.00096515017499008 4.02214703450830946
0.00099747480824826 4.02214674046684184
0.00103061288120706 4.02214642897158470
0.00106458486383255 4.02214609907096676
0.00109941174121137 4.02214574976312900
0.00113511502651358 4.02214537999377431
0.00117171677428171 4.02214498865337955
0.00120923959405423 4.02214457457377073
0.00124770666433187 4.02214413652581460
0.00128714174689537 4.02214367321610400
0.00132756920148356 4.02214318328299036
0.00136901400084080 4.02214266529423448
0.00141150174614306 4.02214211774207975
0.00145505868281224 4.02214153904040739
0.00149971171672838 4.02214092751990915
0.00154548843084995 4.02214028142470248
0.00159241710225229 4.02213959890659645
0.00164052671959486 4.02213887802153103
0.00168984700102802 4.02213811672407040
0.00174040841255050 4.02213731286222576
0.00179224218682874 4.02213646417202941
0.00184538034248986 4.02213556827166485
0.00189985570390012 4.02213462265561894
0.00195570192144113 4.02213362468815561
0.00201295349229625 4.02213257159671844
0.00207164578176010 4.02213146046446113
0.00213181504508436 4.02213028822366603
0.00219349844987322 4.02212905164732692
0.00225673409904250 4.02212774734100442
0.00232156105435645 4.02212637173458276
0.00238801936055692 4.02212492107291908
0.00245615007009965 4.02212339140607700
0.00252599526851315 4.02212177858056297
0.00259759810039561 4.02212007822725237
0.00267100279606609 4.02211828575119235
0.00274625469888639 4.02211639632038764
0.00282340029327037 4.02211440485250105
0.00290248723339825 4.02211230600271374
0.00298356437265341 4.02211009415063181
0.00306668179379993 4.02210776338545806
0.00315189083991967 4.02210530749102446
0.00323924414612772 4.02210271993116208
0.00332879567208605 4.02209999383188954
0.00342060073533537 4.02209712196517533
0.00351471604546568 4.02209409673043439
0.00361119973914681 4.02209091013537190
0.00371011141604046 4.02208755377567684
0.00381151217561593 4.02208401881458233
0.00391546465489233 4.02208029596029348
0.00402203306713060 4.02207637544256347
0.00413128324149909 4.02207224698831389
0.00424328266373747 4.02206789979611123
0.00435810051784378 4.02206332250878429
0.00447580772881061 4.02205850318505131
0.00459647700643676 4.02205342927006626
0.00472018289024125 4.02204808756319920
0.00484700179550780 4.02204246418563116
0.00497701206048777 4.02203654454549220
0.00511029399479115 4.02203031330114769
0.00524692992899518 4.02202375432330594
0.00538700426550136 4.02201685065429437
0.00553060353067233 4.02200958446590917
0.00567781642828068 4.02200193701502773
0.00582873389430284 4.02199388859615681
0.00598344915309181 4.02198541849323910
0.00614205777496347 4.02197650492706060
0.00630465773523204 4.02196712500154430
0.00647134947473111 4.02195725464660558
0.00664223596185777 4.02194686855740802
0.00681742275617789 4.02193594013237021
0.00699701807363218 4.02192444140614302
0.00718113285338304 4.02191234297995059
0.00736988082634361 4.02189961394872775
0.00756337858543135 4.02188622182398170
0.00776174565758951 4.02187213245273600
0.00796510457762103 4.02185730993290758
0.00817358096388041 4.02184171652375344
0.00838730359587034 4.02182531255131792
0.00860640449379111 4.02180805631111404
0.00883101900009173 4.02178990396361602
0.00906128586307333 4.02177080942458964
0.00929734732259646 4.02175072425190194
0.00953934919794507 4.02172959752430970
0.00978744097790165 4.02170737571470038
0.01004177591308910 4.02168400255787439
0.01030251111063623 4.02165941890988154
0.01056980763122566 4.02163356260218485
0.01084383058858378 4.02160636828626039
0.01112474925147435 4.02157776727189731
0.01141273714825885 4.02154768735663470
0.01170797217408787 4.02151605264663292
0.01201063670079016 4.02148278336815146
0.01232091768952680 4.02144779566986266
0.01263900680628044 4.02141100141462449
0.01296510054025069 4.02137230796169121
0.01329940032522892 4.02133161793566174
0.01364211266402747 4.02128882898607376
0.01399344925603997 4.02124383353400727
0.01435362712801185 4.02119651850466830
0.01472286876810145 4.02114676504768820
0.01510140226331490 4.02109444824286033
0.01548946144039943 4.02103943679059128
0.01588728601028222 4.02098159268698208
0.01629512171614406 4.02092077088221878
0.01671322048521913 4.02085681892136648
0.01714184058441495 4.02078957656752056
0.01758124677984827 4.02071887540530248
0.01803171050039576 4.02064453842432279
0.01849351000536036 4.02056637958186958
0.01896693055635693 4.02048420334234713
0.01945226459352329 4.02039780419461312
0.01994981191616558 4.02030696614438998
0.02045987986794964 4.02021146218078762
0.02098278352675240 4.02011105371520383
0.02151884589929111 4.02000548999291585
0.02206839812065011 4.01989450747452715
0.02263177965882894 4.01977782918568227
0.02320933852443741 4.01965516403354872
0.02380143148566798 4.01952620609039002
0.02440842428867771 4.01939063383899065
0.02503069188351596 4.01924810938075883
0.02566861865573760 4.01909827760431249
0.02632259866384477 4.01894076531082511
0.02699303588270355 4.01877518029697889
0.02768034445308640 4.01860111038987178
0.02838494893749406 4.01841812243462382
0.02910728458241535 4.01822576123049835
0.02984779758718633 4.01802354841372811
0.03060694537961556 4.01781098128394820
0.03138519689854526 4.01758753157184234
0.03218303288352287 4.01735264414524362
0.03300094617176236 4.01710573565057683
0.03383944200257849 4.01684619308527502
0.03469903832948169 4.01657337230053191
0.03558026614012720 4.01628659642779517
0.03648366978431528 4.01598515422884184
0.03740980731024578 4.01566829836157346
0.03835925080923396 4.01533524356168670
0.03933258676910150 4.01498516473357636
0.04033041643646027 4.01461719494670710
0.04135335618811271 4.01423042333367164
0.04240203791179861 4.01382389288515729
0.04347710939652324 4.01339659813574468
0.04457923473270795 4.01294748273804736
0.04570909472241026 4.01247543691772002
0.04686738729986726 4.01197929480496640
0.04805482796262192 4.01145783163769654
0.04927215021349814 4.01090976082891970
0.05052010601369838 4.01033373089419598
0.05179946624730336 4.00972832223193976
0.05311102119746032 4.00909204375167505
0.05445558103455493 4.00842332934140799
0.05583397631666756 4.00772053417069518
0.05724705850262371 4.00698193082032894
0.05869570047795467 4.00620570523250841
0.06018079709409436 4.00538995247471341
0.06170326572114475 4.00453267231059584
0.06326404681455111 4.00363176456987446
0.06486410449603795 4.00268502431023521
0.06650442714916396 4.00169013676428698
0.06818602802986343 4.00064467206431740
0.06990994589235242 3.99954607973719956
0.07167724563078517 3.99839168296209113
0.07348901893705817 3.99717867258422954
0.07534638497516680 3.99590410087690451
0.07725049107253269 3.99456487504452795
0.07920251342872818 3.99315775046002797
0.08120365784203479 3.99167932362869271
0.08325516045428624 3.99012602487168122
0.08535828851445464 3.98849411072150861
0.08751434116145264 3.98677965602104090
0.08972465022663369 3.98497854571873100
0.09199058105648784 3.98308646635065600
0.09431353335604026 3.98109889719777721
0.09669494205347298 3.97901110110889755
0.09913627818650540 3.97681811497244642
0.10163904981108016 3.97451473982122261
0.10420480293291505 3.97209553054884079
0.10683512246249820 3.96955478520836813
0.10953163319411467 3.96688653386146806
0.11229600080951070 3.96408452693235569
0.11512993290681373 3.96114222300945507
0.11803518005534595 3.95805277602507211
0.12101353687698176 3.95480902171920690
0.12406684315471646 3.95140346327175473
0.12719698496913259 3.94782825595555220
0.13040589586346518 3.94407519062216450
0.13369555803798455 3.94013567578774682
0.13706800357443627 3.93600071802363072
0.14052531569129359 3.93166090028896775
0.14406963003059803 3.92710635774874106
0.14770313597718226 3.92232675052344071
0.15142807801109151 3.91731123268677539
0.15524675709403857 3.91204841666773584
0.15916153209074718 3.90652633206442168
0.16317482122606436 3.90073237763428349
0.16728910357874052 3.89465326500407327
0.17150692061279876 3.88827495239736853
0.17583087774744235 3.88158256628791598
0.18026364596646696 3.87456030865246426
0.18480796346817505 3.86719134707230916
0.18946663735680741 3.85945768448673343
0.19424254537654129 3.85134000522879694
0.19913863768912329 3.84281749335942235
0.20415793869623522 3.83386761918513619
0.20930354890772015 3.82446588981980806
0.21457864685682115 3.81458555927528087
0.21998649106361770 3.80419729448643240
0.22553042204786899 3.79326879415534934
0.23121386439251218 3.78176435853978843
0.23704032885908735 3.76964441139790463
0.24301341455639519 3.75686497761873639
0.24913681116372985 3.74337712552746771
0.25541430121005887 3.72912638947116415
0.26184976241055608 3.71405219565013978
0.26844717006193480 3.69808732628292480
0.27521059949805765 3.68115746896442575
0.28214422860734223 3.66318091348152119
0.28925234041351428 3.64406847550176050
0.29653932572130703 3.62372374271694975
0.30400968582873861 3.60204375598873261
0.31166803530764092 3.57892024777659534
0.31951910485416191 3.55424156664216451
0.32756774421099982 3.52789540430764514
0.33581892516317297 3.49977241604868183
0.34427774460917804 3.46977077928494104
0.35294942770943377 3.43780164659037091
0.36183933111395455 3.40379535821427126
0.37095294627124453 3.36770813838882344
0.38029590282046266 3.32952885026683409
0.38987397206894958 3.28928525903598512
0.39969307055726322 3.24704910826224546
0.40975926371392990 3.20293927691686697
0.42007876960216695 3.15712230152559314
0.43065796276088625 3.10980967362090732
0.44150337814235968 3.06125159068676167
0.45262171514897287 3.01172717248196253
0.46401984177156408 2.96153159383492426
0.47570479883189981 2.91096097936179588
0.48768380433191477 2.86029629695205401
0.49996425791239840 2.80978768066478324
0.51255374542388010 2.75964064209799576
0.52546004361254284 2.71000550542528096
0.53869112492405435 2.66097096199203520
0.55225516242828776 2.61256221690740054
0.56616053486796702 2.56474361605620071
0.58041583183436296 2.51742511075007380
0.59502985907323669 2.47047155355332082
0.61001164392429819 2.42371353344366769
0.62537044089755356 2.37695844572792003
0.64111573738997951 2.33000060059427172
0.65725725954604997 2.28262946826370161
0.67380497826574814 2.23463550378935416
0.69076911536376417 2.18581338309872475
0.70816014988369025 2.13596285573510603
0.72598882457110636 2.08488767279101195
0.74426615250956230 2.03239328019214494
0.76300342392355458 1.97828404286989223
0.78221221315269041 1.92236077111360593
0.80190438580136192 1.86441926911955069
0.82209210606833905 1.80425048473110961
0.84278784426080278 1.74164270141816058
0.86400438449747485 1.67638606405376112
0.88575483260558963 1.60827957382803666
0.90805262421659516 1.53714060067572689
0.93091153306557273 1.46281687879747402
0.95434567949951532 1.38520088373188432
0.97836953919971692 1.30424647869230204
1.00299795212364229 1.21998757111455358
1.02824613167184142 1.13255835313508757
1.05412967408552505 1.04221436602244633
1.08066456808063083 0.94935301902210190
1.10786720472434341 0.85453154495175287
1.13575438756013658 0.75847946900972885
1.16434334298760955 0.66210192413431568
1.19365173090354681 0.56646982539484181
1.22369765561073907 0.47279330607739872
1.25449967700131948 0.38237651485456758
1.28607682202154683 0.29655474415498440
1.31844859642507584 0.21661897795675550
1.35163499682199428 0.14373690713081666
1.38565652303109221 0.07888246592523117
1.42053419074295095 0.02278625634277161
1.45628954450169479 -0.02408403473131298
1.49294467101344797 -0.06150971972636089
1.53052221278966094 -0.08947762057900482
1.56904538213380018 -0.10811678448549979
1.60853797547998734 -0.11762834281417862
1.64902438809246266 -0.11822094496549000
1.69052962913498273 -0.11006069552751548
1.73307933711940887 -0.09323970618494881
1.77669979574305481 -0.06776260490525475
1.82141795012460173 -0.03354766105404335
1.86726142344856183 0.00924799835273489
1.91425853402859070 0.04588792096419818
1.96243831280022230 0.06909434790018404
2.01183052125377682 0.08088911361422489
2.06246566981854107 0.08327868938492688
2.11437503670961435 0.07826922946401743
2.16759068724899695 0.06782178774361394
2.22214549367288994 0.05377870303797686
2.27807315543747224 0.03775560040756986
2.33540822003561610 0.02102533806989780
2.39418610433749990 0.00426271568430168
2.45444311646821856 -0.00197392374759694
2.51621647823593220 0.00000000000000000
2.57954434812445133 0.00000000000000000
2.64446584486438763 0.00000000000000000
2.71102107159746009 0.00000000000000000
2.77925114064893686 0.00000000000000000
2.84919819892341808 0.00000000000000000
2.92090545393970480 0.00000000000000000
2.99441720052086069 0.00000000000000000
3.06977884815588897 0.00000000000000000
3.14703694904994746 0.00000000000000000
3.22623922688048914 0.00000000000000000
3.30743460627699770 0.00000000000000000
3.39067324304256434 0.00000000000000000
3.47600655513604151 0.00000000000000000
3.56348725443379166 0.00000000000000000
3.65316937929071806 0.00000000000000000
3.74510832792074400 0.00000000000000000
3.83936089261720204 0.00000000000000000
3.93598529483447246 0.00000000000000000
4.03504122115237340 0.00000000000000000
4.13658986014558039 0.00000000000000000
4.24069394018092005 0.00000000000000000
4.34741776816575598 0.00000000000000000
4.45682726927146344 0.00000000000000000
4.56899002765660445 0.00000000000000000
4.68397532821482443 0.00000000000000000
4.80185419937330771 0.00000000000000000
4.92269945696833222 0.00000000000000000
5.04658574922485403 0.00000000000000000
5.17358960286799618 0.00000000000000000
5.30378947039498971 0.00000000000000000
5.43726577853663340 0.00000000000000000
5.57410097793824999 0.00000000000000000
5.71437959409096319 0.00000000000000000
5.85818827954448906 0.00000000000000000
6.00561586743399545 0.00000000000000000
6.15675342635385281 0.00000000000000000
6.31169431661226454 0.00000000000000000
6.47053424790161991 0.00000000000000000
6.63337133842000792 0.00000000000000000
6.80030617548051186 0.00000000000000000
6.97144187764581069 0.00000000000000000
7.14688415842628810 0.00000000000000000
7.32674139158106996 0.00000000000000000
7.51112467806246364 0.00000000000000000
7.70014791464491921 0.00000000000000000
7.89392786428101179 0.00000000000000000
8.09258422822803780 0.00000000000000000
8.29623971998953458 0.00000000000000000
8.50502014111750348 0.00000000000000000
8.71905445892231157 0.00000000000000000
8.93847488613801389 0.00000000000000000
9.16341696259241445 0.00000000000000000
9.39401963893249281 0.00000000000000000
9.63042536245651881 0.00000000000000000
9.87278016510634870 0.00000000000000000
10.12123375367385592 0.00000000000000000
10.37593960227737711 0.00000000000000000
10.63705504716545391 0.00000000000000000
10.90474138390613312 0.00000000000000000
11.17916396702200110 0.00000000000000000
11.46049231213266140 0.00000000000000000
11.74890020066744611 0.00000000000000000
12.04456578721316795 0.00000000000000000
12.34767170956344451 0.00000000000000000
12.65840520153719595 0.00000000000000000
12.97695820863616412 0.00000000000000000
13.30352750661313799 0.00000000000000000
13.63831482302371079 0.00000000000000000
13.98152696183683652 0.00000000000000000
14.33337593118140774 0.00000000000000000
14.69407907430720606 0.00000000000000000
15.06385920384176380 0.00000000000000000
15.44294473942557566 0.00000000000000000
15.83156984881077634 0.00000000000000000
16.22997459251084607 0.00000000000000000
16.63840507209008024 0.00000000000000000
17.05711358218473350 0.00000000000000000
17.48635876635000130 0.00000000000000000
17.92640577682857028 0.00000000000000000
18.37752643833969302 0.00000000000000000
18.83999941599024197 0.00000000000000000
19.31411038741092412 0.00000000000000000
19.80015221922424828 0.00000000000000000
20.29842514795351960 0.00000000000000000
20.80923696548412138 0.00000000000000000
21.33290320919179095 0.00000000000000000
21.86974735685584292 0.00000000000000000
22.42010102647672909 0.00000000000000000
22.98430418112253548 0.00000000000000000
23.56270533892998742 0.00000000000000000
24.15566178839007350 0.00000000000000000
24.76353980905160768 0.00000000000000000
25.38671489777839696 0.00000000000000000
26.02557200070006616 0.00000000000000000
26.68050575100026833 0.00000000000000000
27.35192071268835790 0.00000000000000000
28.04023163050550949 0.00000000000000000
28.74586368612003895 0.00000000000000000
29.46925276076943234 0.00000000000000000
30.21084570451161966 0.00000000000000000
30.97110061225237487 0.00000000000000000
31.75048710671836716 0.00000000000000000
32.54948662855117902 0.00000000000000000
33.36859273370187395 0.00000000000000000
34.20831139830903567 0.00000000000000000
35.06916133124878598 0.00000000000000000
35.95167429455081276 0.00000000000000000
36.85639543187652123 0.00000000000000000
37.78388360526425060 0.00000000000000000
38.73471174034789044 0.00000000000000000
39.70946718026289091 0.00000000000000000
40.70875204845873441 0.00000000000000000
41.73318362064090081 0.00000000000000000
42.78339470607265582 0.00000000000000000
43.86003403847279003 0.00000000000000000
44.96376667674953609 0.00000000000000000
46.09527441581886364 0.00000000000000000
47.25525620776151925 0.00000000000000000
48.44442859357776143 0.00000000000000000
49.66352614580691238 0.00000000000000000
50.91330192228619467 0.00000000000000000
52.19452793132744972 0.00000000000000000
53.50799560859982762 0.00000000000000000
54.85451630601411210 0.00000000000000000
56.23492179290818882 0.00000000000000000
57.65006476984611083 0.00000000000000000
59.10081939534592266 0.00000000000000000
60.58808182586222557 0.00000000000000000
62.11277076935834884 0.00000000000000000
63.67582805280798652 0.00000000000000000
65.27821920397775557 0.00000000000000000
66.92093404785131838 0.00000000000000000
68.60498731806112005 0.00000000000000000
70.33141928370677931 0.00000000000000000
72.10129639194813933 0.00000000000000000
73.91571192676798319 0.00000000000000000
75.77578668431220876 0.00000000000000000
77.68266966522593009 0.00000000000000000
