0.020434281350296738 0.020434095734958441 4.7055114304460254e-07
0.0084794319695236948 0.0048314922182698412 0.0025947760089607193
0.010504357063376926 0.0020249333933680998 0.003613609300706169
0.0084799863499065622 0.0048318980887346536 -0.002593780845666787
0.00049608530608382696 0.00044887973373507542 6.8523549218243218e-07
0.010506205837006732 0.002024412269759154 -0.0036130508532650945
0.010503454432677814 0.0036154131535236118 0.0020244426728121189
0.0084774657873742804 0.0025953646920787148 0.0048314889422515616
0.00030978855088228843 -0.00025135580958325632 0.00032258542297009148
0.00030920567223493363 0.00032454148692628425 -0.00025276281150264472
0.00031171382213390992 -0.0002521455070889836 -0.00032211271074669093
-4.3695851491437968e-05 -0.0019693219848830293 -2.8382064400971797e-07
0.010506519394433197 0.0036138196117846814 -0.0020238354162659127
0.00031232259678900631 0.00032304278853897018 0.00025269481634399428
0.0084802818037277607 0.0025932399002438359 -0.0048312283726672702
0.020433014537696734 1.6608097317536091e-07 0.020435173884789121
0.00049448742515860282 8.9050934823749368e-08 0.00044863633158674643
0.0084776623674423686 -0.0025957233037948273 0.0048310620206809566
-4.3790924123912741e-05 1.4810224725796938e-06 -0.00197032189326751
0.000310383085005878 -0.00032453509002245817 -0.00025126481326641522
-4.2235442823538964e-05 1.1913265979286515e-06 0.0019695452481589427
-4.2186375233608988e-05 0.0019713931944033659 -4.3534028893008523e-07
0.00049748009110418129 -1.5062857613687623e-07 -0.00044865524758366283
0.00031191997825335085 -0.00032247718991098781 0.00025146014783494763
0.020435339427033527 -7.9585554110455812e-07 -0.020434599005215839
0.0084801475481826628 -0.0025943337430261726 -0.0048318598495964453
0.010503319892549837 -0.003616405437556528 0.0020246504028668712
0.00031159280698528271 0.00025036658810633037 0.00032484639961969687
0.010503488112354535 -0.0020253566109148316 0.0036152233899988582
0.00031243452786798142 0.00025273071291577736 -0.00032346691395167531
0.00049698412011350748 -0.00044944371482836046 1.762708138694538e-06
0.010505850304537245 -0.0036138619756643626 -0.0020257861651585521
0.010506216709425732 -0.0020238987585608904 -0.0036155628243432921
0.0084784837900064251 -0.0048313258996319748 0.0025970419696255773
0.0084807442957830527 -0.0048322953042943392 -0.0025942613639531962
0.020434004233839405 -0.0204348692018077 1.2447705650245057e-06
0.0048323165490049384 0.0084798080291536328 0.0025947521960929497
0.0020246614038482965 0.010505491785265841 0.0036147790929511184
0.0048317732115948199 0.0084798518087752048 -0.0025940125104056445
0.00044898981256053482 0.00049663767313642363 1.1170554529097129e-07
0.0020249484427403274 0.010505912844446342 -0.003613006879735179
-0.0032073392577593204 -0.0070272518602929098 -0.0070268815819360501
-0.0070268569506540431 -0.0032065872191785879 -0.0070257865918146294
-0.007028571787462301 -0.0070282058254581264 -0.0032063913046511518
-0.0049166911037031909 -0.0049175059632012063 -0.0061443375446570605
-0.0029032887862685741 0.00071576510413452928 0.0011323670498193516
0.00071705124099141326 -0.0029038589726105338 0.0011321145158748264
0.0028022577972497621 0.0027998887766801121 0.0028196596937362511
-0.0027666432872783453 -0.0027673492181576817 7.1770279599269922e-07
-0.0029024591363193035 0.00071657723863497585 -0.00113070312406067
0.00071625065099171397 -0.0029028419584582344 -0.0011315184540485225
-0.0030733837019185084 -0.0030744814521860178 1.3810893457713618e-06
-0.0049167446292903878 -0.0049163717140647146 0.006145737813931608
-0.0032050276231913809 -0.0070258286314390204 0.0070278955051403169
-0.0070263310642451181 -0.0032054279962534498 0.007028243831611828
0.0028015291819972949 0.0028033417562977813 -0.0028176923864519799
-0.0070278680311259677 -0.0070267663038063441 0.0032062663074567876
0.0048297061393083006 0.002596587126348384 0.0084788697939490419
0.0020235459124871508 0.0036148752970380344 0.010503485567110584
-0.0049211540987693751 -0.00614440465817386 -0.004918458820095218
-0.002907422625975902 0.0011331449613037415 0.00071599744861451479
0.0028007385393380066 0.0028169806061478352 0.0028032804675221182
0.00071247952164035181 0.0011323338801696942 -0.0029040635281157379
-0.0024284649722579512 0.0010943972511263805 0.001095123494035375
-0.0055731588905721784 0.0002631979337574088 0.00026198547482557161
-0.001481212183903448 -0.00010268126263419712 -0.00039486188997254991
-0.0014828234096700304 -0.00039603989797073596 -9.9828444503863479e-05
-0.0040736138552333835 0.00095190023263207559 1.6259857970324852e-06
-0.0055697871589077338 0.000262097410438075 -0.00025975232372613772
-0.0014808094983630527 -0.00010088416464520905 0.00039882711234958844
-0.0006615521047176132 -0.00060818506704071306 2.7268770461882489e-06
-0.0024242552411359005 0.0010949728056256674 -0.0010935960790811462
-0.0029001555663438119 0.001131628136520403 -0.00071579718246203268
0.0028022324789108025 0.0028201983068536348 -0.0028022292949131415
-0.0014791634799928301 -0.00039592829992284397 0.00010326819230325744
-0.0049163493478806526 -0.0061442758098044711 0.004917692927393036
0.0048336921048823369 0.0025950234547561907 -0.0084805151476093337
0.0020243373972900647 0.0036151697153671051 -0.010505884163481131
0.00071664986282493322 0.0011324525262708452 0.0029014511822109436
0.0048297381228894574 -0.0025963289952383173 0.008478907485510917
0.0004450552999507567 5.8281062552730507e-07 0.00049520490169239996
-0.002771859865759846 3.7291418888471196e-07 -0.0027690265628316684
-0.0029050249584541199 -0.0011330812912413784 0.00071746111019296713
-0.0030768077528826173 2.3423430847812439e-06 -0.0030738351957287232
0.00071434157545957003 -0.001131457009492051 -0.0029026158792500797
-0.0040762023944783468 1.9561000317663039e-06 0.00095282900229304258
-0.0055716109927616622 -0.00026054474686637618 0.00026275946836105285
-0.00066308700000542961 2.8052978559989005e-06 -0.00060732655146716105
-0.0014820546960578442 0.00039873575970503596 -9.9298205365340643e-05
-0.0061961077651095479 2.3948938099603918e-06 7.9955191364593768e-07
-0.0055699871812516302 -0.00026049626649593061 -0.00026191201060503941
-0.00066071198909811919 1.1001625249390689e-06 0.00061141477873009843
-0.00066291833674562007 0.00061029243090281226 9.374946267173934e-07
-0.0040706894040615166 2.6598044309196541e-07 -0.00095132955807725921
-0.0029007050391760048 -0.0011325786880742039 -0.00071665823509456557
-0.0030711328255942178 -7.1542422330781193e-07 0.003074614478980948
-0.0014798142039322811 0.00039549277617834805 0.00010195007369232358
-0.0027655519270098567 -7.2681749832296384e-07 0.0027679905852180699
0.0048342984350668262 -0.0025962865274551557 -0.0084797338165810941
0.00044859599141074818 6.7806028707164449e-08 -0.00049853823135485344
0.00071829858372437182 -0.0011326680933637237 0.0029022370513532014
0.002023799276094254 -0.0036155579911848193 0.010503513869756407
-0.0049202730972416888 0.0061433402063783837 -0.0049190156766807215
-0.0032071547869891867 0.0070258048551942887 -0.0070274185286988873
0.0028040137503336361 -0.0028197937033955529 0.0028050936699546029
-0.0070279160674712113 0.0070266458156796 -0.0032067811454483349
-0.0024256337919840989 -0.0010973306096617569 0.0010977293829716312
-0.0029025582077406293 -0.00071855693128379137 0.0011356361763217525
-0.001481219689652407 0.00010126589589250442 -0.00039481051397844671
0.0028053020389713192 -0.0028046635828708048 0.0028218395852318717
-0.0040731502816419999 -0.00095232285610154146 8.6113988426219857e-07
-0.0029034497016347527 -0.00071633838114224403 -0.0011319922100961654
-0.0014831025820636217 0.0001008030030082769 0.00039617205119439722
-0.0030746762009497748 0.0030730869604918211 5.2883921248464733e-07
-0.0024251021605360304 -0.0010944459456976485 -0.0010959275069441455
-0.0032046882702035685 0.0070267456038925558 0.0070261311317520517
0.0028029068344318552 -0.0028196349024824882 -0.0028022051283137072
0.0028001333414645431 -0.0028018088422739245 -0.0028187900822930993
-0.004916112473890356 0.0061446392179097531 0.0049175457493891529
0.0020270981923853843 -0.0036154680406806378 -0.010505917955059681
-0.0070256134831200509 0.0070267617217034664 0.0032064838084398936
-0.0070265910991207988 0.0032056653645171213 -0.0070268491472624123
-0.0049182513215611156 0.0049175514415625452 -0.0061433519740389728
0.004830583662801367 -0.0084793355990379158 0.0025970444539175561
0.00071803218125591735 0.0029014421245749339 0.0011352714465419106
0.0020243897692586782 -0.010504444417478108 0.0036154039199259289
-0.0027671646696184635 0.0027665008060819723 2.7733287042049448e-06
0.0048317148126367443 -0.0084811605802454955 -0.0025942374869770465
0.00071448267815732696 0.0029029697628151592 -0.0011318370639555901
0.00044849633373814611 -0.00049706432632307725 1.9282101624507361e-06
-0.0049169242896006764 0.0049166126438480702 0.006143730022063601
-0.0070266873840627159 0.0032055833395942942 0.0070269265579971062
0.0020237790665756129 -0.010506173933749228 -0.0036139949498370629
0.0036135974825625842 0.010505005851819797 0.0020260495595591684
0.0025934363827725768 0.0084783104735993015 0.0048316665138431556
-0.00025287371052163841 0.00031182623877104338 0.00032289200364248906
0.00032110553132365469 0.00031234741348524402 -0.00025159571715187463
-0.00025270931556873493 0.00031152348717865936 -0.00032189031507475277
-0.0019718976382975574 -4.2255565694838786e-05 2.8194885206976716e-07
0.0036157262299743899 0.010505403423853431 -0.002022649401902445
0.00032317249441692671 0.00031065156794247268 0.00025503025287018503
0.0025962014031778273 0.0084792152569359465 -0.0048305492258814611
0.003614974724448898 0.0020250186553557202 0.010503996289431487
0.0025961382606949721 0.0048323555018706475 0.0084785464400316188
-0.0061449795695795164 -0.0049186510874000963 -0.0049170503223938226
0.0028198196806970104 0.0028004778134347857 0.0028047526584907079
0.0011315753168944418 -0.0029018630993232755 0.00071829327328460984
0.0011330859767007405 0.00071537793410176393 -0.002901563959809718
0.0010950902274474909 -0.0024258945372082458 0.001096126233426406
-9.9733718368002415e-05 -0.0014825586308136189 -0.00039584381593298654
0.00026058976847057134 -0.0055689450179899624 0.00026125467220616534
-0.00039534153054105093 -0.0014810450561390186 -9.9664722482240768e-05
0.00095176317292559626 -0.0040730551928311615 -3.6075091473592978e-07
-0.00010186670568822354 -0.0014801933070176685 0.00039675512679630386
0.00026048408638440772 -0.0055708412670234849 -0.00026122907526693285
-0.00060858272949424158 -0.00066032683345816461 -9.7969386238167949e-07
0.0010942032484254115 -0.0024265562266547712 -0.001093610567048476
0.0028165450304835512 0.0028025116203331518 -0.0028021716950531179
0.0011319532289943387 -0.002906657556364376 -0.00071378182216449699
-0.00039836060907834424 -0.0014801840809056262 0.00010127411316216886
-0.0061438375500443235 -0.0049197691275237217 0.0049183522574805421
0.0036136635171027738 0.0020240496381232183 -0.01050520832815008
0.0025966453472450078 0.0048287258405798356 -0.0084807058966396686
0.0011296312719177239 0.00071205981955074597 0.0029034778283575078
-0.00025338265722705177 0.00032269245087586905 0.00030898486014814151
0.0003236211346932874 -0.00025400649728883086 0.00031008273492196849
0.0010948144701289015 0.0010927115818461382 -0.0024259802038561311
-0.00010063407357120523 -0.00039716432591945525 -0.0014805163542992313
-0.00039377769825930492 -0.00010365971885520434 -0.0014793044808865848
0.00026245615808076337 0.00026002813317510629 -0.0055695596509347644
0.00023451992760229693 0.00022991383726779415 0.0002343607519122836
-0.00064211085858708759 -0.00025206465049285303 -0.00024965098214864315
-0.00024929348144689183 -0.00064508068191545111 -0.00025080801318993877
-0.00024921031024176298 -0.00025334525090737461 -0.00064231203081736962
-0.0014523485010549621 -0.0014542335153728985 1.8858931136269112e-06
-0.00064186839470994862 -0.00025045716893659458 0.00025548796670965524
-0.00025111555087606503 -0.00064049301261221716 0.00025227500892691167
-0.00076946962444016933 -0.00077188622635611685 3.3687405458569399e-06
0.00023153590991224771 0.00023531636906449572 -0.00023153689787916909
-0.00010141481085108726 -0.00039368412524787419 0.0014807542334467671
-0.00039902736551846563 -9.7370236778023537e-05 0.0014793988687733274
-0.00025038508999146165 -0.00024716595517710238 0.00064501038568965914
0.0010913858790685413 0.0010960838942822974 0.0024242704293599296
-0.00025467231214244812 0.00032441944080511317 -0.00031340082072579909
0.00031964184099427494 -0.00025278315465827677 -0.00031107758573107073
0.00025881450092345398 0.00026596397969193904 0.0055659139441318695
-0.00025289761602115301 -0.00032200495806978396 0.00031051985729461115
-0.0019709971455705052 1.0857055528646269e-06 -4.4667702226491336e-05
0.00095126167089340486 2.0616071791647257e-06 -0.0040728416845813697
-0.00010052937636720407 0.00040037117911292594 -0.0014798966858738005
-0.00060789451359514709 2.0111590756503695e-06 -0.00065977869258836055
0.00026139735883805651 -0.00025770458267408008 -0.0055681326890941428
-0.0014533573997734135 2.6836729035709653e-06 -0.0014524844592136211
-0.00064458633044091156 0.00025414748087485993 -0.00025126554139550284
-0.00077103453469004471 4.8638907650356976e-08 -0.00076987530394836577
-0.00025224050379948643 0.00025556854011942484 -0.00064436776223981366
-0.00066812669577609863 8.4563859204569883e-07 3.0299979618307732e-06
-0.00064428382341274863 0.00024982037405355635 0.00025418622350375239
-0.00076937039224678639 -1.6430893575662445e-06 0.00077662699909184603
-0.00077242626584229012 0.0007706432457986218 1.8515353938849673e-06
-0.0014516039531616686 -3.4254657852044715e-07 0.001456683459625564
-0.00010012043156915781 0.00039356962649444841 0.0014822498033973293
-0.00060798678860151593 4.6431654268573412e-07 0.00065951971665508327
-0.00025073256470160431 0.00024608398930867222 0.00064699155961123861
0.00095203087375085485 5.551415219922912e-07 0.0040696476192483974
-0.00025292253671253969 -0.00032253083355674849 -0.00031351219925471337
-0.0019727357525604547 1.4519638710542924e-06 4.0281559760009696e-05
0.00025948179273609746 -0.0002633987009972188 0.0055671675497273379
0.0036145682311360043 -0.0020260171561328052 0.010503686663889775
0.00032320783703628669 0.0002523532070835662 0.00031217604574225412
0.0010968423538862708 -0.0010948710322022121 -0.0024227607114879219
0.0028231638831525399 -0.0028048729829228264 0.002806536313144827
-0.00039574970912111657 0.00010425225717425649 -0.0014792882102746992
0.0011338497807884193 -0.00071860268501826871 -0.0028980706831238301
0.00023427340561882034 -0.0002303504524747437 0.00023353186607535849
-0.0001004095919839122 0.0014809095973251619 -0.0003971650774650848
-0.00025324099985602898 0.00064603155000121832 -0.000254445170548727
-0.00039592693875820746 0.0014805726793720906 -0.000101491456952255
-0.0014561270900256542 0.001453889347975698 -9.7184382318804216e-07
-0.00010419186684337263 0.001481425567129034 0.00039584776019872467
-0.00025295286338027447 0.00064080248928851551 0.00025275498865750276
-0.00061096090918179215 0.000662189425504142 -3.175619774988856e-06
0.00023086010571909087 -0.00023498964277391884 -0.00023128313074164721
0.002817221315165209 -0.0028024501600116894 -0.0028005529202942518
-0.00039788784085119518 9.7430330238127148e-05 0.001483091721505625
-0.00039829446793174006 0.0014807906282078729 0.00010290885610753908
0.001094114707959044 -0.0010958520625164326 0.002425967313436975
0.0036152169540588338 -0.0020257330729889257 -0.010506008137877325
0.00031996026453634454 0.00025261260519916979 -0.00031226687284836505
0.0011297854669520997 -0.0007152353306685076 0.0029043694221036749
0.0025951280552514253 -0.0048331081120232119 0.0084786098254062796
-0.0061446222643574541 0.0049175126534502771 -0.0049171565294670429
0.0036152200309230668 -0.010504446646939997 0.0020258237215573377
0.0011344200431418826 0.0028990490142563911 0.00072097187512773714
0.0025937686989125179 -0.0084780040599428171 0.0048327056676962295
0.0010990751171090155 0.0024225874367983908 0.0010979084879765748
-0.00025078303790278798 -0.00031246992261928187 0.00032443515625301365
0.00026123978985190689 0.0055693418007212638 0.00025921904357113063
0.00032455982840061404 -0.00031354117907823669 -0.00025029262958868939
0.00095112531313287785 0.0040726825786869224 -6.9254211254256475e-07
-0.00025347448739051874 -0.00031138299319915749 -0.0003224737887706176
0.00026001054768891844 0.0055724370482650833 -0.0002616754944987313
-0.0019712748184222313 4.2541452725427566e-05 -5.3979649211343315e-07
0.0010930544506837449 0.002426903493514666 -0.0010940626680522487
0.0036148943009438011 -0.010505419783381894 -0.0020237364528433478
0.0011316412579262503 0.00290523926545858 -0.00071380765685662151
0.00032319599768008381 -0.0003103110970624056 0.00025410710676573032
-0.0061439501645989408 0.0049178187248674196 0.004918395489752544
0.0025956234809201332 -0.0048316065643922764 -0.0084805298749344171
0.0025949640623945569 -0.0084798951046092565 -0.0048312180153377952
1.4686563483904319e-07 0.020433654608420487 0.020432820715344132
-1.8104676355532267e-06 0.00049646176501664738 0.00044869477220863853
-0.0025939293496828001 0.0084788931087726137 0.0048298777927472374
-2.2095231004226442e-06 -4.1902626851416606e-05 -0.001969549604470875
-0.0003243858592580284 0.00031129797483107902 -0.00025211109283684689
-1.1684278464088324e-07 -4.3454930048712152e-05 0.0019724722726418573
0.0019706825061853255 -4.2919796719352588e-05 2.4462878399607139e-06
8.2695578951292971e-07 0.00049559563094352587 -0.00044482858053221147
-0.00032175103768511838 0.00031054930443962089 0.00025591902526322647
-2.1457368199741086e-08 0.020434392101882467 -0.020436676104865083
-0.0025955837755583765 0.008479521754081152 -0.0048317834084650102
1.0939692918633859e-06 0.00044765335272338447 0.00049607723603270135
-0.0025953474860449209 0.0048332846412675497 0.0084781347144471733
-1.2800503089848826e-07 -0.002766442757751 -0.0027684131642290058
2.806325203006747e-07 -0.0030722983950988874 -0.0030725641417366613
-0.0011330143953456246 -0.0028996137862075284 0.00071641648846403495
-0.0011318472038365814 0.00071680293192625958 -0.0029021935019281787
-2.161408059857946e-06 -0.004069706477395036 0.00095254911210778965
-1.0991821187996028e-06 -0.00065888540300722731 -0.0006094324041703101
-0.00026315791529338728 -0.0055677414910549001 0.00026181383162578219
0.00039495992040897328 -0.0014778256336100705 -0.000101019588724112
-1.7305786297897027e-06 -0.0061938428405070552 -9.1107512857496399e-10
-4.9074201431378067e-07 -0.00065916185309627018 0.00060795340145671103
-0.00026075073470574407 -0.0055716426849882553 -0.00025935674289062106
0.00060750737992015954 -0.0006585700346072405 -4.974723349033957e-07
2.9600546167672068e-07 -0.0040756849258143952 -0.00094974507088858157
-4.5774051266575839e-07 -0.003076144668076119 0.0030745634804329024
-0.0011308456573271108 -0.0029084843623159305 -0.00071396746794950621
0.00039787477210657387 -0.0014810177233354881 0.00010118456666517969
8.0748562211779482e-08 -0.0027746521556361648 0.002769892347619653
-5.2284363043055614e-07 0.000442384822874951 -0.00049581263673344287
-0.0025971669622043905 0.0048281042875567455 -0.0084807795289642326
-0.0011302611626651761 0.00071126703058576419 0.0029030264370279307
-4.449554704216464e-07 -0.0019722237926899566 -4.3999047713831445e-05
-0.00032309292987890009 -0.00025542888495746401 0.00031088136412591285
1.0747093108781173e-06 0.0009497764687328024 -0.0040707824245142469
4.7700912803463933e-07 -0.00061168144390182327 -0.00065894742828731209
0.00039542846144766585 -0.00010366517797522611 -0.0014796590367573705
-0.00026327993899256615 0.00025718728300180458 -0.0055683819206620907
8.8702913478339065e-07 -0.0014552550520065808 -0.0014529458146809475
9.4819559437796398e-07 -0.00077374008740659669 -0.00076945992719616566
0.00024967991834934768 -0.00064341547481236233 -0.00025149684389068881
0.00024983749479720791 -0.00025524797823704617 -0.00064209626215155761
2.4976655033781677e-07 -0.00066665300965023343 2.8090119355225258e-07
1.013282768442679e-06 -0.00076836230108254526 0.00077468089168881331
0.00025054311791029393 -0.00063881140688821949 0.00025190062375368986
0.00077045018428305236 -0.00077140613310290205 3.4537440913183044e-06
-2.3496067581936342e-07 -0.0014477631934966908 0.0014525695613809455
-4.4870334680334177e-07 -0.00060204256822418397 0.00065716253538268218
0.00039792389139975772 -9.7019688642944942e-05 0.0014792024034618197
0.00025066619730242557 -0.00024557352390985735 0.00064386205034952613
-8.3050680027072362e-07 0.00095360329507161506 0.0040700670206374771
-1.3268473917539481e-06 -0.0019677891259203767 4.2125279613147368e-05
-0.00032074381314576607 -0.00025313559449020287 -0.00031058401135379532
-0.00025995835421945782 0.00026547612621347061 0.0055648478413353134
-1.8525053775698759e-06 0.0019724986434217651 -4.3902912130756519e-05
0.0019681617435540234 -4.9291037708595767e-07 -4.5827828830286542e-05
-1.5836687256679546e-06 6.0269414338637143e-07 -0.0061937411027317667
-2.8242798511667279e-06 0.0006128348921771473 -0.00066013814668653575
0.00060563690637549256 -1.1221552525284254e-06 -0.00065913395597862038
-0.00026482724897109854 -0.0002578907065301742 -0.005568540827757395
-7.4463759427469684e-07 -8.2782990243768213e-07 -0.00066784494342402327
-1.9609266056288542e-06 0.00077170727996249433 -0.00077155619060420479
0.00077023068412849691 -2.878871336716223e-06 -0.0007684516163267176
0.00024828008890790342 0.00025289070215515658 -0.00064412247804199912
6.9103006018893697e-07 -2.6226391776192965e-06 5.0797593940363402e-06
9.2010753454550394e-07 0.00076588113338754314 0.00077633184638488135
0.00077072603209266772 -1.6214218517655007e-06 0.00077701995839657445
0.00077094785064497342 0.00076752494667705544 4.7726838785938686e-06
1.1512989979242501e-06 -8.954192094757666e-07 0.00067051082955187926
-4.0106967696931821e-07 0.00060324162492224722 0.00065923655865201408
0.00060799120415131261 3.5243182195652532e-07 0.00065686455380101075
0.00025141606716081507 0.00024518134784269066 0.00064575779942983565
-1.3496031055989132e-06 1.5341593655791841e-06 0.006188959268667471
-2.5294936913701667e-06 0.0019695970386856684 4.0713616020995012e-05
0.0019703305930651371 5.0406510047971414e-07 4.0260843709262039e-05
-0.00026254422504274916 -0.00026487069217550371 0.005564993159354781
-3.175389632116915e-07 -0.00044963867032440322 0.00049750460152937596
-0.00032503029188385782 0.00025420371592102759 0.00031069368150958782
-2.2316638291358282e-06 -0.00094954465890328651 -0.0040692373938973703
-2.1523874325830832e-06 0.0030729920357212026 -0.0030716725644720781
0.00039228777294951825 0.00010474641435091126 -0.0014807641306921948
-0.001134734755880613 -0.0007168046469675708 -0.0028996623899608396
-3.7314163090152603e-06 0.0014573145693645752 -0.0014565412704553593
-4.2186051556473287e-06 0.00066222671482740508 -0.00061305516930487279
0.00024780985678133196 0.00064405962502087609 -0.00025303013507772495
0.00039084625056442059 0.0014814573148777834 -0.00010379256043382921
-2.188109893434672e-06 0.00066754201728403892 -1.0847853729138099e-07
-7.2294979913989872e-07 0.00066156088575700426 0.00060954809524191821
0.00025171997117511479 0.00063909129871722473 0.00025538103294298292
0.0006063033891035212 0.00066186075705917621 5.736170497032795e-07
3.8077558586498075e-07 0.0014483133545043969 0.0014562697939240108
-6.7773488194450526e-07 0.0030747016507995158 0.0030758093825700899
0.00039613530425074606 9.6777114658854079e-05 0.0014797913861391322
0.00039784235765320786 0.0014816203365782296 0.000102901525259067
-2.7021218337700747e-06 -0.00095390221922517443 0.0040710141722469628
-2.8837684620614785e-06 -0.0004457806055768801 -0.00049658996749671726
-0.00032461413485435249 0.00025205838785153137 -0.00031134667247777171
-0.0011332501415321659 -0.00071321365954024911 0.0029018065312094049
5.269198664618723e-08 -0.020432545599175962 0.020432990391761992
-0.0025950963749246121 -0.0048325747648583989 0.0084781492370153977
-3.821866990041781e-07 0.0027647882810970092 -0.0027641536675062331
-8.6253122633217263e-07 -0.00049814601530591895 0.00045203497070233842
-0.0011361479615636435 0.0029003880061685338 0.00071805856632889365
-0.0025937516298156823 -0.0084784190100554678 0.0048321347841357521
-3.0142826610568429e-06 0.0040706665761786514 0.00095162156014498122
-2.402257650542889e-06 4.1798230539122957e-05 -0.0019709909969201495
-0.00026642056311957881 0.0055711798940213811 0.00025986381107681719
-0.00032709917261968154 -0.00031154491890116628 -0.00025226179555787515
-2.4487360829351305e-06 0.0061967693108845659 -1.3041734885320025e-06
2.5603556262096976e-07 4.3897340784164116e-05 0.0019718204858291222
-0.00026127523683204686 0.0055736780139906076 -0.00025815102346849264
0.0019689264213632891 4.4152716938377148e-05 1.9569834475102694e-06
9.5468904593446084e-07 0.0040760859263027647 -0.0009497192543130575
7.5120182645738314e-07 -0.00049572913425260413 -0.00044711033031959516
-0.0011313389310980333 0.0029070343125523149 -0.00071586686115259358
-0.00032203218873244014 -0.00031055880409480902 0.00025481025906305612
-1.1318244149090963e-06 0.0027713489228083335 0.0027689721570358086
-5.7670279350758861e-07 -0.020434362990141092 -0.020435930895754566
-0.0025981139294925324 -0.0048292876960722023 -0.008480738181964079
-0.0025950259738941901 -0.0084786859919865291 -0.0048326241407611542
-0.0036132615005123642 0.010504577011841381 0.0020233220715494922
0.00025383424741104704 0.00031074079305695051 0.00032504698023537709
-0.0020216912607001099 0.010504963081643733 0.0036147718597040902
0.00025452870768513983 0.00031134048969080614 -0.00031940266137910848
-0.00044614011742786369 0.00049646197540835317 3.0585016955231512e-06
-0.0036153138673262579 0.010505447888032961 -0.0020240661314327741
-0.002025356690623916 0.010505634072222405 -0.0036133040442543887
-0.0036151999285688671 0.0020244100425299274 0.010503979206285062
0.0061451645577982215 -0.0049164269145301953 -0.0049193148543768281
-0.0028196702016104191 0.0028040539034538342 0.0028029160910790938
0.0070282524937317885 -0.0032045096883587471 -0.0070280065026726082
0.0070276540858643273 -0.0070281570134298043 -0.0032065823138172226
-0.0010945992240813543 -0.0024228551408609789 0.001095065968582669
0.00010005421061319334 -0.0014790907847671442 -0.00039655911966944026
-0.00071383130944466851 -0.0029029595112943364 0.0011337741646866252
-0.0028015324974509843 0.0028031689006041737 0.0028187786926119895
-0.00095036091616956505 -0.004073464491538949 2.4011395384206161e-06
0.00010124825362244293 -0.0014813479078754077 0.00039750649367041417
-0.00071518850207932978 -0.0029063109160509032 -0.0011301592823105252
0.00307406661389545 -0.0030754442818818877 3.1869131139517882e-07
-0.0010933028819809765 -0.0024292250036432091 -0.001092767707490565
-0.0028172525152919807 0.0028001541509914078 -0.0028021526213708745
0.0070247531029290194 -0.0032081436363116159 0.007026810500174327
-0.0028026078801692521 0.0027994346697894821 -0.002817291804040392
0.0061435266592577168 -0.0049214124076969882 0.0049168399125520566
-0.0036141278499821467 0.0020233075868907355 -0.010505463340374464
0.0070268814831097193 -0.007027518329184022 0.0032061680628086998
0.00025159460658263487 0.00031935458017604489 0.00030875107902656601
-0.0020246363708146978 0.0036117239684589496 0.010503461606023166
-0.0010960447700374804 0.0010908633940161783 -0.0024240837509894777
9.9726904851021707e-05 -0.00040125062859166458 -0.0014790188239688141
-0.0028025258904402503 0.0028160188996339919 0.002804181532378055
-0.0007142110595141863 0.0011280533356486416 -0.002901755933828503
-0.00023435499772849486 0.00023090888652544297 0.00023318942466999141
0.00064113128529216053 -0.00025326214956644872 -0.00024937162686045273
0.0014801947713269635 -0.0001022143925927426 -0.00039697374028283428
0.0014810443312507937 -0.00039924917288539238 -9.9859686287478338e-05
0.0014509609562626848 -0.0014519844718968731 7.8869454160075172e-07
0.00064013612973000595 -0.00024804763026351211 0.00025481391290404555
0.0014784278808290152 -0.00010005408503142835 0.00039798986218883559
0.00065763522428778946 -0.00060785404187270345 1.9984430101791769e-06
-0.00023331646311833916 0.00023651909391094887 -0.00023216070591458539
0.00010102161979463615 -0.00039198216565286786 0.0014793546565773316
-0.0028029803636245806 0.002820804210470592 -0.0028012015821803991
0.0014768546079271115 -0.00039283711236768964 0.00010360194066130421
-0.0010916094265022974 0.0010957374845645151 0.0024243410672643534
0.00025525656203151045 0.00032327945582063047 -0.0003129971343212969
-0.0020240268562220875 0.0036159486189072027 -0.010506142216005883
-0.0007151043608015625 0.0011333432877293072 0.002901347239697801
0.0002519844803174062 -0.00032043535414774671 0.00030828277533664688
-0.00044530492311779454 -3.7119485849677246e-07 0.00049315520588428304
-0.00095282734324065948 -8.5999321888351253e-07 -0.0040716380402051654
0.00010047670633767081 0.00039954779607625059 -0.0014798867371446449
0.0030767466978249038 -1.3215815560056724e-07 -0.0030720788992465854
-0.00071258121800035854 -0.0011287458237898454 -0.0029015736914801069
0.0014526226344948098 -1.9086759254326219e-06 -0.0014516499316523542
0.00064289103721452035 0.00024952683022234803 -0.00024955135655700374
0.00066074477494232234 -7.3895519807397217e-07 -0.00060710702940366392
0.0014839254097437525 0.00039762637324546653 -0.00010081529788588447
0.00066613207480999668 -2.0754137678164611e-06 5.4688822901006734e-06
0.00064173168360479201 0.00024650889482456795 0.00025698608788474544
0.00065637526816630259 1.6699432233299962e-07 0.00061324742104516502
0.00066020796143634319 0.00060621565101998164 3.177394945252767e-06
0.001450683678381286 8.141451072045914e-09 0.0014555833819447569
0.0001000056044886112 0.00039159945080641332 0.0014782829329398877
0.0030713210862568945 -4.1826374787143372e-07 0.0030736431221988769
0.0014773889012870585 0.0003927884648143626 0.0001033358788105356
-0.00095118423229925003 -7.7044117139227506e-07 0.0040672325097155307
0.00025305652892621618 -0.00032523750212438193 -0.00031290235400000151
-0.00044575616656062191 -1.7380837128309951e-06 -0.00049884299307697156
-0.0007154173289279581 -0.0011358572360852552 0.0028999374046420534
-0.0036141401725401246 -0.0020245202556244055 0.010503541163753414
-0.0020225210013999819 -0.003612269268008542 0.010503083995598144
-0.001095773585827936 -0.0010917476358616794 -0.0024243685653484301
-0.0028213170932231933 -0.0028028617853045334 0.0028027396677230889
-0.0027994748554523111 -0.0028173108709232644 0.0028034526375808827
0.0070303127853620015 0.0070282038953717856 -0.0032072196324636282
-0.00023356609907957291 -0.00023115497877734033 0.00023068288171884188
9.937637468248429e-05 0.0014811337969404155 -0.00039769646995285745
0.0014834855136183613 9.9993278335197165e-05 -0.00039715930656978893
-0.0027999377109625533 -0.0028036047651633506 0.002816834516808424
0.0014530379836562462 0.0014510753778182782 3.3191355024690754e-06
0.00010103408589307323 0.0014819140232507576 0.00040036822113468924
0.0014797085408094369 9.8594661386101836e-05 0.00039996494087918364
0.003074796203523866 0.0030742991276537027 2.2853994306796398e-06
-0.00023308360098953481 -0.00023673010993354579 -0.00023112312872346653
-0.0028183098549431846 -0.0028002946194757598 -0.0028039425121654418
-0.002802949562008683 -0.0028214383277297586 -0.0028039555772223232
-0.0028029111443581543 -0.0028005855959697843 -0.0028167463775929128
-0.0010946299056880668 -0.0010969129372359852 0.0024224701123476697
-0.0036158070526318628 -0.0020235447934905167 -0.010504855422959078
-0.0020241378064782645 -0.0036165874911457288 -0.010504821725020213
0.0070270118761943633 0.0070284225401017007 0.0032042454527648136
0.0061452887298833955 0.0049180764648600215 -0.0049184313153033963
-0.0036148024336246243 -0.010503853868038931 0.0020236852848312089
0.0070294266711106888 0.0032056984507142761 -0.0070293170049855868
-0.0010979628423522939 0.0024249260845540885 0.0010936417417555635
0.00025046936045816258 -0.00030922756669017897 0.00032429728930423105
-0.00071456325509615718 0.0029038545720945731 0.0011326944557835559
-0.0020221116328095964 -0.010503273198404287 0.0036128206372574578
-0.00095296991776499433 0.0040754833766703923 3.5161158145285118e-06
0.00025243446025536393 -0.00031057390507198434 -0.00031832654151206247
-0.00071639813129079554 0.0029064968881234439 -0.0011276454332899599
-0.00044765053995444028 -0.00049410919538126364 3.8695504048773833e-06
-0.0010943354685229454 0.002429508984797281 -0.0010926837482484633
-0.0036152913419761155 -0.010505138516904973 -0.002025733791035089
0.0070246131747402898 0.0032083253755040698 0.0070253157855110025
-0.002026062747220319 -0.010505346894749513 -0.0036127921735056015
0.006142972419394971 0.0049213317633891984 0.0049152866005826041
-0.0048290548344663495 0.0084800524262772774 0.0025972741154269754
-0.0048318260512879487 0.008480427100034077 -0.0025946791910859534
-0.020434657658333088 0.020434531179515755 4.9022908464419728e-07
0.0032071082966564973 -0.0070269645856090579 -0.0070269388555762799
0.0049194298240259685 -0.0049169332761979309 -0.0061439550581058183
0.0029040510752806224 0.00071464566457193337 0.0011318075742378529
-0.0084793461655955291 0.0048300923906775817 0.0025958899363972086
-0.0105045892187258 0.0020235333676750719 0.0036140564454632878
0.0027687345395746568 -0.0027701021539397043 1.3514125898887505e-06
0.0029027269584098207 0.00071217818345231665 -0.00113177835156302
-0.0084805939556259445 0.0048288994860311791 -0.0025958228122720892
-0.00049575464179519527 0.00044514888916062124 -8.2514839067194852e-07
0.0049151810711192045 -0.0049196448174011528 0.0061438646812496146
0.0032039994191839002 -0.0070271645076656741 0.007028007839505886
-0.010504977484283086 0.0020224208216828017 -0.0036136984747755993
-0.0048291418841311497 0.0025941354358195029 0.0084774406449209441
0.0049201707694218402 -0.0061471779661843402 -0.0049177716598866996
0.0029057435361383019 0.0011304086431617091 0.00071759283989109111
-0.010503886661250796 0.0036133566110353697 0.0020247275573945251
-0.008476374473854794 0.0025933825723716709 0.0048315609234521736
0.002426366250687264 0.0010930686326813812 0.001094619147086133
0.0055704986958714066 0.00026060753853411264 0.0002603421735215411
-0.00030969990112545689 -0.0002541249512028991 0.00032105444555528741
-0.00030930523364687589 0.00032281550276918192 -0.00025339151049099361
0.0040724300668871088 0.00094996371132003701 -8.170022166443339e-07
0.0055673050104820872 0.00026309856924431989 -0.00025879612454192684
-0.00031004988481847062 -0.00025421876567321294 -0.00032230120596627235
4.4122617561601855e-05 -0.0019709823008843899 -1.1727289933079086e-06
0.0024240128222247238 0.0010949421637320845 -0.001092113090895244
0.0029005416472233691 0.0011341919419541376 -0.0007135536856509926
-0.0105057488251615 0.0036151165366576261 -0.0020225844709425272
-0.0003114792543097919 0.0003240562738352356 0.00025557795986735118
0.0049169790741910319 -0.0061425441495852676 0.0049187769545254861
-0.0048325155481885396 0.0025965118823284838 -0.0084809617545698098
-0.0084809805752083141 0.0025955289284819334 -0.0048305776816822774
-0.0048281635704377716 -0.0025934762196543615 0.0084781917150963566
-0.02043111894334099 6.4578562175673962e-07 0.020433782739827194
0.0027732148438901925 9.1049292008641097e-07 -0.002767402746823066
0.0029076186309001037 -0.0011295996024133282 0.00071758832859526289
-0.00049366119825976131 1.7429946684460759e-06 0.00044911252359666927
-0.0084764573964434906 -0.0025921711989287648 0.0048325016334840477
0.0040758604758738496 1.0808320316681975e-06 0.00095154937174276753
0.0055723997207293777 -0.00026089837561426264 0.00025965676135003438
4.4685395421537565e-05 1.160034977514707e-06 -0.0019724239565198781
-0.00030973066153364712 -0.00032195341221223205 -0.00025398109016685404
0.0061933275504170663 4.6388544231307533e-07 9.4031098784458848e-07
0.0055679581350058785 -0.00026278148273545655 -0.00025855222272008196
4.2924935809663008e-05 6.7685874653760365e-07 0.0019718884217526408
4.4312810349580534e-05 0.0019712586836327867 -9.7538829538816662e-07
0.0040683816388523853 4.9748818214276487e-07 -0.00094843032336217178
0.0029008265373745576 -0.0011348454459489481 -0.00071557651213445496
-0.00049784939381222141 -1.55109615577036e-07 -0.00044570045332606098
-0.00031204404689265863 -0.00032363247061596018 0.00025484094329044239
0.0027675430059247649 -1.2358742335332152e-06 0.0027681619989252922
-0.0048313789745802879 -0.0025988555305509146 -0.0084806105010624792
-0.020435183254203883 -9.5410729751252206e-07 -0.020435520191632806
-0.008479954571327537 -0.0025967504248377848 -0.0048312103864334849
0.0049224439001667548 0.0061466075145700932 -0.0049172431573796501
0.0032095674155657159 0.0070257382008945771 -0.0070281240340685034
-0.010503731633298754 -0.0036138424920723919 0.0020243619631607188
0.0024295657106068883 -0.0010951321016342095 0.0010930762647280703
0.0029068404233995324 -0.00071681858677214187 0.0011304365468384966
-0.00030981785447655287 0.00025240499874794168 0.00032006918386033069
-0.010503312257372452 -0.0020248570700609845 0.003612258381824576
0.0040746162041401454 -0.00095261114133146857 -1.3377501618005268e-07
0.0029037147492011204 -0.0007147808366365538 -0.0011299237077535594
-0.00031000599275342842 0.00025268301931278669 -0.00032226327012676095
-0.00049414767790233009 -0.00044754452867865426 -6.7936832614842759e-07
0.0024243225380319168 -0.0010961548672333184 -0.0010929198151847959
0.0032047524560305722 0.007027262709172314 0.0070264128460894616
-0.010505333342145411 -0.0036156031055674981 -0.0020239550430266751
-0.010504981339013158 -0.0020235130803434591 -0.0036134414496280663
0.0049182670593721839 0.0061421257795849348 0.0049167923761491645
0.0049215099883522179 0.0049168549359182318 -0.0061464645064582234
-0.0048280072130239791 -0.0084782757554458053 0.0025956229013796173
-0.008477038636299861 -0.0048308968266933339 0.0025939699443338262
0.0027699693498722811 0.0027696221941001411 1.8836307130878331e-06
-0.0048320045595666621 -0.0084789909004776773 -0.0025929069231157599
-0.0084794206350107208 -0.0048297400945971885 -0.0025946595142284819
-0.02043311824472787 -0.020433554788782289 2.7228692680987359e-07
0.0049151562882715086 0.0049193826102628046 0.0061452577891419995
