0.09916180958248709 0.11039255550376208 0.027951139888570398
0.042216890613588312 0.0082986269076883064 0.038229158072687883
0.0077963638510938991 -0.031773421849073162 0.010726736157949744
0.078963279419738325 0.037099151288189268 0.035481597718397484
-0.036638399927138535 -0.060767287548128116 0.057201565557646154
0.10198747340597464 0.020840868076336685 0.057022441193537117
-0.0021185261268045884 -0.012684387539681621 -0.018324263170136718
0.018878048551964319 0.018485999776880445 0.00092617096893368289
-0.12880745581356803 -0.095470482012054519 0.00033993698250995717
-0.14119338519390845 -0.033002005314489158 -0.071151846678328037
-0.065666597403011631 -0.071829016985138008 0.12619509287963021
-0.21390997718607488 -0.063900907138696575 0.081072618891275552
0.13949986180624793 0.040509589501567141 0.036910914476507344
-0.012697502160583367 -0.0085026877711160704 0.16709458032323463
0.17133352303365265 0.049772263322494591 -0.046948994571518632
0.074742302010722406 0.011771197194065643 0.092689566286278099
-0.068328378592402469 0.029072399913604777 -0.061085737412971387
0.038073717591118321 0.018157532729699895 0.019107183620218765
-0.2283224849085034 0.045425848479049513 -0.029329009168598635
-0.10601272228007499 0.10238976168401508 -0.056247071929303866
-0.15331105043594848 0.047548408881842433 0.18204267724151474
-0.17013823181395754 0.15030753944368036 0.083921062383101361
0.09531525353571231 0.031604087156004303 0.085331963342243522
0.02369667310863725 0.081548090369430448 0.15158440383004299
0.1995615625512992 0.014884956905694949 -0.18251507527640037
0.19542163902805429 -0.0068994463386673286 -0.062378902567825176
0.046769115478066614 0.048731353472438954 0.014534074423427253
-0.056885819050095016 0.15052728015295486 0.018154754292429277
0.080661093338061582 0.03983498651290731 0.04363139373653814
0.0084759330440334867 0.12642239230577285 0.11346043512368503
0.057615701780016813 0.074612381431405042 0.061047780029892439
0.19151546246570625 -0.0006027547923413651 0.004455809572815498
0.17927182948281015 -0.0090971736818559589 0.024033075761058991
0.12610122991988434 -0.032247596700780611 0.061722393951346953
0.16797433371856599 -0.062115553785282419 0.019919981486408563
0.17134479551094695 -0.1639271199769092 0.030466282846259522
-0.022057245566121163 0.04930184266994158 0.037979219746367046
-0.077792628711579367 0.0038583780643377695 0.0031657334577642549
0.0080792452502978021 0.085625376227055058 0.038859377934728476
-0.11300655385824365 -0.041982702396999749 0.058612681685944794
-0.024820797577235154 0.096348329911997516 0.061229816831141308
-0.088758135654472131 -0.062503487232894436 -0.038565807172803272
-0.11325604504029942 -0.065563006058169657 -0.045380810202284572
-0.11381485706364051 -0.07019199594682074 -0.053937016130588419
-0.072679569714796305 -0.040830576014210189 -0.001826528170073413
-0.21933330596027065 -0.16417786994432951 -0.011259961586812899
-0.23063486885002304 -0.18904829752449434 -0.013690433684761555
-0.29631833296604182 -0.23198672495877587 -0.13591105266809841
-0.11826986896137227 -0.083638703670197462 0.062458293806385387
-0.16652607038683959 -0.12457158239377847 0.16454051948540113
-0.18926260500193259 -0.13787984466658015 0.16680257467939014
-0.40026986790923108 -0.32853203636032735 0.10866949941827861
0.0051434608384448672 0.035880034021471691 0.076362126830479701
0.030004327022790888 0.028868275408742726 0.061947001332933974
-0.022121683424763873 0.053474906036444815 0.06821662054450954
-0.21208468872007583 -0.14789342122123131 0.27095252195808439
-0.0049362567581397628 0.040395235111225454 -0.0055974180732153208
-0.038226364180509197 0.017599748659570348 0.029816885427453851
-0.083747140209100929 -0.016955068536714423 -0.0068968944733395331
-0.083113253649130206 -0.028099520039533695 -0.039449463886897809
-0.23275284433199128 -0.048683295136555983 -0.15046515966408716
-0.29854913213393397 -0.17379456040740698 -0.20859393207940005
-0.24193874729343226 -0.052548742202654951 -0.19464561217489088
-0.27053987595390139 -0.1555322367865199 -0.11951754638378248
-0.47467483891068563 -0.12654748151760181 -0.081451526820147349
-0.56238982907740653 -0.37328830540419972 -0.11247264780266311
-0.5678098811352017 -0.16445823295143311 -0.33360556949091641
-0.36947945633514995 -0.22422675338422018 0.1023528811564635
-0.41128947071693622 -0.10635040642369327 0.29147926372627497
-0.50996552127840045 -0.33580517241195479 0.35143143696928214
-0.74854910107804362 -0.24087358461967198 0.14802674113622954
-0.16259344138911699 -0.09889993510659513 0.24717554700054153
-0.087511260952954806 -0.009701045038246944 0.18977763782988616
-0.18230719683409435 -0.091645722323673573 0.25625827481266711
-0.46568820652392856 -0.12448355677233534 0.51440329192956646
0.055071135349335443 0.043596949288582813 -0.019219234150385144
0.08159196834013295 0.052116223683231891 -0.16153645386365309
0.015314015416947007 0.049225052324106289 -0.14302195878722385
-0.11144149622171771 -0.0034720049510897012 0.12150052178798268
-0.026704111760524774 0.016634557585009917 0.049397458983232001
-0.13613075861220358 0.022331117303176162 -0.074979687239878981
-0.14825940645571128 0.03065138223102306 -0.099375119258043376
-0.20723175989703618 0.12854009301222891 -0.12554885020623677
-0.42183908679093901 0.056067572836611193 -0.31710363526305779
-0.22591141648940116 0.12598521890594833 -0.16181538043625993
-0.38813164843449588 0.056167708007096896 -0.19615267712288409
-0.43485043500261772 0.24591980950295705 -0.065146409905283559
-0.75628048618967025 0.086981363118448368 -0.18788648985743639
-0.53807982434996438 0.29527502555551416 -0.30419590080635306
-0.53487502798354769 0.072106482669844582 0.12470005789609369
-0.36855175593351608 0.22877088128932574 0.27782318199938816
-0.6984345774412285 0.090723374335029902 0.46674043686024302
-0.70906327345796294 0.40562160646213885 0.15141428566830567
-0.26675028324352695 0.060935241333714349 0.34099271615399551
-0.054694552678743472 0.095456551166187939 0.16558756310778153
-0.28466690271449302 0.066454378076587814 0.37569458238669273
-0.43134151200111381 0.26213246577447386 0.48833758802727134
0.0091898653397792952 0.036791809598723829 0.037129509786504249
0.10050968170018842 -0.0071506128208885696 -0.18453475998380503
-0.023746180073154453 0.035766038121479771 -0.10159312337706652
-0.083883254853311107 0.09114425696983279 0.092406512537754143
-0.062185079890235515 0.053253435653588088 0.040069459367910128
-0.047405887263533029 0.066468348175025255 0.0061785330125248544
-0.028038261066167313 0.072134221344845054 0.014956259619846392
-0.25570915286562618 0.24511695387601498 -0.15241101107386926
-0.069230118336117419 0.085859036494334878 0.013325418758897161
-0.210530338257229 0.22316276914640482 -0.081147757872589446
-0.13398689536988773 0.18308719533105486 0.021417068927178876
-0.49700311286147131 0.47312374246684402 -0.078634777700559808
-0.22531342072678798 0.25615464093342316 -0.075850750430936448
-0.29558301410564947 0.3050529780188293 0.10669379884387382
-0.083120130947431828 0.14677572848642792 0.13837882359533968
-0.44426691390072681 0.43397159122481516 0.32256001793835054
-0.31668580962666415 0.35713969280583996 0.11421205821499
-0.10106146439458005 0.1668980027580706 0.21063947966449986
0.095603778870069989 -0.016475678969619489 0.010457917681837363
-0.12832391391703882 0.16375974587278264 0.20885801502489876
-0.13944751138891817 0.17591064012307334 0.21763069033549381
0.10015018307076318 -0.0046270309044179857 -0.060312171764613183
0.049461918546676219 -0.014583603286193772 -0.19801685221594936
0.049713956298744658 -0.029505848947931658 -0.071331283783913707
-0.049616607748153234 0.035911538124756032 0.019998061948530006
0.0022955224166713848 0.0096501787098335554 0.044537456215083454
0.045806640101636743 -0.12085614018821003 0.064722324918448065
-0.14771155790782584 0.14792920918315292 0.025682871207615941
-0.016087280134887239 -0.083738455446257451 0.049476810966604827
-0.030608780739972124 0.049203842629446104 0.069735954435479294
0.078477452142953402 -0.16475132578321686 0.01671764629913956
-0.10855068061045214 0.097532071440850784 0.13843541918801722
-0.04775802622706813 -0.059867483440836873 0.062092098100643041
0.081992430597254751 -0.065729227219227498 0.030451461932826558
0.044462568715033422 -0.08411936025020611 0.003572997561224625
0.036050282888849677 -0.18317847570256318 0.020259148004383554
-0.068951643487353845 -0.024069456759378875 -0.036368848823907778
-0.02977501429223943 -0.020627384986278263 -0.035564137088804147
-0.16534637867025118 -0.15766537914705017 -0.0044616869737337875
-0.10251981850265747 -0.19752679879358861 -0.091365386204658297
-0.13778380471024446 -0.093715320915032721 0.13448594961899651
-0.14193999419844236 -0.27451124674567695 0.085964209502264549
-0.013419376855918826 0.11538088295385444 0.056030111294345888
-0.073502696073598398 -0.06444730568032353 0.188786233566832
0.0045290009119163376 0.133908809877025 -0.012144135063355585
-0.066900404454270007 -0.05251295478832807 -0.023944453437811205
-0.027067244275820416 -0.044892807273946816 -0.015048989579319813
-0.089245364851937015 -0.075473668410949518 -0.062319719230735503
-0.26103462913328868 -0.24494984102706122 -0.22246396009189359
-0.13411206033567591 -0.24107633356895788 -0.18654421795646225
-0.13296293641539569 -0.20738891499027479 -0.23095514418519186
-0.24538295531981805 -0.25644879059053421 -0.13314423139320755
-0.48250295621109102 -0.49544213627365496 -0.11720672279720946
-0.2355905389511285 -0.48599366825998064 -0.090773551879056252
-0.28523698284447463 -0.51762880456961724 -0.35712763488235522
-0.31914955042838028 -0.35526299886283597 0.10580200970758875
-0.44163965449993153 -0.44709309143361081 0.35690087272662852
-0.21067967225760831 -0.41944251852510378 0.30870726753052574
-0.37471823987460534 -0.69767432774483629 0.15343160466409717
-0.18179583427471474 -0.14877348766266613 0.25839467802534616
-0.17494702480860189 -0.1307016158326097 0.26955487800618294
-0.086515866222045171 -0.094132970201225824 0.22037035800347488
-0.23573943695445587 -0.42346830899342819 0.53573173771200178
-0.013097105114992826 0.061395227694828809 0.0042789791690775285
0.00097885507894971508 0.043650325814062529 -0.12561817903452752
0.010158640602762909 0.07634557541493886 -0.11829587754249363
-0.079477885457282765 -0.081079268912905483 0.15747335340376678
-0.17267277841603476 -0.04422167311243682 -0.18040966734554006
-0.10296192590355643 -0.12255883257080911 -0.20634944353333518
-0.24313695240932198 -0.16933094019653047 -0.25091314464465453
-0.4894390999507009 -0.1749286618944253 -0.47703440148125487
-0.28820640482121174 -0.40269230339779993 -0.49672699788681424
-0.24081891396091573 -0.14968468809199253 -0.4890892402751113
-0.54022368112138019 -0.43470744581085607 -0.39250945954183897
-0.81910071691717778 -0.33524319207989201 -0.27352392561761096
-0.48008101051589802 -0.70775114549706397 -0.2806296661320028
-0.48437159859559703 -0.34692585894488104 -0.66282757086045951
-0.70743856856210219 -0.5900964166755025 0.15625999808527335
-0.77180555648272364 -0.3063342474540634 0.58786359773190888
-0.44792047560629777 -0.66616844036241052 0.59815973355237828
-0.60161886502342798 -0.44648803581410024 0.19737361495973885
-0.46466399281518422 -0.36344021685643724 0.58436107591660114
-0.38669212249337043 -0.11523899154303513 0.54411378545671185
-0.2259522434033944 -0.30323695922198896 0.56103188280047045
-0.43068549922835159 -0.2960099256589328 0.90167637206800433
-0.14919233558041439 -0.078602225601783676 0.17532820904308369
-0.089858913085267209 0.00489406193954955 -0.021666212445739519
-0.054059982597109632 -0.043200830535549774 0.0024714291385567965
-0.17866164480158805 -0.085116275733643415 0.395408476661326
-0.16258174551997701 0.099317355319102921 -0.14845994488855307
-0.14890718993063581 0.032642227759077373 -0.31718094816670334
-0.33875159885115058 0.045822846407492825 -0.36885223003346551
-0.46911743089274799 0.29863288938220811 -0.43828642215034952
-0.38522017642907885 0.078218540540725925 -0.68077813559727185
-0.2250889697620089 0.25235527834166355 -0.44543112666764428
-0.72106248388014571 0.086673026826596902 -0.54990135791041983
-0.78983626924410566 0.51993676042532955 -0.24684494111376462
-0.60677147172730339 0.11862346017180214 -0.37827647702008749
-0.46235626781878153 0.52880245028674788 -0.62493302409570584
-0.91240578586564136 0.11322637399425697 0.18504350375663736
-0.74291098654636778 0.49501387722200019 0.57035682846977886
-0.57899506632107078 0.12160999524308393 0.74850595143665088
-0.58164761176739443 0.66874890962355749 0.19929051727060709
-0.63429188664106795 0.096815647737151247 0.77343119022336693
-0.36292895925359991 0.25463476507198479 0.51469499065604007
-0.32438749981897996 0.090500107765085491 0.76152507790987423
-0.41733222330518494 0.48207218546506669 0.87064495087959215
-0.22906189058113588 0.064800437930191399 0.28107869297594945
-0.075140558063697349 0.071881185609173434 -0.058957528667165818
-0.1009286597560372 0.049770463661504311 0.080760180732957043
-0.17030868615579126 0.20935065696711705 0.35715142714169451
-0.045162793730790018 0.070285010076227145 0.045940525806223431
-0.087712249329085515 0.17247470688431574 -0.14064605415070452
-0.21618911498143384 0.23630153403979975 -0.18465253501293175
-0.2101526589820969 0.27866989743589476 -0.13960190901646988
-0.2538890029084776 0.50265075773244805 -0.41867753284856701
-0.10563980846860491 0.236533024914205 -0.13554793616124411
-0.49166080258212891 0.54515781417389642 -0.33071057671614845
-0.40927246579440402 0.53398404244949693 -0.072927377683413036
-0.43896833740576957 0.85093327136907315 -0.23903530377211885
-0.23677821384616271 0.56520402577182793 -0.27632096316694449
-0.65042886679608891 0.71714238592411994 0.15883538912422301
-0.37318383913459441 0.48502508866695021 0.31871887017058109
-0.41640567889397373 0.80475736665631259 0.55985348069010399
-0.32563638043094101 0.74315844105363105 0.14989273725541818
-0.41683851653671611 0.46808176047193839 0.53626729080807412
-0.12336861802136641 0.15728071963197743 0.19841326054364394
-0.20483953869002522 0.40106153608819295 0.50189170754316459
-0.20271057575370349 0.46285410968593926 0.46762763487459869
-0.11541235869314742 0.14424657750344411 0.11467876667543622
0.036007170684464705 -0.033792421409565357 -0.20418556145592795
-0.044503961213491539 0.095362899183692965 -0.069199955144955735
-0.055615819904469004 0.10441855314067169 0.074661317618242337
-0.0096827995401590847 0.027949220668827327 0.066873457500382802
-0.049336138492194738 0.052484371415663152 0.021374440908666911
-0.021296913189212154 -0.055439045414050536 0.029386565057554298
-0.092430719245903598 0.20926984984241617 -0.088882127703696218
-0.0039451318361351699 -0.045334202584309626 0.045817557623004587
-0.17380669381852026 0.21629141023049542 -0.067637034473413862
-0.10579176458575638 0.040760870069793731 0.024858216968972294
-0.18071429526692481 0.42981743720932336 -0.049407022801095886
-0.060564537968560275 0.078865698269586601 -0.034665633053235625
-0.24578923170395042 0.30086242942647834 0.10764381959146864
-0.084768457201861769 -0.02697728346475535 0.11037562625319586
-0.1663092864086482 0.36461085014724859 0.26562088288403346
-0.099166336928821819 0.13124578909893286 0.082364759494861176
-0.12040105001557469 0.10888470110310462 0.19902566041540223
0.034160265881659074 -0.20273828614801812 -0.0052637663836889205
-0.05503440181854926 0.059798414483386776 0.14433841001676201
-0.042542384669828751 -0.053226616305260092 0.13780919490320365
0.034729932841662148 -0.091858915495221932 -0.073100097942124714
0.030697839343651369 -0.097354757131776867 -0.20651032680213596
0.031318461145316855 -0.21109258581097112 -0.080387269350059257
-0.011042513429131848 0.033810511899707074 0.039285083773848622
-0.015090504416221803 -0.14164148806197979 -0.10125051395850632
0.0069373158657398386 -0.03164137249002491 -0.040853991869605713
-0.021571018496762181 -0.32146341896700753 -0.044021918180569893
0.069252792919376041 -0.21258359071220789 -0.097351018065658296
-0.021401471996383124 -0.24073813151365953 0.20143098059883535
0.10614919406959182 -0.28671141816786705 0.086257936420895562
-0.013438474578698 0.028347114347213015 0.12635405445277245
0.044070469170046922 -0.075855718911994968 0.19500342070444507
-0.0035845240035389868 0.16494942843832788 -0.1349611075511718
-0.020756346503586359 0.12955466614900149 -0.0033600500021089656
-0.02056065260301243 -0.11881358773342564 -0.14197592667916253
0.0064811173246452306 -0.053364216779116104 -0.027634883215433129
-0.020754176259509899 -0.17247672533426328 -0.16081561367559005
-0.030464097946138049 -0.39492851556843078 -0.36909562286417041
0.094224184278231982 -0.25331844980491991 -0.19042593420839155
0.091917921381158868 -0.21763758836016195 -0.24289697791124534
-0.024342777986707153 -0.42251869698063904 -0.23366912961125677
-0.029690400520497918 -0.72667519871962372 -0.20641993715594031
0.18830619410022109 -0.49286249395165072 -0.090850271904411833
0.23163627963227884 -0.52970853619386249 -0.35678880003617858
-0.025835584755401757 -0.572941671217153 0.13088064760737361
-0.023800552558666518 -0.67144882742287326 0.49480556677450077
0.16679451658183078 -0.42068482072942792 0.31156800495325498
0.32674700561102571 -0.70012771607990942 0.15918952871178196
-0.022209830307226303 -0.29702342217238314 0.3796713343380857
-0.020487968472269122 -0.26773917586936385 0.42211187911078302
0.053526550548073017 -0.10126855047834607 0.23256628291550485
0.19346891780476647 -0.4264387560178487 0.53654084224409804
-0.0099006482224448002 -0.016808463879096489 0.096172891953462
-0.0058112440237631027 -0.014418938346940562 -0.03817197247889683
-0.023518788048735945 0.072353289531034592 -0.10895067054600303
0.05108757672774273 -0.090261998824881534 0.17236519710454326
-0.022159051347499629 -0.088646669151267038 -0.34506417023504499
0.068868247222788587 -0.1263201208585423 -0.22302345834371551
-0.030390346867309698 -0.27559810883737723 -0.41990264479848821
-0.036412460086063254 -0.27447168637141178 -0.70742110785961287
0.23091842048795136 -0.40610971336677376 -0.50332808032289389
0.19022563116063412 -0.14807334683457832 -0.50262607845916041
-0.036429924082483578 -0.63172450007450598 -0.58151963212935021
-0.034499018697661969 -0.46080664115565695 -0.3894893642366723
0.42538023500950506 -0.71184225446575233 -0.2733905168035875
0.42893457966147769 -0.34141608280214403 -0.65945440535151811
-0.029228224977977325 -0.8145636000109806 0.18952331161159852
-0.030702436513074981 -0.4361934632206283 0.7599952364242587
0.40197662298109738 -0.67216612230976125 0.60153735399449149
0.55061700631347343 -0.4483893153807767 0.20075659027979822
-0.025081959614885355 -0.55322721976011513 0.80294532622694392
-0.029753877825304729 -0.21287215322124003 0.78218379294854901
0.18002303561340938 -0.31174791815086783 0.56604516634888979
0.37619582262154283 -0.30667713135362729 0.89869236472146907
-0.019566623427986842 -0.17516173745360644 0.33266939891576236
-0.01612517245091391 -0.041616611087418792 0.11212482307578631
0.030701520054434245 -0.051545298382767078 0.017066030514282474
0.13085235359811023 -0.095381639695063344 0.41032034474318868
-0.016309881324961181 0.16099125875498052 -0.30617948700374981
0.11594601921311579 0.038365286992254152 -0.33139921016657792
-0.028099025792175325 0.060520855538282091 -0.59259408080717391
-0.028126849375063691 0.42901375893448296 -0.66009731433946917
0.33577845641054255 0.085536310461564694 -0.68533237669552027
0.18510340607832876 0.26121177108148003 -0.45561387791108598
-0.03320006218366877 0.10937461479353476 -0.76560156192068096
-0.027302387620201336 0.68743613046390151 -0.36513111976284734
0.55765819736290734 0.12567713836530978 -0.37793212888680539
0.41635346492283787 0.53606776044418636 -0.62233004365266376
-0.032319708369269173 0.13302295998182936 0.21376495765239459
-0.033416983179183339 0.65780320810630022 0.73547818140127941
0.52186106779401309 0.11686329104001066 0.74412791342126139
0.53189081098233526 0.67570024566090858 0.19157108981456611
-0.036071250758879521 0.10946382462118154 1.0276903150539898
-0.0356040483254065 0.37431325038523411 0.74792742837565085
0.26216963271853849 0.084194824670301163 0.76532436628285117
0.35419069420834248 0.48943693240248781 0.86783611556155216
-0.029815935927182569 0.073439789485863216 0.49246491947496784
-0.019072302173540879 0.12932167218243107 0.067964059732258511
0.062678246739929971 0.047227814590579092 0.099764087011848315
0.11606324135454871 0.21494133523972006 0.37375956452473469
-0.0080603322873762078 0.13817207287508837 -0.053581525868536969
0.065503147006403986 0.17937275120416904 -0.15256862580857736
-0.016727584809876701 0.35499167107255436 -0.33575961218859052
-0.01622560522877629 0.43725312246338216 -0.26723420142970034
0.21395220641253784 0.51268824909370403 -0.42480885135301305
0.07859539348900528 0.24527643313224726 -0.14364781017152575
-0.023841172015407537 0.76647025032378679 -0.51181715720899135
-0.017355678220470593 0.77928857468790558 -0.16148926686831264
0.39598514878327096 0.86004971194016733 -0.23870157721519822
0.20356595264195509 0.57663197025550983 -0.27639828140820805
-0.023971575267421719 0.97226689899702867 0.18354831348361036
-0.020228545149363335 0.7212149924693193 0.44200939921423354
0.36799711799522705 0.81771983567865036 0.55479195426009653
0.29215150331116596 0.75574190099683258 0.14754594421837058
-0.028792872588944918 0.68072780284265755 0.7445911320270816
-0.022160119289761256 0.30430264829927706 0.34253418023163817
0.15297494936630066 0.41614369428788428 0.50508100831314284
0.16539607859711805 0.4763458769045632 0.46552517825353551
-0.024010140006527299 0.25379471329679615 0.26185671157584062
-0.014022990546454308 0.030321889971709329 -0.13010788673147822
0.013269173927918184 0.10164657736146912 -0.052898325615147894
0.022412022473512795 0.11618938479524335 0.082822972006869139
-0.0025464493170301154 -0.078367509386661566 0.11370228844138788
-0.002837058208099646 0.034240075442048407 0.062544919333849855
-0.0076064509435815365 0.14765008445618447 -0.054552750347992736
-0.005285676787955238 0.04018760300727979 -0.018979700392169341
0.071180686245265037 0.22150802228309441 -0.091494531353179642
-0.0070472565809473449 -0.039074774723229497 0.042156363779801274
-0.011520113305448915 0.37807148819763237 -0.15394935870138385
-0.0050988259079955498 0.17440017934905411 -0.013935495995890976
0.1592232854271684 0.44257660261975723 -0.050749476465416464
0.050103693222731081 0.085453839789606259 -0.034302394749070306
-0.012479949753374717 0.51325816137364833 0.12158923974249942
-0.0093172836723598666 0.098369976954496771 0.16546061866293826
0.14099265185294885 0.37519797242596398 0.26257814957452325
0.084934363475647423 0.14046392675410152 0.079706103797949429
-0.015185485783945709 0.25411767425583864 0.30695147864955313
-0.010973668595434489 -0.1276996395933295 0.060725828553039117
0.029262521641445854 0.069778760647822527 0.1461752825232483
0.026912099625911387 -0.043975940109076211 0.1360220692126036
-0.014496015148113026 -0.0095105421009507446 0.0068179184672270184
-0.0072778231675340007 -0.21685626919603979 -0.21158898022018335
-0.046715321352093359 -0.089715799785126282 -0.19961928480746166
-0.0445422531679616 -0.20322118927733779 -0.077892984876076723
0.057032506716007368 -0.047652198019228972 -0.045395442918909991
0.14768650729809812 -0.18301243477930243 -0.0084730284346806947
0.078189705509131749 -0.026207331471653002 -0.0079771868136325353
0.12113001846629659 -0.11527808093991566 0.13889482772518022
0.11524225103487769 -0.070330462532294649 0.060328806896807266
-0.0022271313697317906 0.096905488955947638 0.070983857384095614
0.025287494471229039 0.069735533158875054 0.071230368182042481
0.055912358658935256 -0.066465902455008413 -0.049833969891797149
0.07683612449073883 -0.093596834394509387 -0.078325373390403338
0.23782135677884378 -0.26586089926071521 -0.2332265283295919
0.11492929279695341 -0.088936265231051512 -0.06187178615095202
0.11624347468350868 -0.091492713277504786 -0.076661487144859111
0.22043525313767121 -0.27505072837586636 -0.14185115312589414
0.45429368326938613 -0.50400842926383171 -0.11231932857962008
0.2286984294030423 -0.20690045126994785 -0.013755650156468327
0.2977773034902349 -0.24576059823017207 -0.13938160748644488
0.29467275155821654 -0.36540642225165898 0.10973809911050955
0.40814571225217194 -0.45026946173512283 0.35932937943848031
0.18496171424179414 -0.15660942160510075 0.16840635442071486
0.39454494436474341 -0.33416329755369245 0.1125576597454943
0.15544068760338697 -0.16139028887106838 0.26747400562163209
0.14560641529107862 -0.14438825893783219 0.28287019778182482
0.017372311552620385 0.031706366023266673 0.089348632485326734
0.20057328760696397 -0.16191408199498453 0.27749118370421449
-0.0050665366027858906 0.049032687825314475 0.025708476738614029
-0.019516952583948602 0.030493895204831201 -0.10659385541123011
-0.0032722643305885023 0.021198914039777788 0.021226795249179732
0.15226290411308205 -0.042502997929547898 -0.20857725251031328
0.082272508471955802 -0.030446942949312595 -0.039849461398276824
0.21857789287761881 -0.17819603297312744 -0.2728221791967585
0.46265422049189048 -0.16802924209896716 -0.48189349994373787
0.29988783853830153 -0.18362222868738648 -0.21624717534079563
0.23678301959589973 -0.050397642235058139 -0.21357349430655181
0.51555009774535576 -0.4382238936614456 -0.38794450567417271
0.7994513593592566 -0.32808846746313636 -0.26557532431566011
0.56144605005628567 -0.36861391968177476 -0.10592201486809637
0.56867828191044834 -0.15606701587327532 -0.32551947771797374
0.68074246612875366 -0.59080892280291941 0.16319312755090964
0.74109481420957535 -0.31622057439083523 0.58131234125914055
0.49640470029727707 -0.33857538041869428 0.34287213913669867
0.74060049175109222 -0.23991087627002716 0.14157046666816023
0.42656347316435744 -0.37220899594085421 0.58406775325326021
0.34697834517250747 -0.13233275896890823 0.55061570293987738
0.1679489973628405 -0.111315478021504 0.27142362521274344
0.44964219442289366 -0.14002240405285754 0.50372484701880793
0.12187390714762726 -0.094814216011437719 0.19977824149301074
0.068732617846278599 -0.0084337379079186432 0.0089861186230483538
-0.023562627028711071 0.034782455826549069 -0.11298142177193808
0.099720063499886685 -0.023018410628444858 0.15263661415083399
0.14586097684880536 0.10988282925313454 -0.17167570256438419
0.13021660513107214 0.033408989536459918 -0.10680971665141155
0.31402068535020561 0.056858924627007153 -0.38533373942976318
0.44499269375615169 0.30864352861826083 -0.44458950929489149
0.41762597551068964 0.067215232154561863 -0.31873733522270703
0.22169427598368022 0.14053687077101695 -0.17932789668490623
0.69884604389590266 0.097094461018095005 -0.5431900350037987
0.7653508882531832 0.5236458324782256 -0.24977016906416996
0.75421580341357242 0.089708384270817718 -0.18704253915342234
0.53301206092897513 0.30146195485377497 -0.3014591426250256
0.88862360918721861 0.11298110705681554 0.17480132880972293
0.71022437641473579 0.50387151222903803 0.55666112734044293
0.68751746495864852 0.08327667062894735 0.44567800170747873
0.70115947792649336 0.40810596156519102 0.13546478844051504
0.59421155431811734 0.08725909592857585 0.76631881787914924
0.32037130041854212 0.2637880466894007 0.52056098375660487
0.27023024704068832 0.055939354242837407 0.38488141203800835
0.4194389727125814 0.274909991073225 0.47694844056582941
0.19265947786090193 0.056059864798663851 0.30987082646563807
0.046863415426012446 0.0766504635374608 -0.025123802356688006
0.014126298462937784 0.026913885728191651 -0.059864763711628279
0.073066879674579671 0.10049584447965326 0.1247914370935691
0.031686741565127054 0.079640853145402479 0.030439351051044845
0.060425665499079587 0.065785779687197107 0.016251483631749705
0.19428193507665092 0.25054943479846303 -0.20095765126043474
0.18828454201650602 0.29703548662516355 -0.14579864295162376
0.25243873136823058 0.25920224703319672 -0.16093974011693296
0.069475477820488296 0.10220195733127678 -0.0033577931834370247
0.46822774047421784 0.55594859120187845 -0.33122925658668007
0.38845884434712336 0.55467324435338028 -0.073868219479099176
0.48891572354124541 0.48411011101345242 -0.081409380145919433
0.22049520521358479 0.27968603470793568 -0.078057010419866443
0.62310311508858129 0.73198055674677309 0.15278959812290313
0.34999516684809096 0.50538358080299028 0.31373897779614968
0.43476252862745784 0.46008368503153774 0.3117575335109285
0.30898118894637366 0.38087349630144807 0.10969512606574373
0.38395077490919433 0.49570171888539027 0.53027906445825812
0.099434038232718125 0.18347126318480783 0.20111997409783997
0.11620133141578445 0.19721105796950086 0.21268787865106661
0.12971320715627335 0.20654313256801615 0.21396017355823552
0.081004281993479657 0.16642177867254443 0.13568048044256453
-0.050495405635972226 -0.01856199159230407 -0.18369900726957525
-0.054636307401163195 0.004486424667528929 -0.16083800961738776
-0.057846283065720025 0.0024836518511889851 -0.052176162698752866
0.035969494401378518 0.067943182188914708 0.011270474621911454
0.012043813744704762 -0.040532410857990274 0.028742191993875173
0.047465453677087023 0.059954836432565745 0.015921093757045524
0.15994887584991371 0.23911579060382068 -0.066323837144274853
0.095088193748141536 0.053331279402232014 0.021540210457519828
0.14164612537241214 0.17207211233467753 0.021487146278839329
0.013759475878269653 -0.066412580668505639 0.049498023137457658
0.22883868765458132 0.32038407461446256 0.10314919245359359
0.073250345421067384 -0.0095521742478639083 0.10758877316560168
0.10373398376116059 0.12011340623129335 0.13422164390990149
0.043690144679550354 -0.042037546678519361 0.05720775767466213
0.10388380350680781 0.12834277875146452 0.19942831539143532
-0.039710996366049474 -0.18594044326516632 -0.0014102275878218502
-0.050807327555700887 -0.05638067687817043 0.0090302323262706364
-0.037898344318327087 -0.16167203563402927 0.022394373375174938
-0.045584722836653692 -0.072326182396699315 -0.064654985805029902
0.036907028252400234 0.021068806751273234 0.035662710510095848
0.0058127163417466274 0.059995777548844872 0.041134988772912356
-0.078237694251885606 0.090068018989739457 0.030640918577690971
0.105917943159371 -0.080343228051154889 -0.051467546561505442
0.087982956671063997 -0.060726171033322722 -0.01262754666028653
0.23669840640370082 -0.17093027917226644 -0.011093992472881592
-0.013364454716558883 -0.0069233577757874462 0.037604243788216148
0.020905266391461799 -0.04215138894619061 0.0063474822671597576
0.1353418234512859 -0.10240290845422326 0.066264690761632009
0.1818544851744211 -0.13839266200634398 0.16136125060149445
-0.054123865038064323 0.017251164905772307 0.037647239032901764
0.064851850564404762 -0.070836689500704791 0.05473459569521389
0.011160547102177863 0.010981765454306512 0.084452707237177252
-0.018850324484554516 0.0081518800640783436 0.080370355061189974
-0.070987403955450529 0.0047436127204541186 0.060990772736894953
0.04719218905296596 0.013799786378171482 -0.0020451563196645303
0.0986510752127049 -0.044729181849163809 -0.059019538016836848
0.2489829631672133 -0.045222438553320005 -0.15006861090620974
0.033143981937783715 -0.022809980826080958 -0.022432695302223901
0.011317091439147385 0.015487657901351339 -0.010250131388337243
0.28740066315063323 -0.15821736913129109 -0.11725020165301636
0.4841765815468661 -0.12131156410535376 -0.079856592381967406
0.15519608392854298 -0.098415860419096113 -0.0023342914540021528
0.17090960190914309 -0.029899725741384744 -0.069525543597711653
0.38034564171142676 -0.22512229838881162 0.097812134791290709
0.41743228291939521 -0.11394339377170389 0.27462721280616115
0.09703508174407903 -0.080139903149635983 0.12091450686001795
0.23883831364015087 -0.064532337839008275 0.072815874725895333
0.17325196326454376 -0.11345932336929428 0.24502905299360578
0.10066499644011449 -0.026890069714511064 0.20188533862553892
-0.10600648362133654 0.021102096049587415 0.05045689723493306
0.049272932812615182 -0.018634464353782351 0.16294380697221575
-0.045920363662929432 0.022275943579349772 0.0099481992113109614
-0.074235320365470633 0.040203853457585925 -0.12438816806290025
-0.14035722010037571 0.036717194166662706 -0.020831711626710943
0.034471802988940051 0.031610619389765671 0.025364467001321105
-0.052664483566166431 0.020368613655078333 0.069026829896521494
0.15944587987143838 0.04195721581615644 -0.11394283023464993
0.22049456938462703 0.14001699271753926 -0.13133784443532237
0.098968735866950278 0.036457677181193873 -0.060439588907795487
-0.014344409840483727 0.034618386291695565 0.0072312041886704983
0.39987173632811185 0.061418971778150547 -0.19017223063531052
0.44154552450134715 0.24595972449606435 -0.070806539306918909
0.25143998754412872 0.044707214842347687 -0.03654792348805079
0.13026827546574415 0.10601914162662104 -0.060155363624035889
0.54056723058881484 0.069328307802064101 0.10687638301415651
0.37922124454164535 0.23735428981606269 0.2611934425051684
0.18653896263810726 0.043895658651949276 0.1676302279459933
0.19664775094063511 0.15242871761685381 0.072442380309298726
0.28169177314507082 0.05552035215230585 0.32903059984399052
0.074123403730183987 0.10725159477349286 0.17449935314392812
-0.05251984028949911 0.030518203307811614 0.09531110599039018
0.016069755076053037 0.0919927724503663 0.14766740561349151
0.0078239489571715927 0.029642948413397648 0.071934937945777766
-0.088735337220667856 -0.0024973477120494303 -0.14337617352403298
-0.17632593103880978 0.011198728138558873 -0.15241625641920378
-0.15685770370198066 0.0011441596775299094 -0.037486467139341249
0.059900518099796934 0.082054585548110542 -0.012804360281791684
0.038597004707730781 0.091794278210063751 0.0039384290796403258
-0.022356842318576004 0.060309543521705644 0.003781340086808231
0.22021629960410491 0.23401718248551107 -0.085536173065870524
0.14049366094749913 0.20602961702162825 0.019350647183556311
0.07872461227030049 0.16025601716576945 0.012144320870693835
-0.062399591386770502 0.057214058643416971 0.037500207844900213
0.30167837709645445 0.32288052270848533 0.097544935719900402
0.088037344203238541 0.17390143250473528 0.13296369282975584
0.019657432339868372 0.14465387905011728 0.10635592083393093
-0.03638857269442012 0.097313425039162946 0.056067911399954866
0.11183592298606121 0.19727535097802762 0.20203142162892801
-0.087162685638599136 0.015785708077506812 0.015740818014627522
-0.15367649564510091 0.020061894344168545 0.014392245032404934
-0.15569879862341837 0.014323893744095925 0.022189550947001247
-0.084381744494228278 0.021927723109642996 -0.03417818873627277
0.0035545545088048539 0.035674918177701659 0.04185884868127699
-0.042325452931865376 -0.10343642664031526 0.060222113011107407
-0.11266206849702839 -0.011488824649930899 0.061694391038606224
0.03555937103022138 0.073190333749812972 0.064453998860266246
-0.074487083160239165 -0.14258588127364968 0.016146776936359793
-0.1530276992707218 -0.042165829688126689 0.015588510202072366
-0.16196602880200139 -0.14945090827769433 0.026220825988748801
-0.078691729164572621 -0.039398232480348676 0.029809827252253843
