&control
    calculation='scf'
    prefix='WS2Te'
    pseudo_dir = './',
    outdir='./temp'
    tprnfor=.true.
    tefield = .true.
    dipfield = .true.
 /
&system
    ibrav=  0,
    occupations='smearing',
    smearing='fd',
    degauss=0.003166831869729,
    nat=776, ntyp= 3,
    ecutwfc = 50,ecutrho=400
    nosym = .true.
    edir = 3
    eamp = 0.00
    emaxpos = 0.9
    eopreg = 0.2
 /
 &electrons
  conv_thr    = 2.D-8,
  mixing_beta = 0.1D0,
  startingwfc='atomic'
 /
 &IONS
 /
ATOMIC_SPECIES
W 183.84 W.GGA_PBE-JTH.UPF
S 32.00 S.GGA_PBE-JTH.UPF
Te 127.6 Te.GGA_PBE-JTH.UPF
ATOMIC_POSITIONS crystal
W	0.041666683	0.020833325	0.419135213
W	0.04166672	0.770833373	0.419135213
W	0.041666683	0.520833313	0.419135213
W	0.791666687	0.020833325	0.419135213
W	0.791666746	0.770833373	0.419135213
W	0.791666687	0.520833313	0.419135213
W	0.541666687	0.020833325	0.419135213
W	0.541666687	0.770833373	0.419135213
W	0.541666687	0.520833313	0.419135213
W	0.041666687	0.270833254	0.419135213
W	0.791666687	0.270833254	0.419135213
W	0.541666687	0.270833254	0.419135213
W	0.291666746	0.020833325	0.419135213
W	0.291666776	0.770833373	0.419135213
W	0.291666746	0.520833313	0.419135213
W	0.291666746	0.270833254	0.419135213
W	0.041666683	0.083333328	0.419135213
W	0.041666709	0.833333313	0.419135213
W	0.041666672	0.583333313	0.419135213
W	0.791666687	0.083333328	0.419135213
W	0.791666687	0.833333313	0.419135213
W	0.791666687	0.583333313	0.419135213
W	0.541666687	0.083333328	0.419135213
W	0.541666687	0.833333313	0.419135213
W	0.541666687	0.583333313	0.419135213
W	0.041666683	0.333333373	0.419135213
W	0.791666687	0.333333373	0.419135213
W	0.541666687	0.333333373	0.419135213
W	0.291666746	0.083333328	0.419135213
W	0.291666746	0.833333313	0.419135213
W	0.291666746	0.583333313	0.419135213
W	0.291666746	0.333333373	0.419135213
W	0.041666672	0.145833328	0.419135213
W	0.041666657	0.895833313	0.419135213
W	0.041666683	0.645833313	0.419135213
W	0.791666687	0.145833328	0.419135213
W	0.791666687	0.895833313	0.419135213
W	0.791666687	0.645833313	0.419135213
W	0.541666687	0.145833328	0.419135213
W	0.541666687	0.895833313	0.419135213
W	0.541666687	0.645833313	0.419135213
W	0.04166666	0.395833224	0.419135213
W	0.791666687	0.395833224	0.419135213
W	0.541666687	0.395833224	0.419135213
W	0.291666627	0.145833328	0.419135213
W	0.291666627	0.895833313	0.419135213
W	0.291666627	0.645833313	0.419135213
W	0.291666627	0.395833224	0.419135213
W	0.04166669	0.208333313	0.419135213
W	0.041666683	0.958333254	0.419135213
W	0.041666709	0.708333313	0.419135213
W	0.791666687	0.208333313	0.419135213
W	0.791666687	0.958333254	0.419135213
W	0.791666687	0.708333313	0.419135213
W	0.541666687	0.208333313	0.419135213
W	0.541666687	0.958333254	0.419135213
W	0.541666687	0.708333313	0.419135213
W	0.04166669	0.458333254	0.419135213
W	0.791666687	0.458333254	0.419135213
W	0.541666687	0.458333254	0.419135213
W	0.291666746	0.208333313	0.419135213
W	0.291666716	0.958333254	0.419135213
W	0.291666746	0.708333313	0.419135213
W	0.291666746	0.458333254	0.419135213
W	0.104166687	0.020833325	0.419135213
W	0.104166709	0.770833373	0.419135213
W	0.104166694	0.520833313	0.419135213
W	0.854166687	0.020833325	0.419135213
W	0.854166687	0.770833373	0.419135213
W	0.854166687	0.520833313	0.419135213
W	0.604166687	0.020833325	0.419135213
W	0.604166687	0.770833373	0.419135213
W	0.604166687	0.520833313	0.419135213
W	0.104166694	0.270833254	0.419135213
W	0.854166746	0.270833254	0.419135213
W	0.604166687	0.270833254	0.419135213
W	0.354166746	0.020833325	0.419135213
W	0.354166776	0.770833373	0.419135213
W	0.354166746	0.520833313	0.419135213
W	0.354166746	0.270833254	0.419135213
W	0.104166687	0.083333328	0.419135213
W	0.104166701	0.833333313	0.419135213
W	0.104166679	0.583333313	0.419135213
W	0.854166746	0.083333328	0.419135213
W	0.854166687	0.833333313	0.419135213
W	0.854166687	0.583333313	0.419135213
W	0.604166687	0.083333328	0.419135213
W	0.604166687	0.833333313	0.419135213
W	0.604166687	0.583333313	0.419135213
W	0.104166687	0.333333373	0.419135213
W	0.854166687	0.333333373	0.419135213
W	0.604166687	0.333333373	0.419135213
W	0.354166746	0.083333328	0.419135213
W	0.354166746	0.833333313	0.419135213
W	0.354166746	0.583333313	0.419135213
W	0.354166746	0.333333373	0.419135213
W	0.104166687	0.145833328	0.419135213
W	0.104166664	0.895833313	0.419135213
W	0.104166694	0.645833313	0.419135213
W	0.854166687	0.145833328	0.419135213
W	0.854166687	0.895833313	0.419135213
W	0.854166687	0.645833313	0.419135213
W	0.604166687	0.145833328	0.419135213
W	0.604166687	0.895833313	0.419135213
W	0.604166687	0.645833313	0.419135213
W	0.104166679	0.395833224	0.419135213
W	0.854166687	0.395833224	0.419135213
W	0.604166687	0.395833224	0.419135213
W	0.354166746	0.145833328	0.419135213
W	0.354166746	0.895833313	0.419135213
W	0.354166746	0.645833313	0.419135213
W	0.354166746	0.395833224	0.419135213
W	0.104166687	0.208333313	0.419135213
W	0.104166657	0.958333254	0.419135213
W	0.104166701	0.708333313	0.419135213
W	0.854166687	0.208333313	0.419135213
W	0.854166627	0.958333254	0.419135213
W	0.854166687	0.708333313	0.419135213
W	0.604166687	0.208333313	0.419135213
W	0.604166687	0.958333254	0.419135213
W	0.604166687	0.708333313	0.419135213
W	0.104166694	0.458333254	0.419135213
W	0.854166687	0.458333254	0.419135213
W	0.604166687	0.458333254	0.419135213
W	0.354166746	0.208333313	0.419135213
W	0.354166716	0.958333254	0.419135213
W	0.354166746	0.708333313	0.419135213
W	0.354166746	0.458333254	0.419135213
W	0.166666687	0.020833325	0.419135213
W	0.166666701	0.770833373	0.419135213
W	0.166666701	0.520833313	0.419135213
W	0.916666687	0.020833325	0.419135213
W	0.916666687	0.770833373	0.419135213
W	0.916666687	0.520833313	0.419135213
W	0.666666627	0.020833325	0.419135213
W	0.666666687	0.770833373	0.419135213
W	0.666666687	0.520833313	0.419135213
W	0.166666687	0.270833254	0.419135213
W	0.916666687	0.270833254	0.419135213
W	0.666666687	0.270833254	0.419135213
W	0.416666776	0.020833325	0.419135213
W	0.416666776	0.770833373	0.419135213
W	0.416666746	0.520833313	0.419135213
W	0.416666746	0.270833254	0.419135213
W	0.166666687	0.083333328	0.419135213
W	0.166666687	0.833333313	0.419135213
W	0.166666687	0.583333313	0.419135213
W	0.916666627	0.083333328	0.419135213
W	0.916666687	0.833333313	0.419135213
W	0.916666687	0.583333313	0.419135213
W	0.666666687	0.083333328	0.419135213
W	0.666666687	0.833333313	0.419135213
W	0.666666687	0.583333313	0.419135213
W	0.166666687	0.333333373	0.419135213
W	0.916666687	0.333333373	0.419135213
W	0.666666687	0.333333373	0.419135213
W	0.416666716	0.083333328	0.419135213
W	0.416666746	0.833333313	0.419135213
W	0.416666746	0.583333313	0.419135213
W	0.416666746	0.333333373	0.419135213
W	0.166666687	0.145833328	0.419135213
W	0.166666672	0.895833313	0.419135213
W	0.166666687	0.645833313	0.419135213
W	0.916666687	0.145833328	0.419135213
W	0.916666687	0.895833313	0.419135213
W	0.916666687	0.645833313	0.419135213
W	0.666666687	0.145833328	0.419135213
W	0.666666687	0.895833313	0.419135213
W	0.666666687	0.645833313	0.419135213
W	0.166666672	0.395833224	0.419135213
W	0.916666627	0.395833224	0.419135213
W	0.666666687	0.395833224	0.419135213
W	0.416666716	0.145833328	0.419135213
W	0.416666746	0.895833313	0.419135213
W	0.416666746	0.645833313	0.419135213
W	0.416666746	0.395833224	0.419135213
W	0.166666687	0.208333313	0.419135213
W	0.166666657	0.958333254	0.419135213
W	0.166666687	0.708333313	0.419135213
W	0.916666746	0.208333313	0.419135213
W	0.916666687	0.958333254	0.419135213
W	0.916666687	0.708333313	0.419135213
W	0.666666687	0.208333313	0.419135213
W	0.666666687	0.958333254	0.419135213
W	0.666666687	0.708333313	0.419135213
W	0.166666687	0.458333254	0.419135213
W	0.916666687	0.458333254	0.419135213
W	0.666666687	0.458333254	0.419135213
W	0.416666746	0.208333313	0.419135213
W	0.416666716	0.958333254	0.419135213
W	0.416666746	0.708333313	0.419135213
W	0.416666746	0.458333254	0.419135213
W	0.229166716	0.020833325	0.419135213
W	0.229166746	0.770833373	0.419135213
W	0.229166716	0.520833313	0.419135213
W	0.979166746	0.020833325	0.419135213
W	0.979166746	0.770833373	0.419135213
W	0.979166746	0.520833313	0.419135213
W	0.729166746	0.020833325	0.419135213
W	0.729166746	0.770833373	0.419135213
W	0.729166746	0.520833313	0.419135213
W	0.229166716	0.270833254	0.419135213
W	0.979166746	0.270833254	0.419135213
W	0.729166746	0.270833254	0.419135213
W	0.479166746	0.020833325	0.419135213
W	0.479166776	0.770833373	0.419135213
W	0.479166746	0.520833313	0.419135213
W	0.479166746	0.270833254	0.419135213
W	0.229166657	0.083333328	0.419135213
W	0.229166657	0.833333313	0.419135213
W	0.229166642	0.583333313	0.419135213
W	0.979166687	0.083333328	0.419135213
W	0.979166627	0.833333313	0.419135213
W	0.979166627	0.583333313	0.419135213
W	0.729166627	0.083333328	0.419135213
W	0.729166627	0.833333313	0.419135213
W	0.729166627	0.583333313	0.419135213
W	0.229166657	0.333333373	0.419135213
W	0.979166627	0.333333373	0.419135213
W	0.729166627	0.333333373	0.419135213
W	0.479166627	0.083333328	0.419135213
W	0.479166627	0.833333313	0.419135213
W	0.479166627	0.583333313	0.419135213
W	0.479166627	0.333333373	0.419135213
W	0.229166687	0.145833328	0.419135213
W	0.229166687	0.895833313	0.419135213
W	0.229166687	0.645833313	0.419135213
W	0.979166687	0.145833328	0.419135213
W	0.979166687	0.895833313	0.419135213
W	0.979166687	0.645833313	0.419135213
W	0.729166687	0.145833328	0.419135213
W	0.729166687	0.895833313	0.419135213
W	0.729166687	0.645833313	0.419135213
W	0.229166672	0.395833224	0.419135213
W	0.979166627	0.395833224	0.419135213
W	0.729166687	0.395833224	0.419135213
W	0.479166746	0.145833328	0.419135213
W	0.479166746	0.895833313	0.419135213
W	0.479166746	0.645833313	0.419135213
W	0.479166716	0.395833224	0.419135213
W	0.229166687	0.208333313	0.419135213
W	0.229166672	0.958333254	0.419135213
W	0.229166701	0.708333313	0.419135213
W	0.979166627	0.208333313	0.419135213
W	0.979166687	0.958333254	0.419135213
W	0.979166687	0.708333313	0.419135213
W	0.729166687	0.208333313	0.419135213
W	0.729166687	0.958333254	0.419135213
W	0.729166687	0.708333313	0.419135213
W	0.229166687	0.458333254	0.419135213
W	0.979166687	0.458333254	0.419135213
W	0.729166687	0.458333254	0.419135213
W	0.479166716	0.208333313	0.419135213
W	0.479166716	0.958333254	0.419135213
W	0.479166746	0.708333313	0.419135213
W	0.479166746	0.458333254	0.419135213
S	0.020833315	0.041666631	0.322311848
S	0.020833327	0.791666627	0.322311848
S	0.02083331	0.541666627	0.322311848
S	0.770833254	0.041666631	0.322311848
S	0.770833313	0.791666627	0.322311848
S	0.770833313	0.541666627	0.322311848
S	0.520833313	0.041666631	0.322311848
S	0.520833313	0.791666627	0.322311848
S	0.520833313	0.541666627	0.322311848
S	0.020833315	0.291666627	0.322311848
S	0.770833313	0.291666627	0.322311848
S	0.520833313	0.291666627	0.322311848
S	0.270833254	0.041666631	0.322311848
S	0.270833284	0.791666627	0.322311848
S	0.270833254	0.541666627	0.322311848
S	0.270833254	0.291666627	0.322311848
S	0.020833313	0.104166612	0.322311848
S	0.020833313	0.854166627	0.322311848
S	0.020833319	0.604166627	0.322311848
S	0.770833313	0.104166612	0.322311848
S	0.770833313	0.854166627	0.322311848
S	0.770833313	0.604166627	0.322311848
S	0.520833313	0.104166612	0.322311848
S	0.520833313	0.854166627	0.322311848
S	0.520833313	0.604166627	0.322311848
S	0.020833313	0.354166627	0.322311848
S	0.770833313	0.354166627	0.322311848
S	0.520833313	0.354166627	0.322311848
S	0.270833254	0.104166612	0.322311848
S	0.270833254	0.854166627	0.322311848
S	0.270833254	0.604166627	0.322311848
S	0.270833254	0.354166627	0.322311848
S	0.020833304	0.166666627	0.322311848
S	0.020833302	0.916666627	0.322311848
S	0.020833287	0.666666627	0.322311848
S	0.770833254	0.166666627	0.322311848
S	0.770833313	0.916666627	0.322311848
S	0.770833313	0.666666627	0.322311848
S	0.520833313	0.166666627	0.322311848
S	0.520833313	0.916666627	0.322311848
S	0.520833313	0.666666627	0.322311848
S	0.020833293	0.416666627	0.322311848
S	0.770833313	0.416666627	0.322311848
S	0.520833313	0.416666627	0.322311848
S	0.270833254	0.166666627	0.322311848
S	0.270833254	0.916666627	0.322311848
S	0.270833254	0.666666627	0.322311848
S	0.270833254	0.416666627	0.322311848
S	0.020833317	0.229166627	0.322311848
S	0.020833334	0.979166687	0.322311848
S	0.020833317	0.729166627	0.322311848
S	0.770833313	0.229166627	0.322311848
S	0.770833313	0.979166687	0.322311848
S	0.770833313	0.729166627	0.322311848
S	0.520833313	0.229166627	0.322311848
S	0.520833313	0.979166687	0.322311848
S	0.520833313	0.729166627	0.322311848
S	0.020833323	0.479166627	0.322311848
S	0.770833313	0.479166627	0.322311848
S	0.520833313	0.479166627	0.322311848
S	0.270833254	0.229166627	0.322311848
S	0.270833284	0.979166687	0.322311848
S	0.270833254	0.729166627	0.322311848
S	0.270833254	0.479166627	0.322311848
S	0.083333313	0.041666631	0.322311848
S	0.083333321	0.791666627	0.322311848
S	0.083333299	0.541666627	0.322311848
S	0.833333313	0.041666631	0.322311848
S	0.833333313	0.791666627	0.322311848
S	0.833333313	0.541666627	0.322311848
S	0.583333313	0.041666631	0.322311848
S	0.583333313	0.791666627	0.322311848
S	0.583333313	0.541666627	0.322311848
S	0.083333313	0.291666627	0.322311848
S	0.833333313	0.291666627	0.322311848
S	0.583333313	0.291666627	0.322311848
S	0.333333254	0.041666631	0.322311848
S	0.333333254	0.791666627	0.322311848
S	0.333333254	0.541666627	0.322311848
S	0.333333254	0.291666627	0.322311848
S	0.083333313	0.104166612	0.322311848
S	0.083333321	0.854166627	0.322311848
S	0.083333313	0.604166627	0.322311848
S	0.833333313	0.104166612	0.322311848
S	0.833333313	0.854166627	0.322311848
S	0.833333313	0.604166627	0.322311848
S	0.583333313	0.104166612	0.322311848
S	0.583333313	0.854166627	0.322311848
S	0.583333313	0.604166627	0.322311848
S	0.083333313	0.354166627	0.322311848
S	0.833333313	0.354166627	0.322311848
S	0.583333313	0.354166627	0.322311848
S	0.333333254	0.104166612	0.322311848
S	0.333333254	0.854166627	0.322311848
S	0.333333254	0.604166627	0.322311848
S	0.333333254	0.354166627	0.322311848
S	0.083333313	0.166666627	0.322311848
S	0.083333313	0.916666627	0.322311848
S	0.083333299	0.666666627	0.322311848
S	0.833333313	0.166666627	0.322311848
S	0.833333313	0.916666627	0.322311848
S	0.833333313	0.666666627	0.322311848
S	0.583333313	0.166666627	0.322311848
S	0.583333313	0.916666627	0.322311848
S	0.583333313	0.666666627	0.322311848
S	0.083333313	0.416666627	0.322311848
S	0.833333313	0.416666627	0.322311848
S	0.583333313	0.416666627	0.322311848
S	0.333333254	0.166666627	0.322311848
S	0.333333254	0.916666627	0.322311848
S	0.333333254	0.666666627	0.322311848
S	0.333333254	0.416666627	0.322311848
S	0.083333313	0.229166627	0.322311848
S	0.083333343	0.979166687	0.322311848
S	0.083333306	0.729166627	0.322311848
S	0.833333313	0.229166627	0.322311848
S	0.833333313	0.979166687	0.322311848
S	0.833333313	0.729166627	0.322311848
S	0.583333313	0.229166627	0.322311848
S	0.583333313	0.979166687	0.322311848
S	0.583333313	0.729166627	0.322311848
S	0.083333321	0.479166627	0.322311848
S	0.833333313	0.479166627	0.322311848
S	0.583333313	0.479166627	0.322311848
S	0.333333254	0.229166627	0.322311848
S	0.333333284	0.979166687	0.322311848
S	0.333333254	0.729166627	0.322311848
S	0.333333254	0.479166627	0.322311848
S	0.145833313	0.041666631	0.322311848
S	0.145833328	0.791666627	0.322311848
S	0.145833313	0.541666627	0.322311848
S	0.895833313	0.041666631	0.322311848
S	0.895833313	0.791666627	0.322311848
S	0.895833313	0.541666627	0.322311848
S	0.645833313	0.041666631	0.322311848
S	0.645833313	0.791666627	0.322311848
S	0.645833313	0.541666627	0.322311848
S	0.145833313	0.291666627	0.322311848
S	0.895833313	0.291666627	0.322311848
S	0.645833313	0.291666627	0.322311848
S	0.395833254	0.041666631	0.322311848
S	0.395833254	0.791666627	0.322311848
S	0.395833254	0.541666627	0.322311848
S	0.395833254	0.291666627	0.322311848
S	0.145833313	0.104166612	0.322311848
S	0.145833313	0.854166627	0.322311848
S	0.145833313	0.604166627	0.322311848
S	0.895833313	0.104166612	0.322311848
S	0.895833313	0.854166627	0.322311848
S	0.895833313	0.604166627	0.322311848
S	0.645833313	0.104166612	0.322311848
S	0.645833313	0.854166627	0.322311848
S	0.645833313	0.604166627	0.322311848
S	0.145833313	0.354166627	0.322311848
S	0.895833313	0.354166627	0.322311848
S	0.645833313	0.354166627	0.322311848
S	0.395833254	0.104166612	0.322311848
S	0.395833254	0.854166627	0.322311848
S	0.395833254	0.604166627	0.322311848
S	0.395833254	0.354166627	0.322311848
S	0.145833313	0.166666627	0.322311848
S	0.145833299	0.916666627	0.322311848
S	0.145833313	0.666666627	0.322311848
S	0.895833313	0.166666627	0.322311848
S	0.895833254	0.916666627	0.322311848
S	0.895833313	0.666666627	0.322311848
S	0.645833313	0.166666627	0.322311848
S	0.645833313	0.916666627	0.322311848
S	0.645833313	0.666666627	0.322311848
S	0.145833313	0.416666627	0.322311848
S	0.895833313	0.416666627	0.322311848
S	0.645833313	0.416666627	0.322311848
S	0.395833254	0.166666627	0.322311848
S	0.395833254	0.916666627	0.322311848
S	0.395833254	0.666666627	0.322311848
S	0.395833254	0.416666627	0.322311848
S	0.145833313	0.229166627	0.322311848
S	0.145833313	0.979166687	0.322311848
S	0.145833313	0.729166627	0.322311848
S	0.895833313	0.229166627	0.322311848
S	0.895833313	0.979166687	0.322311848
S	0.895833313	0.729166627	0.322311848
S	0.645833313	0.229166627	0.322311848
S	0.645833313	0.979166687	0.322311848
S	0.645833313	0.729166627	0.322311848
S	0.145833328	0.479166627	0.322311848
S	0.895833313	0.479166627	0.322311848
S	0.645833313	0.479166627	0.322311848
S	0.395833254	0.229166627	0.322311848
S	0.395833284	0.979166687	0.322311848
S	0.395833254	0.729166627	0.322311848
S	0.395833254	0.479166627	0.322311848
S	0.208333284	0.041666631	0.322311848
S	0.208333313	0.791666627	0.322311848
S	0.208333284	0.541666627	0.322311848
S	0.958333313	0.041666631	0.322311848
S	0.958333313	0.791666627	0.322311848
S	0.958333313	0.541666627	0.322311848
S	0.708333373	0.041666631	0.322311848
S	0.708333313	0.791666627	0.322311848
S	0.708333313	0.541666627	0.322311848
S	0.208333299	0.291666627	0.322311848
S	0.958333313	0.291666627	0.322311848
S	0.708333313	0.291666627	0.322311848
S	0.458333284	0.041666631	0.322311848
S	0.458333254	0.791666627	0.322311848
S	0.458333254	0.541666627	0.322311848
S	0.458333254	0.291666627	0.322311848
S	0.208333313	0.104166612	0.322311848
S	0.208333299	0.854166627	0.322311848
S	0.208333313	0.604166627	0.322311848
S	0.958333313	0.104166612	0.322311848
S	0.958333313	0.854166627	0.322311848
S	0.958333373	0.604166627	0.322311848
S	0.708333313	0.104166612	0.322311848
S	0.708333313	0.854166627	0.322311848
S	0.708333313	0.604166627	0.322311848
S	0.208333313	0.354166627	0.322311848
S	0.958333313	0.354166627	0.322311848
S	0.708333313	0.354166627	0.322311848
S	0.458333254	0.104166612	0.322311848
S	0.458333254	0.854166627	0.322311848
S	0.458333254	0.604166627	0.322311848
S	0.458333254	0.354166627	0.322311848
S	0.208333313	0.166666627	0.322311848
S	0.208333299	0.916666627	0.322311848
S	0.208333313	0.666666627	0.322311848
S	0.958333313	0.166666627	0.322311848
S	0.958333313	0.916666627	0.322311848
S	0.958333313	0.666666627	0.322311848
S	0.708333313	0.166666627	0.322311848
S	0.708333313	0.916666627	0.322311848
S	0.708333313	0.666666627	0.322311848
S	0.208333313	0.416666627	0.322311848
S	0.958333313	0.416666627	0.322311848
S	0.708333313	0.416666627	0.322311848
S	0.458333284	0.166666627	0.322311848
S	0.458333254	0.916666627	0.322311848
S	0.458333254	0.666666627	0.322311848
S	0.458333254	0.416666627	0.322311848
S	0.208333313	0.229166627	0.322311848
S	0.208333328	0.979166687	0.322311848
S	0.208333313	0.729166627	0.322311848
S	0.958333373	0.229166627	0.322311848
S	0.958333313	0.979166687	0.322311848
S	0.958333313	0.729166627	0.322311848
S	0.708333313	0.229166627	0.322311848
S	0.708333313	0.979166687	0.322311848
S	0.708333313	0.729166627	0.322311848
S	0.208333313	0.479166627	0.322311848
S	0.958333373	0.479166627	0.322311848
S	0.708333313	0.479166627	0.322311848
S	0.458333284	0.229166627	0.322311848
S	0.458333284	0.979166687	0.322311848
S	0.458333254	0.729166627	0.322311848
S	0.458333254	0.479166627	0.322311848
S	0.020833315	0.041666631	0.515958607
S	0.020833327	0.791666627	0.515958607
S	0.02083331	0.541666627	0.515958607
S	0.770833254	0.041666631	0.515958607
S	0.770833313	0.791666627	0.515958607
S	0.770833313	0.541666627	0.515958607
S	0.520833313	0.041666631	0.515958607
S	0.520833313	0.791666627	0.515958607
S	0.520833313	0.541666627	0.515958607
S	0.020833315	0.291666627	0.515958607
S	0.770833313	0.291666627	0.515958607
S	0.520833313	0.291666627	0.515958607
S	0.270833254	0.041666631	0.515958607
S	0.270833284	0.791666627	0.515958607
S	0.270833254	0.541666627	0.515958607
S	0.270833254	0.291666627	0.515958607
S	0.020833313	0.104166612	0.515958607
S	0.020833313	0.854166627	0.515958607
S	0.020833319	0.604166627	0.515958607
S	0.770833313	0.104166612	0.515958607
S	0.770833313	0.854166627	0.515958607
S	0.770833313	0.604166627	0.515958607
S	0.520833313	0.104166612	0.515958607
S	0.520833313	0.854166627	0.515958607
S	0.520833313	0.604166627	0.515958607
S	0.020833313	0.354166627	0.515958607
S	0.770833313	0.354166627	0.515958607
S	0.520833313	0.354166627	0.515958607
S	0.270833254	0.104166612	0.515958607
S	0.270833254	0.854166627	0.515958607
S	0.270833254	0.604166627	0.515958607
S	0.270833254	0.354166627	0.515958607
S	0.020833304	0.166666627	0.515958607
S	0.020833302	0.916666627	0.515958607
S	0.020833287	0.666666627	0.515958607
S	0.770833254	0.166666627	0.515958607
S	0.770833313	0.916666627	0.515958607
S	0.770833313	0.666666627	0.515958607
S	0.520833313	0.166666627	0.515958607
S	0.520833313	0.916666627	0.515958607
S	0.520833313	0.666666627	0.515958607
S	0.020833293	0.416666627	0.515958607
S	0.770833313	0.416666627	0.515958607
S	0.520833313	0.416666627	0.515958607
S	0.270833254	0.166666627	0.515958607
S	0.270833254	0.916666627	0.515958607
S	0.270833254	0.666666627	0.515958607
S	0.270833254	0.416666627	0.515958607
S	0.020833317	0.229166627	0.515958607
S	0.020833334	0.979166687	0.515958607
S	0.020833317	0.729166627	0.515958607
S	0.770833313	0.229166627	0.515958607
S	0.770833313	0.979166687	0.515958607
S	0.770833313	0.729166627	0.515958607
S	0.520833313	0.229166627	0.515958607
S	0.520833313	0.979166687	0.515958607
S	0.520833313	0.729166627	0.515958607
S	0.020833323	0.479166627	0.515958607
S	0.770833313	0.479166627	0.515958607
S	0.520833313	0.479166627	0.515958607
S	0.270833254	0.229166627	0.515958607
S	0.270833284	0.979166687	0.515958607
S	0.270833254	0.729166627	0.515958607
S	0.270833254	0.479166627	0.515958607
S	0.083333313	0.041666631	0.515958607
S	0.083333321	0.791666627	0.515958607
S	0.083333299	0.541666627	0.515958607
S	0.833333313	0.041666631	0.515958607
S	0.833333313	0.791666627	0.515958607
S	0.833333313	0.541666627	0.515958607
S	0.583333313	0.041666631	0.515958607
S	0.583333313	0.791666627	0.515958607
S	0.583333313	0.541666627	0.515958607
S	0.083333313	0.291666627	0.515958607
S	0.833333313	0.291666627	0.515958607
S	0.583333313	0.291666627	0.515958607
S	0.333333254	0.041666631	0.515958607
S	0.333333254	0.791666627	0.515958607
S	0.333333254	0.541666627	0.515958607
S	0.333333254	0.291666627	0.515958607
S	0.083333313	0.104166612	0.515958607
S	0.083333321	0.854166627	0.515958607
S	0.083333313	0.604166627	0.515958607
S	0.833333313	0.104166612	0.515958607
S	0.833333313	0.854166627	0.515958607
S	0.833333313	0.604166627	0.515958607
S	0.583333313	0.104166612	0.515958607
S	0.583333313	0.854166627	0.515958607
S	0.583333313	0.604166627	0.515958607
S	0.083333313	0.354166627	0.515958607
S	0.833333313	0.354166627	0.515958607
S	0.583333313	0.354166627	0.515958607
S	0.333333254	0.104166612	0.515958607
S	0.333333254	0.854166627	0.515958607
S	0.333333254	0.604166627	0.515958607
S	0.333333254	0.354166627	0.515958607
S	0.083333313	0.166666627	0.515958607
S	0.083333313	0.916666627	0.515958607
S	0.083333299	0.666666627	0.515958607
S	0.833333313	0.166666627	0.515958607
S	0.833333313	0.916666627	0.515958607
S	0.833333313	0.666666627	0.515958607
S	0.583333313	0.166666627	0.515958607
S	0.583333313	0.916666627	0.515958607
S	0.583333313	0.666666627	0.515958607
S	0.083333313	0.416666627	0.515958607
S	0.833333313	0.416666627	0.515958607
S	0.583333313	0.416666627	0.515958607
S	0.333333254	0.166666627	0.515958607
S	0.333333254	0.916666627	0.515958607
S	0.333333254	0.666666627	0.515958607
S	0.333333254	0.416666627	0.515958607
S	0.083333313	0.229166627	0.515958607
S	0.083333343	0.979166687	0.515958607
S	0.083333306	0.729166627	0.515958607
S	0.833333313	0.229166627	0.515958607
S	0.833333313	0.979166687	0.515958607
S	0.833333313	0.729166627	0.515958607
S	0.583333313	0.229166627	0.515958607
S	0.583333313	0.979166687	0.515958607
S	0.583333313	0.729166627	0.515958607
S	0.083333321	0.479166627	0.515958607
S	0.833333313	0.479166627	0.515958607
S	0.583333313	0.479166627	0.515958607
S	0.333333254	0.229166627	0.515958607
S	0.333333284	0.979166687	0.515958607
S	0.333333254	0.729166627	0.515958607
S	0.333333254	0.479166627	0.515958607
S	0.145833313	0.041666631	0.515958607
S	0.145833328	0.791666627	0.515958607
S	0.145833313	0.541666627	0.515958607
S	0.895833313	0.041666631	0.515958607
S	0.895833313	0.791666627	0.515958607
S	0.895833313	0.541666627	0.515958607
S	0.645833313	0.041666631	0.515958607
S	0.645833313	0.791666627	0.515958607
S	0.645833313	0.541666627	0.515958607
S	0.145833313	0.291666627	0.515958607
S	0.895833313	0.291666627	0.515958607
S	0.645833313	0.291666627	0.515958607
S	0.395833254	0.041666631	0.515958607
S	0.395833254	0.791666627	0.515958607
S	0.395833254	0.541666627	0.515958607
S	0.395833254	0.291666627	0.515958607
S	0.145833313	0.104166612	0.515958607
S	0.145833313	0.854166627	0.515958607
S	0.145833313	0.604166627	0.515958607
S	0.895833313	0.104166612	0.515958607
S	0.895833313	0.854166627	0.515958607
S	0.895833313	0.604166627	0.515958607
S	0.645833313	0.104166612	0.515958607
S	0.645833313	0.854166627	0.515958607
S	0.645833313	0.604166627	0.515958607
S	0.145833313	0.354166627	0.515958607
S	0.895833313	0.354166627	0.515958607
S	0.645833313	0.354166627	0.515958607
S	0.395833254	0.104166612	0.515958607
S	0.395833254	0.854166627	0.515958607
S	0.395833254	0.604166627	0.515958607
S	0.395833254	0.354166627	0.515958607
S	0.145833313	0.166666627	0.515958607
S	0.145833299	0.916666627	0.515958607
S	0.145833313	0.666666627	0.515958607
S	0.895833313	0.166666627	0.515958607
S	0.895833254	0.916666627	0.515958607
S	0.895833313	0.666666627	0.515958607
S	0.645833313	0.166666627	0.515958607
S	0.645833313	0.916666627	0.515958607
S	0.645833313	0.666666627	0.515958607
S	0.145833313	0.416666627	0.515958607
S	0.895833313	0.416666627	0.515958607
S	0.645833313	0.416666627	0.515958607
S	0.395833254	0.166666627	0.515958607
S	0.395833254	0.916666627	0.515958607
S	0.395833254	0.666666627	0.515958607
S	0.395833254	0.416666627	0.515958607
S	0.145833313	0.229166627	0.515958607
S	0.145833313	0.979166687	0.515958607
S	0.145833313	0.729166627	0.515958607
S	0.895833313	0.229166627	0.515958607
S	0.895833313	0.979166687	0.515958607
S	0.895833313	0.729166627	0.515958607
S	0.645833313	0.229166627	0.515958607
S	0.645833313	0.979166687	0.515958607
S	0.645833313	0.729166627	0.515958607
S	0.145833328	0.479166627	0.515958607
S	0.895833313	0.479166627	0.515958607
S	0.645833313	0.479166627	0.515958607
S	0.395833254	0.229166627	0.515958607
S	0.395833284	0.979166687	0.515958607
S	0.395833254	0.729166627	0.515958607
S	0.395833254	0.479166627	0.515958607
S	0.208333284	0.041666631	0.515958607
S	0.208333313	0.791666627	0.515958607
S	0.208333284	0.541666627	0.515958607
S	0.958333313	0.041666631	0.515958607
S	0.958333313	0.791666627	0.515958607
S	0.958333313	0.541666627	0.515958607
S	0.708333373	0.041666631	0.515958607
S	0.708333313	0.791666627	0.515958607
S	0.708333313	0.541666627	0.515958607
S	0.208333299	0.291666627	0.515958607
S	0.958333313	0.291666627	0.515958607
S	0.708333313	0.291666627	0.515958607
S	0.458333284	0.041666631	0.515958607
S	0.458333254	0.791666627	0.515958607
S	0.458333254	0.541666627	0.515958607
S	0.458333254	0.291666627	0.515958607
S	0.208333313	0.104166612	0.515958607
S	0.208333299	0.854166627	0.515958607
S	0.208333313	0.604166627	0.515958607
S	0.958333313	0.104166612	0.515958607
S	0.958333313	0.854166627	0.515958607
S	0.958333373	0.604166627	0.515958607
S	0.708333313	0.104166612	0.515958607
S	0.708333313	0.854166627	0.515958607
S	0.708333313	0.604166627	0.515958607
S	0.208333313	0.354166627	0.515958607
S	0.958333313	0.354166627	0.515958607
S	0.708333313	0.354166627	0.515958607
S	0.458333254	0.104166612	0.515958607
S	0.458333254	0.854166627	0.515958607
S	0.458333254	0.604166627	0.515958607
S	0.458333254	0.354166627	0.515958607
S	0.208333313	0.166666627	0.515958607
S	0.208333299	0.916666627	0.515958607
S	0.208333313	0.666666627	0.515958607
S	0.958333313	0.166666627	0.515958607
S	0.958333313	0.916666627	0.515958607
S	0.958333313	0.666666627	0.515958607
S	0.708333313	0.166666627	0.515958607
S	0.708333313	0.916666627	0.515958607
S	0.708333313	0.666666627	0.515958607
S	0.208333313	0.416666627	0.515958607
S	0.958333313	0.416666627	0.515958607
S	0.708333313	0.416666627	0.515958607
S	0.458333284	0.166666627	0.515958607
S	0.458333254	0.916666627	0.515958607
S	0.458333254	0.666666627	0.515958607
S	0.458333254	0.416666627	0.515958607
S	0.208333313	0.229166627	0.515958607
S	0.208333328	0.979166687	0.515958607
S	0.208333313	0.729166627	0.515958607
S	0.958333373	0.229166627	0.515958607
S	0.958333313	0.979166687	0.515958607
S	0.958333313	0.729166627	0.515958607
S	0.708333313	0.229166627	0.515958607
S	0.708333313	0.979166687	0.515958607
S	0.708333313	0.729166627	0.515958607
S	0.208333313	0.479166627	0.515958607
S	0.958333373	0.479166627	0.515958607
S	0.708333313	0.479166627	0.515958607
S	0.458333284	0.229166627	0.515958607
S	0.458333284	0.979166687	0.515958607
S	0.458333254	0.729166627	0.515958607
S	0.458333254	0.479166627	0.515958607
Te	0.336949885	0.239583299	0.677688122
Te	0.437092811	0.239583299	0.677688122
Te	0.186735496	0.239583299	0.677688122
Te	0.236806959	0.239583299	0.677688122
Te	0.286878437	0.239583299	0.677688122
Te	0.387021333	0.239583299	0.677688122
Te	0.487164259	0.239583299	0.677688122
Te	0.136664048	0.239583299	0.677688122
CELL_PARAMETERS {bohr}
94.35145967	0	0
-47.17573684	81.71084848	0
0	0	31.02585013

K_POINTS gamma