0 66351949.4081162512302
6.06032705815538832643e-07 45377691.3938844352961
1.21623926341752214433e-06 35418040.9031948074698
1.8306484188432428749e-06 30621967.2190982103348
2.44928911610884448151e-06 27607698.5882965996861
3.07219049857294371618e-06 25462722.2211430743337
3.69938191030944095797e-06 23831639.8072491139174
4.33089289749001562574e-06 22530332.1680640988052
4.9667532097758495914e-06 21456843.4046986177564
5.60699280171921344472e-06 20549251.4683377556503
6.25164183417455350327e-06 19767158.9091314375401
6.90073067571929979594e-06 19082869.3832618109882
7.55428990408453605106e-06 18476674.0033224262297
8.21235030759542157487e-06 17934083.9253624789417
8.8749428866216716462e-06 17444165.6660192348063
9.5420988550378584112e-06 16998485.4690257199109
1.02138496416938897259e-05 16590414.2603892218322
1.08902268918955922548e-05 16214656.1103093549609
1.15712624688954945402e-05 15866919.6692906469107
1.22569884553938320655e-05 15543683.8757720515132
1.29474371550498962839e-05 15242027.462992573157
1.36426410940038851628e-05 14959502.6404915992171
1.43426330224091502097e-05 14694039.9909091740847
1.50474459159749484011e-05 14443875.8294213749468
1.57571129775199836169e-05 14207495.9939973559231
1.64716676385364750004e-05 13983591.8335624355823
1.71911435607651012216e-05 13771025.3742784690112
1.79155746377807461038e-05 13568801.4770971499383
1.86449949965892167159e-05 13376045.3810979276896
1.93794389992348475317e-05 13191984.4390186723322
2.0118941244419380292e-05 13015933.1472713556141
2.08635365691316824999e-05 12847280.7880061026663
2.16132600502890601037e-05 12685481.1592591609806
2.23681470063895612786e-05 12530043.9871657043695
2.31282329991758066334e-05 12380527.7028937041759
2.38935538353103051838e-05 12236533.334263542667
2.46641455680622188223e-05 12097699.313560988754
2.54400444990057684103e-05 11963697.0428519286215
2.62212871797304305675e-05 11834227.0890810787678
2.70079104135627354254e-05 11709015.9055211227387
2.77999512573000786956e-05 11587812.9953072555363
2.859744702295644641e-05 11470388.4480256959796
2.94004352795200489437e-05 11356530.7925034984946
3.02089538547232404038e-05 11246045.1187418960035
3.10230408368244997682e-05 11138751.4298573639244
3.18427345764026465671e-05 11034483.1913349125534
3.2668073688163623146e-05 10933086.0501604843885
3.34990970527595046963e-05 10834416.7007208094001
3.43358438186200894192e-05 10738341.8779221475124
3.51783534037971738545e-05 10644737.4609322026372
3.60266654978215133758e-05 10553487.6734051536769
3.68808200635724407453e-05 10464484.3681009467691
3.77408573391605967388e-05 10377626.3855294696987
3.86068178398234272512e-05 10292818.9776974972337
3.94787423598337314863e-05 10209973.2892578784376
4.03566719744216068186e-05 10129005.8893954660743
4.12406480417092550042e-05 10049838.3486649543047
4.21307122046594899963e-05 9972396.85574494302273
4.30269063930372968447e-05 9896611.86971531622112
4.39292728253852683825e-05 9822417.80401432700455
4.48378540110123301665e-05 9749752.73870600387454
4.57526927519963770856e-05 9678558.15809579566121
4.66738321452005776942e-05 9608778.71108599379659
4.76013155843036579761e-05 9540361.99196791090071
4.85351867618440832261e-05 9473258.33961373381317
4.94754896712783481111e-05 9407420.6532624438405
5.0422268609053517215e-05 9342804.22329611703753
5.1375568176693866987e-05 9279366.57557985931635
5.23354332829021034329e-05 9217067.32809329219162
5.3301909145674918381e-05 9155868.05871778912842
5.42750412944331418188e-05 9095732.18316346220672
5.52548755721665512883e-05 9036624.84212533570826
5.62414581375935551796e-05 8978512.79685172624886
5.72348354673355805169e-05 8921364.33239023759961
5.82350543581065447068e-05 8865149.16785018891096
5.92421619289174722356e-05 8809838.37308521009982
6.02562056232960733572e-05 8755404.29125785827637
6.12772332115218743053e-05 8701820.46679925918579
6.23052927928765127837e-05 8649061.57832336612046
6.33404327979097205069e-05 8597103.37609607167542
6.4382701990720742069e-05 8545922.62369663082063
6.54321494712555696118e-05 8495497.04354158602655
6.64888246776200746071e-05 8445805.26597123406827
6.75527773884087928084e-05 8396826.78162533976138
6.86240577250501077597e-05 8348541.89685856830329
6.97027161541672772094e-05 8300931.69196802191436
7.07888034899559258437e-05 8253977.98202466685325
7.1882370896577760396e-05 8207663.28011802397668
7.29834698905709950215e-05 8161970.76283953804523
7.40921523432769854947e-05 8116884.23784461524338
7.52084704832841022216e-05 8072388.11334606725723
7.63324768988879747041e-05 8028467.36940406356007
7.74642245405688257415e-05 7985107.5308882445097
7.86037667234860308943e-05 7942294.64199749659747
7.97511571299896728166e-05 7900015.24223195947707
8.09064498121494021657e-05 7858256.34372007194906
8.20696991943008083772e-05 7817005.40981066599488
8.32409600756093274098e-05 7776250.33484726306051
8.44202876326515915927e-05 7735979.42504778597504
8.56077374220149127544e-05 7696181.38041855674237
8.68033653829143836368e-05 7656845.27763693127781
8.8007227839828153248e-05 7617960.55384138226509
8.92193815051506593141e-05 7579516.99127264041454
9.04398834818645090076e-05 7541504.70271307788789
9.16687912662303845375e-05 7503914.11767580918968
9.29061627504955428068e-05 7466735.96929783839732
9.41520562256211666343e-05 7429961.28189514577389
9.54065303840284591229e-05 7393581.35914031788707
9.66696443223632643311e-05 7357587.77282613608986
9.79414575442803797675e-05 7321972.35218081157655
9.92220299632464765045e-05 7286727.17370312288404
0.000100511421905362575589 7251844.55148753058165
0.000101809694112206026539 7217317.02801156789064
0.000103116907743691798194 7183137.3653594776988
0.000104433124380953867958 7149298.53685765527189
0.000105758406029246031818 7115793.71909929905087
0.000107092815120862988945 7082616.28433683235198
0.000108436414518081416266 7049759.79322211351246
0.000109789267516121331176 7017217.98787581454962
0.000111151437846127837243 6984984.78526816051453
0.000112522989678173442659 6953054.27089480683208
0.000113903987624281032736 6921420.69273215066642
0.000115294496741467591321 6890078.45545761007816
0.00011669458253480909126 6859022.11492114607245
0.000118104310960526147334 6828246.37285520043224
0.000119523748429091285477 6797746.07181087229401
0.000120952961808357435246 6767516.19030892476439
0.00012239201842670799792 6737551.83819493185729
0.000123840986076228490222 6707848.25218840129673
0.000125299933015900210893 6678400.79161626473069
0.000126768927974815943677 6649204.93432181607932
0.000128248040155417479882 6620256.27274055499583
0.0001297373392367557872 6591550.51013485807925
0.000131236895377773513105 6563083.45697996113449
0.000132746779220610093856 6534851.02749401330948
0.000134267061893929360705 6506849.23630553949624
0.000135797815016270781701 6479074.19525168463588
0.000137339110699422875441 6451522.11030144058168
0.000138891021551820585678 6424189.27859787456691
0.00014045362068196564102 6397072.08561406936496
0.000142026981701870577343 6370167.00241754204035
0.000143611178730526666859 6343470.58303827699274
0.000145206286397395374372 6316979.46193576324731
0.000146812379845924235186 6290690.35156059358269
0.000148429534737086504153 6264600.04000651463866
0.000150057827252945822673 6238705.38874888326973
0.000151697334100244629737 6213003.33046589791775
0.000153348132514018078813 6187490.86693887133151
0.000155010300261232322186 6162165.06702831666917
0.000156683915644447948777 6137023.06472250539809
0.000158369057505508927831 6112062.05725544597954
0.000160065805229256380828 6087279.30329144746065
0.000161774238747268726607 6062672.12117335014045
0.000163494438541626871571 6038237.88723193109035
0.000165226485648705691787 6013974.03415384422988
0.000166970461662991671468 5989878.04940576199442
0.000168726448740926318354 5965947.47371245361865
0.000170494529604777090735 5942179.89958649687469
0.000172274787546533667687 5918572.96990774478763
0.000174067306431832273051 5895124.37655037734658
0.000175872170703905938939 5871831.85905580502003
0.000177689465387563094029 5848693.20334945619106
0.000179519276093192552178 5825706.24049988016486
0.000181361689020796744507 5802868.84551846515387
0.000183216790964052164952 5780178.93619818333536
0.000185084669314398574287 5757634.47198982536793
0.000186965412065155498931 5735233.45291443541646
0.000188859107815667786375 5712973.91851040907204
0.000190765845775479160129 5690853.94681405182928
0.000192685715768534695765 5668871.65337231755257
0.000194618808237412814358 5647025.19028646685183
0.000196565214247585302561 5625312.74528563208878
0.000198525025491707798756 5603732.54082903917879
0.000200498334293938766616 5582282.83323596976697
0.000202485233614289287119 5560961.91184231452644
0.000204485817053002096912 5539768.09818291198462
0.000206500178854960930123 5518699.74519861862063
0.000208528413914130109422 5497755.23646727111191
0.00021057061777802522657 5476932.9854577369988
0.000212626886652214180636 5456231.43480610009283
0.000214697317404848980445 5435649.05561343114823
0.0002167820075712295581 5415184.34676411002874
0.000218881055358397994372 5394835.83426423836499
0.00022099455964976545989 5374602.07059927657247
0.000223122620009770083202 5354481.63411032408476
0.000225265336688567643052 5334473.128388392739
0.000227422810626753756731 5314575.18168603442609
0.00022959514346011951607 5294786.44634579773992
0.00023178243752443921581 5275105.59824485797435
0.000233984795860291366985 5255531.33625535666943
0.000236202322217912398994 5236062.3817199151963
0.000238435121062084920624 5216697.47794177383184
0.000240683297577058317399 5197435.38968909345567
0.000242946957671503962085 5178274.90271305665374
0.000245226207983504794399 5159214.8232791069895
0.000247521155885578321258 5140253.97771112620831
0.000249831909489735205961 5121391.21194798871875
0.000252158577652572253678 5102625.39111211616546
0.000254501269980400525103 5083955.39908973407
0.000256860096834408252985 5065380.13812235649675
0.000259235169335860567326 5046898.52840917184949
0.000261626599371333860844 5028509.50772004108876
0.00026403449959798663783 5010212.03101870790124
0.000266458983448866575366 4992005.07009595166892
0.000268900165138254447408 4973887.6132123246789
0.000271358159667044586492 4955858.66475023701787
0.000273833082828162099887 4937917.24487508740276
0.000276325051212018087034 4920062.38920510001481
0.000278834182212001774077 4902293.14848971646279
0.000281360594030011137556 4884608.58829616382718
0.000283904405682020770461 4867007.78870408516377
0.000286465737003689050605 4849489.8440078413114
0.000289044708656002930815 4832053.86242638621479
0.000291641442130962736182 4814698.96582041028887
0.000294256059757304745759 4797424.28941661305726
0.00029688868470626486552 4780228.98153875954449
0.000299539440997379977343 4763112.20334552414715
0.000302208453504331300832 4746073.12857470847666
0.000304895847960826515358 4729110.94329382386059
0.000307601750966523027585 4712224.84565676189959
0.000310326289992992004983 4695414.04566637519747
0.000313069593389723121145 4678677.76494287513196
0.000315831790390171422353 4662015.23649778403342
0.000318613011117844634884 4645425.7045133728534
0.000321413386592434111456 4628908.42412733379751
0.000324233048735985838942 4612462.66122268233448
0.000327072130379115952586 4596087.69222257193178
0.000329930765267268046211 4579782.80388999544084
0.000332809088067013579462 4563547.2931322613731
0.000335707234372395653139 4547380.46680999547243
0.000338625340711317399447 4531281.64155064988881
0.000341563544551972818764 4515250.14356635697186
0.000344521984309323207104 4499285.3084760075435
0.000347500799351617819036 4483386.48113143723458
0.000350500130006958440787 4467553.01544765289873
0.000353520117569911288772 4451784.27423689793795
0.000356560904308162384627 4436079.62904655653983
0.000359622633469219984623 4420438.46000073384494
0.000362705449287162491352 4404860.1556454366073
0.000365809496989433311376 4389344.11279723234475
0.000368934922803682441989 4373889.73639535438269
0.000372081873964654787079 4358496.43935707677156
0.000375250498721126394749 4343163.64243637304753
0.000378440946342888020343 4327890.77408568654209
0.000381653367127777695417 4312677.27032075636089
0.000384887912408760025831 4297522.57458849437535
0.000388144734561056447327 4282426.13763768412173
0.000391423987009322047609 4267387.41739262174815
0.000394725824234874646951 4252405.87882939912379
0.000398050401782971421082 4237480.99385499116033
0.000401397876270136427356 4222612.24118891358376
0.000404768405391538654749 4207799.10624745301902
0.000408162147928421031352 4193041.0810303944163
0.00041157926375558049779 4178337.66401017736644
0.000415019913848899146564 4163688.36002343799919
0.000418484260292927457304 4149092.68016487080604
0.000421972466288520549511 4134550.14168332470581
0.000425484696160525880694 4120060.26788011938334
0.000429021115365524449876 4105622.58800951065496
0.000432581890499625398069 4091236.63718125829473
0.000436167189306313626222 4076901.9562652236782
0.000439777180684352761702 4062618.09179797861725
0.000443412034695741196465 4048384.59589135507122
0.000447071922573723744797 4034201.02614290174097
0.000450757016730857782219 4020066.94554820330814
0.000454467490767136142373 4005981.92241500038654
0.000458203519478164386647 3991945.53027908550575
0.000461965278863396024405 3977957.34782192483544
0.000465752946134422539642 3964016.95878997817636
0.000469566699723322669279 3950123.9519156566821
0.000473406719291067680511 3936277.9208398819901
0.000477273185735984544539 3922478.46403625840321
0.000481166281202278795642 3908725.18473671004176
0.000485086189088613931389 3895017.69085870729759
0.000489033094056751907637 3881355.59493388608098
0.000493007182040252397298 3867738.51403812551871
0.000497008640253231246536 3854166.06972304917872
0.00050103765719918002576 3840637.8879488715902
0.00050509442267984694646 3827153.59901856444776
0.000509179127804176975478 3813712.83751337975264
0.000513291964997316025633 3800315.24222961720079
0.000517433128009674452204 3786960.45611663674936
0.000521602811926055601535 3773648.1262161298655
0.000525801213174845400236 3760377.90360254049301
0.0005300285295372659123 3747149.443324691616
0.000534284960156692755734 3733962.40434853313491
0.000538570705548035836598 3720816.44950103014708
0.000542885967607186327791 3707711.24541511945426
0.000547230949620527182091 3694646.46247574966401
0.000551605856274509673103 3681621.77476697415113
0.000556010893665295855698 3668636.8600200638175
0.000560446269308467704892 3655691.39956261683255
0.000564912192148802824732 3642785.0782686593011
0.000569408872570117269296 3629917.58450970891863
0.000573936522405177427381 3617088.61010674992576
0.000578495354945677501407 3604297.8502831873484
0.000583085584952289519463 3591545.00361863011494
0.000587707428664778399469 3578829.77200363436714
0.000592361103812189654892 3566151.86059523653239
0.000597046829623107031502 3553510.97777338558808
0.000601764826835978774121 3540906.83509816741571
0.000606515317709516534918 3528339.14726789388806
0.000611298526033167140097 3515807.63207790721208
0.000616114677137652986573 3503312.01038024993613
0.000620963997905588549649 3490852.00604402832687
0.000625846716782167797506 3478427.3459165673703
0.000630763063785925873553 3466037.75978528475389
0.000635713270519576022395 3453682.98034026892856
0.000640697570180918398418 3441362.74313758919016
0.00064571619757382758744 3429076.78656326141208
0.000650769389119312227816 3416824.85179793694988
0.000655857382866653236195 3404606.68278219737113
0.000660980418504618686369 3392422.02618254115805
0.000666138737372753931762 3380270.63135800277814
0.000671332582472751199926 3368152.25032737432048
0.000676562198479898225384 3356066.63773705903441
0.000681827831754602451363 3344013.55082952417433
0.000687129730353999257191 3331992.7494123307988
0.00069246814404363532091 3320003.99582776287571
0.000697843324309235682294 3308047.05492300307378
0.000703255524368551904191 3296121.69402087014169
0.000708704999183288513256 3284227.68289111834019
0.000714192005471116935812 3272364.79372223699465
0.000719716801717766195209 3260532.80109381955117
0.000725279648189201212732 3248731.48194942111149
0.000730880806943884266808 3236960.61556991469115
0.000736520541845118851577 3225219.98354736715555
0.000742199118573480163229 3213509.36975940642878
0.000747916804639332973015 3201828.56034402037039
0.00075367386939542983966 3190177.34367489535362
0.000759470584049604514713 3178555.5103371469304
0.000765307221677544277823 3166962.85310356738046
0.000771184057235655404973 3155399.1669112755917
0.000777101367574018408665 3143864.24883880047128
0.000783059431449425894303 3132357.89808363653719
0.000789058529538518320032 3120879.91594016877934
0.000795098944451003456987 3109430.10577805805951
0.000801180960742970717237 3098008.2730210009031
0.00080730486493029796416 3086614.22512589162216
0.000813470945502145492689 3075247.77156240446493
0.000819679492934548888788 3063908.72379292966798
0.000825930799704102961908 3052596.89525290206075
0.000832225160301737943054 3041312.1013315054588
0.000838562871246595537868 3030054.15935273328796
0.000844944231099994751653 3018822.88855682266876
0.000851369540479497894682 3007618.11008202843368
0.000857839102073072973069 2996439.64694675337523
0.000864353220653351381024 2985287.32403202587739
0.000870912203091987616524 2974160.96806428302079
0.000877516358374112563634 2963060.4075985327363
0.000884165997612891400338 2951985.4730018004775
0.000890861434064180602449 2940935.9964369055815
0.000897602983141282308871 2929911.81184657290578
0.000904390962429804504998 2918912.75493782525882
0.000911225691702623446372 2907938.66316668363288
0.000918107492934944527906 2896989.37572318967432
0.000925036690319473741718 2886064.73351669264957
0.000932013610281686821595 2875164.57916144654155
0.000939038581495207783437 2864288.75696248328313
0.000946111934897294693317 2853437.11290175374597
0.000953234003704424748445 2842609.49462458351627
0.000960405123427997319333 2831805.75142633821815
0.000967625631890134570157 2821025.73423942364752
0.00097489586923959830559 2810269.29562049265951
0.000982216177967814695754 2799536.28973793005571
0.000989586902925006228759 2788826.57235961267725
0.000997008391336438046584 2778140.00084088835865
0.00100448099281877758007 2767476.4341127993539
0.00101200505939655978523 2756835.73267059074715
0.00101958094551877608697 2746217.75856239441782
0.00102720900807556762314 2735622.37537820823491
0.00103488960641503905183 2725049.44823906803504
0.00104262310236018901875 2714498.84378645010293
0.00105040986022595229758 2703970.43017191253603
0.00105825024683636422819 2693464.07704694895074
0.0010661446315418402972 2682979.65555305685848
0.0010740933862365751976 2672517.03831202257425
0.00108209688537606505375 2662076.09941640729085
0.00109015550599474370444 2651656.71442026505247
0.00109826962772374648811 2641258.76033003441989
0.00110643963280879502505 2630882.1155956434086
0.00111466590612820126184 2620526.66010181931779
0.00112294883521100313795 2610192.27515957131982
0.00113128881025521539454 2599878.84349790308625
0.00113968622414621439075 2589586.24925566883758
0.00114814147247524716948 2579314.37797364080325
0.00115665495355806412225 2569063.11658675968647
0.0011652270684536869625 2558832.35341654811054
0.00117385822098329791266 2548621.97816373221576
0.00118254881774926615123 2538431.88190099783242
0.00119129926815430262944 2528261.95706594595686
0.00120010998442074390789 2518112.09745421400294
0.0012089813816099730364 2507982.19821276003495
0.00121791387764197357388 2497872.15583329601213
0.00122690789331501457979 2487781.86814591940492
0.00123596385232547720245 2477711.23431285377592
0.00124508218128781072108 2467660.15482240077108
0.00125426330975463213614 2457628.53148299641907
0.00126350767023696345347 2447616.26741744577885
0.00127281569822460124096 2437623.26705731311813
0.00128218783220663862417 2427649.43613742291927
0.00129162451369211738611 2417694.68169055134058
0.0013011261872308270849 2407758.91204223223031
0.00131069330043425075552 2397842.03680569538847
0.00132032630399664743792 2387943.96687697060406
0.00133002565171628475867 2378064.61443011136726
0.00133979180051681918094 2368203.89291253406554
0.00134962521046881720084 2358361.71704052994028
0.00135952634481143266876 2348538.0027948631905
0.00136949566997422592443 2338732.66741652786732
0.00137953365559913732237 2328945.62940261000767
0.00138964077456261558136 2319176.80850227084011
0.00139981750299788708022 2309426.12571287993342
0.00141006432031739320498 2299693.50327621446922
0.00142038170923536972642 2289978.86467483034357
0.00143077015579058837436 2280282.13462851149961
0.0014412301493692551875 2270603.23909083753824
0.00145176218272806260325 2260942.10524587519467
0.00146236675201740222614 2251298.66150496713817
0.00147304435680474174464 2241672.83750361809507
0.00148379550009815341927 2232064.56409851461649
0.00149462068837001517581 2222473.77336460631341
0.00150552043158086587202 2212900.39859234122559
0.00151649524320343056724 2203344.37428493285552
0.00152754564024681124129 2193805.63615578459576
0.0015386721432808388426 2184284.12112597376108
0.00154987527646059989293 2174779.76732184085995
0.00156115556755112680661 2165292.51407266547903
0.0015725135479522601642 2155822.30190844228491
0.00158394975272368467543 2146369.07255771802738
0.0015954647206101321092 2136932.76894554821774
0.00160705899406676116538 2127513.33519151434302
0.0016187331192847158063 2118110.71660782117397
0.00163048764621684903753 2108724.85969749651849
0.00164232312860363772501 2099355.71215263847262
0.00165424012399926199414 2090003.22285276441835
0.00166623919379787436418 2080667.34186322451569
0.00167832090326004712555 2071348.02043367456645
0.00169048582153939730942 2062045.21099665551446
0.00170273452170940464527 2052758.86716618738137
0.00171506758079040103927 2043488.94373649475165
0.00172748557977675781111 2034235.39668073970824
0.00173998910366425746203 2024998.18314984673634
0.00175257874147764628782 2015777.26147139584646
0.00176525508629838583444 2006572.59114855830558
0.00177801873529259452274 1997384.13285908615217
0.00179087028973917315386 1988211.8484543855302
0.00180381035505813814776 1979055.70095860748552
0.00181683954083913475931 1969915.65456783003174
0.00182995846087015759385 1960791.67464926070534
0.00184316773316646758014 1951683.72774049057625
0.00185646797999970019667 1942591.78154881647788
0.00186985982792718576778 1933515.80495058232918
0.00188334390782146101316 1924455.76799058611505
0.00189692085489999071567 1915411.64188151457347
0.00191059130875509430338 1906383.3990034062881
0.00192435591338407084062 1897371.01290318742394
0.00193821531721954042581 1888374.4582942109555
0.00195217017315999288862 1879393.71105583477765
0.00196622113860053966683 1870428.74823304777965
0.00198036887546388772757 1861479.54803611035459
0.00199461405023151905347 1852546.08984022820368
0.00200895733397508718596 1843628.35418525524437
0.00202339940238803516273 1834726.32277540885843
0.00203794093581742032095 1825839.97847902425565
0.00205258261929596981868 1816969.30532831908204
0.00206732514257434822624 1808114.2885191750247
0.00208216920015364976432 1799274.91441094339825
0.00209711549131812256125 1790451.17052625212818
0.00211216472016810194456 1781643.04555084370077
0.00212731759565318399169 1772850.52933341031894
0.00214257483160562589575 1764073.61288543161936
0.00215793714677396620757 1755312.28838104126044
0.00217340526485689357686 1746566.54915687278844
0.00218897991453733103268 1737836.38971192552708
0.0022046618295167657274 1729121.80570742744021
0.00222045174854981807247 1720422.79396667703986
0.00223635041547903421974 1711739.35247491719201
0.00225235857926993571568 1703071.48037916980684
0.00226847699404629640427 1694419.17798807914369
0.00228470641912567086484 1685782.4467717462685
0.00230104761905516744594 1677161.28936153301038
0.00231750136364745895623 1668555.70954987825826
0.00233406842801705139562 1659965.71229008003138
0.00235074959261680031808 1651391.30369605240412
0.0023675456432746722242 1642832.49104208452627
0.00238445737123076876435 1634289.28276255424134
0.00240148557317459640514 1625761.68845162866637
0.002418631051282599774 1617249.71886293333955
0.00243589461325595391106 1608753.38590918341652
0.00245327707235860675503 1600272.70266180369072
0.00247077924745560005212 1591807.68335048854351
0.00248840196305163659576 1583358.34336274233647
0.00250614604932992588934 1574924.69924337486736
0.00252401234219129565542 1566506.76869395049289
0.00254200168329356311972 1558104.57057220651768
0.00256011492009118775404 1549718.12489141407423
0.00257835290587519897279 1541347.45281968428753
0.00259671649981338186972 1532992.57667924975976
0.00261520656699076479643 1524653.51994565664791
0.00263382397845036151166 1516330.3072469343897
0.0026525696112342099682 1508022.96436268254183
0.00267144434842469082406 1499731.51822310988791
0.00269044907918612047348 1491455.99690800649114
0.00270958469880664895579 1483196.42964564543217
0.00272885210874042631254 1474952.84681163122877
0.00274825221665007208768 1466725.27992765698582
0.00276778593644944016436 1458513.76166019728407
0.0027874541883466607238 1450318.32581913936883
0.00280725789888749879125 1442139.00735630700365
0.00282719800099900117965 1433975.84236392471939
0.00284727543403344007106 1425828.86807299614884
0.00286749114381257491982 1417698.12285158131272
0.00288784608267219885039 1409583.64620300801471
0.00290834120950700294322 1401485.47876397660002
0.00292897748981575970981 1393403.6623025611043
0.0029497558957467888939 1385338.23971614451148
0.00297067740614377151856 1377289.25502921640873
0.00299174300659184929513 1369256.75339110242203
0.00301295368946405796653 1361240.7810735674575
0.00303431045396808244177 1353241.38546831323765
0.00305581430619331897644 1345258.61508437478915
0.00307746625915827519068 1337292.51954539422877
0.00309926733285829534778 1329343.14958678348921
0.00312121855431360265345 1321410.55705276853405
0.00314332095761769196932 1313494.79489330505021
0.00316557558398603304181 1305595.91716088051908
0.00318798348180512631372 1297713.979007181013
0.00321054570668189657306 1289849.03667962597683
0.00323326332149340795949 1282001.14751778356731
0.00325613739643694803313 1274170.36994963046163
0.00327916900908043623675 1266356.76348768849857
0.00330235924441318537403 1258560.3887250169646
0.00332570919489702130842 1250781.3073310519103
0.0033492199605177400655 1243019.58204730926082
0.00337289264883692792643 1235275.27668293449096
0.00339672837504414451212 1227548.45611008862033
0.00342072826200944630701 1219839.18625920056365
0.00344489344033629442399 1212147.53411403414793
0.00346922504841480757939 1204473.56770661775954
0.00349372423247539410501 1196817.35611199354753
0.00351839214664275172148 1189178.96944279945455
0.00354322995299022900154 1181558.47884369618259
0.00356823882159458148286 1173955.95648559648544
0.00359341993059107689401 1166371.47555974381976
0.00361877446622900804038 1158805.11027159309015
0.00364430362292757345152 1151256.93583451397717
0.00367000860333213793293 1143727.02846331358887
0.00369589061837089340526 1136215.4653675716836
0.00372195088731190788789 1128722.32474477379583
0.00374819063782055091755 1121247.68577326787636
0.00377461110601734354045 1113791.62860500672832
0.00380121353653617736687 1106354.23435810417868
0.00382799918258294952569 1098935.58510918705724
0.00385496930599461048311 1091535.76388552971184
0.00388212517729859089843 1084154.85465700062923
0.00390946807577267040068 1076792.94232777738944
0.00393699928950523147381 1069450.11272786394693
0.00396472011545594051757 1062126.45260438625701
0.00399263185951685695141 1054822.04961266135797
0.00402073583657393696794 1047536.99230705481023
0.004049033370568982243 1040271.37013161159121
0.00407752579456202059183 1033025.27341044496279
0.00410621445079408127488 1025798.79333792498801
0.00413510069075044908726 1018592.0219685966149
0.00416418587522431396519 1011405.05220689612906
0.00419347137438088463091 1004237.97779660730157
0.00422295856782193938794 997090.893310080515221
0.00425264884465080539311 989963.894137218710966
0.00428254360353780890586 982857.076474204077385
0.0043126442527861557491 975770.537311984109692
0.00434295221039828014536 968704.374424504232593
0.00437346890414264718311 961658.686356683145277
0.00440419577162100544382 954633.572412138921209
0.00443513426033611494331 947629.132640653522685
0.00446628582775994171367 940645.467825370607898
0.0044976519414023042806 933682.679469744558446
0.00452923407888002407806 926740.869784203241579
0.00456103372798651561515 919820.141672566533089
0.0045930523867618892539 912920.598718175082467
0.00462529156356351542345 906042.345169759355485
0.00465775277713707542421 899185.485927030560561
0.00469043755668812657744 892350.126525990199298
0.00472334744195411493362 885536.373123975703493
0.00475648398327693702065 878744.332484408281744
0.00478984874167594741612 871974.111961276852526
0.00482344328892151969629 865225.819483318948187
0.00485726920760908443403 858499.563537931651808
0.00489132809123366679716 851795.453154795919545
0.00492562154426497839088 845113.597889196360484
0.00496015118222298614925 838454.10780506557785
0.00499491863175402853181 831817.093457731767558
0.00502992553070742091231 825202.665876380051486
0.00506517352821264730395 818610.9365461996058
0.00510066428475702653145 812042.017390259541571
0.0051363994722639291779 805496.020751077099703
0.00517238077417156352084 798973.059371879789978
0.00520860988551226627291 792473.246377585222945
0.00524508851299234322985 785996.695255468366668
0.00528181837507249018343 779543.519835535087623
0.00531880120204874292517 773113.834270587307401
0.00535603873613396761627 766707.753015999915078
0.0053935327315399652498 760325.390809176140465
0.00543128495456009306036 753966.862648717709817
0.00546929718365247834189 747632.283773278468288
0.00550757120952378130541 741321.769640127429739
0.0055461088352135859067 735035.435903393779881
0.00558491187617931716253 728773.398392018279992
0.00562398216038175607911 722535.773087403154932
0.00566332152837117561162 716322.676100748125464
0.00570293183337404214345 710134.223650090163574
0.00574281494138029376118 703970.532037047320046
0.00578297273123127772432 697831.717623245087452
0.00582340709470824738347 691717.896806453703903
0.00586411993662146451695 685629.185996426036581
0.00590511317489996086227 679565.701590423821472
0.00594638874068187557598 673527.559948459966108
0.0059879485784054293368 667514.877368233865127
0.00602979464590051254108 661527.770059780217707
0.006071928914480942234 655566.35411981085781
0.00611435336903731144892 649630.745505776605569
0.00615707000813048646592 643721.060009633307345
0.00620008084408577627572 637837.413231318700127
0.00624338790308772827869 631979.920551940682344
0.00628699322527555108653 626148.697106690146029
0.00633089886483926330557 620343.857757459860295
0.00637510689011644253454 614565.517065192339942
0.00641961938368964743495 608813.789261951693334
0.00646443844248456144647 603088.788222711766139
0.00650956617786874885967 597390.627436888520606
0.00655500471575113166645 591719.41997959127184
0.006600756196682117799 586075.278482622117735
0.00664682277595447356527 580458.315105202840641
0.00669320662370483359521 574868.641504454892129
0.00673990992501592636049 569306.368805625359528
0.00678693488001953608435 563771.6075720556546
0.00683428370400013425467 558264.467774919234216
0.006881958627499220639 552785.058762713335454
0.0069299618964204397209 547333.489230508566834
0.00697829577213535806601 541909.867188982316293
0.007026962531589982415 536514.299933219794184
0.00707596446741205753472 531146.89401129167527
0.00712530388801904234625 525807.755192626034841
0.00717498311772687708682 520496.988436162297148
0.00722500449685944175909 515214.697858315717895
0.00727537038185885245184 509960.986700728011783
0.00732608314539644894792 504735.957297840388492
0.00737714517648454647797 499539.711044281953946
0.00742855888058902361082 494372.348362071963493
0.00748032667974261183952 489233.96866766072344
0.00753245101265898487491 484124.670338806172367
0.00758493433484767626968 479044.550681288936175
0.00763777911872973603452 473993.705895484657958
0.00769098785375418696197 468972.231042796571273
0.00774456304651533443406 463980.22001194715267
0.00779850722087082736528 459017.765485157200601
0.00785282291806056048644 454084.958904199476819
0.00790751269682636766245 449181.890436352812685
0.0079625791335326025211 444308.648940247308929
0.00801802482228747975812 439465.321931631944608
0.00807385237506526819151 434651.99554905644618
0.00813006442182936765739 429868.754519479873125
0.00818666361065619949122 425115.682123823440634
0.00824365260785991753323 420392.860162472527009
0.00830103409811806108864 415700.368920733337291
0.00835881078459800933023 411038.287134262092877
0.00841698538908429959304 406406.691954479669221
0.00847556065210689109357 401805.658913966151886
0.00853453933307023702992 397235.261891868663952
0.00859392421038329169802 392695.573079318040982
0.00865371808159037109176 388186.662944872456137
0.00871392376350298321352 383708.600199993292335
0.00877454409233250319511 379261.451764577010181
0.00883558192382375914842 374845.282732545398176
0.00889704013338960680857 370460.156337505788542
0.00895892161624637500816 366106.13391850143671
0.00902122928755021320779 361783.274885863414966
0.00908396608253448679948 357491.63668716524262
0.00914713495664801201634 353231.27477331267437
0.00921073888569427096096 349002.242564767773729
0.00927478086597163971228 344804.591417923860718
0.00933926391441451501929 340638.370591649203561
0.00940419106873544193015 336503.62721401109593
0.00946956538756819898861 332400.406249194114935
0.00953538995061192079516 328328.750464624550659
0.00960166785877616599243 324288.70039832231123
0.00966840223432696363459 320280.294326491362881
0.00973559622103395590209 316303.568231358367484
0.00980325298431846889335 312358.555769284721464
0.00987137571140260169922 308445.288239164394327
0.00993996761145943437399 304563.794551112863701
0.010009031915764167453 300714.101195478928275
0.0100785718778463300599 296896.232212186150718
0.0101485907736430982368 293110.209160416503437
0.0102190919016535777808 289356.051088662527036
0.0102900785830942233245 285633.7745051549864
0.0103615541620552462088 281943.393348690820858
0.0104335220056582123754 278284.918959866336081
0.0105059855042146411963 274658.360052744683344
0.0105789480713856763605 271063.722686969442293
0.0106524131443429658644 267501.010240334668197
0.0107263841839305533454 263970.223381840856746
0.0108008646748278831079 260471.360045245819492
0.0108758581257140142518 257004.415403125283774
0.0109513680694328877779 253569.381841469323263
0.0110273980631597160601 250166.248934826377081
0.0111039516885686265213 246795.003422008390771
0.0111810325520013374712 243455.629182384465821
0.0112586442846370812093 240148.107212771225022
0.0113367905426636130656 236872.415604944369989
0.0114154750074495180134 233628.529523781064199
0.0114947013857175962814 230416.421186059422325
0.0115744734097194615363 227236.059839927736903
0.0116547948374114140879 224087.411745059100213
0.0117356694526314590116 220970.440153513627592
0.0118171010652775004129 217885.105291326006409
0.0118990935114869043898 214831.364340827742126
0.0119816506538171791557 211809.171423731488176
0.0120647763814278989603 208818.477584991022013
0.0121484746102639828286 205859.230777449847665
0.0122327492832401251571 202931.375847302988404
0.0123176043704265689854 200034.854520383843919
0.0124030438692360796965 197169.605389296018984
0.0124890718046123290474 194335.563901403074851
0.0125756922292194674856 191532.662347697856603
0.0126629092236330131199 188760.829852565919282
0.0127507268965321440835 186019.992364456644282
0.0128391493848932173455 183310.072647482767934
0.0129281808541846267302 180630.990273963107029
0.0130178254985631076945 177982.661617920413846
0.0131080875410712633516 175364.999849556479603
0.0131989712338364938854 172777.914930715633091
0.0132904808582713675202 170221.313611351099098
0.0133826207252752647781 167695.099427012784872
0.0134753951754374920458 165199.172697368194349
0.0135688085792417013897 162733.430525772186229
0.0136628653372718560088 160297.766799897683086
0.0137575698804195071384 157892.072193443455035
0.0138529266700924708761 155516.234168932860484
0.0139489401984250974836 153170.136981610732619
0.0140456149884898365277 150853.66168445997755
0.0141429555945102782694 148566.686134343122831
0.0142409666020757788574 146309.084999282669742
0.0143396526283574368699 144080.729766893171472
0.0144390183223255669231 141881.488753975951113
0.0145390683649687813689 139711.227117283182452
0.0146398074695144563007 137569.806865467253374
0.0147412403816507900367 135457.08687222059234
0.0148433718797503187703 133372.922890617890516
0.0149462067750950906159 131317.167568666627631
0.015049749912103282945 129289.670466077324818
0.0151540061685573775041 127290.278072258792236
0.0152589804558340268875 125318.833825545138097
0.0153646777191353816477 123375.178133663226618
0.0154711029377220081471 121459.148395445590722
0.0155782611251475463371 119570.57902379076404
0.0156861573294948403179 117709.301469882266247
0.0157947966336137099463 115875.144248664772022
0.0159041841553604866577 114067.932965582091128
0.0160143250478390342106 112287.490344582067337
0.0161252244996435631363 110533.636257387304795
0.0162368877351029700096 108806.187754035781836
0.0163493200145270536905 107104.95909468937316
0.0164625266344542789398 105429.761782712463173
0.0165765129279012331243 103780.404599020126625
0.0166912842646139564229 102156.693637690725154
0.0168068460513208575713 100558.432342845611856
0.0169232037319873712677 98985.4215467903122772
0.0170403627880725029586 97437.4595094122632872
0.0171583287387870112028 95914.3419588335818844
0.0172771071413533733319 94415.8621333111223066
0.0173967035912676558362 92941.8108243782771751
0.017517123722563060495 91491.9764212220179616
0.0176383732080753613536 90066.1449562864727341
0.0177604577597100764252 88664.1001520963036455
0.0178833831287116620801 87285.6234692861035001
0.0180071551059343831769 85930.494155831009266
0.0181317795221150671048 84598.489297464111587
0.0182572622481478805123 83289.3838692671561148
0.018383609195360847699 82002.9507884258346166
0.0185108263157942841415 80738.9609681324800476
0.0186389196024812839325 79497.183372621962917
0.0187678950897299905154 78277.3850733264844166
0.0188977588534078207172 77079.3313061320077395
0.0190285170112277877974 75902.7855297181231435
0.0191601757230366320783 74747.5094849644374335
0.0192927411911050401827 73613.2632554038864328
0.0194262196604197516503 72499.8053287030052161
0.0195606174189778617145 71406.8926591465133242
0.0196959407980829906415 70334.2807311080832733
0.0198321961726434722872 69281.7236234809970483
0.0199693899614728082037 68248.974075046236976
0.0201075286275919501433 67235.7835507547279121
0.0202466186785337579068 66241.9023088968679076
0.0203866666666496394733 65267.0794691330302157
0.0205276791894181687148 64311.0630813594689243
0.0206696628897558541682 63373.6001953802406206
0.0208126244563301594781 62454.4369313563875039
0.0209565706238745395884 61553.3185510037073982
0.0211015081735057355439 60669.9895295075548347
0.0212474439330431613682 59804.1936281242815312
0.0213943847773306536353 58955.67396743583231
0.021542337628560278423 58124.1731012261880096
0.0216913094565983829987 57309.4330909451382468
0.0218413072793140414229 56511.195580724037427
0.0219923381629096026391 55729.2018729100382188
0.0221444092222535179881 54963.1930040818115231
0.022297527621215607746 54212.9098215094636544
0.022451700573004516881 53478.0930600222782232
0.0226069353405074294217 52758.4834192459602491
0.0227632392366323640931 52053.8216411693356349
0.0229206196246525516214 51363.8485880031512352
0.0230790839185534002453 50688.3053202883602353
0.0232386395833816469803 50026.9331752159778262
0.0233992941355971456607 49379.4738451138473465
0.0235610551434269205329 48745.6694560614778311
0.0237239302272215998868 48125.2626465890352847
0.0238879270598145662663 47517.9966464166791411
0.0240530533668833063077 46923.6153551926690852
0.0242193169273133383779 46341.8634211850221618
0.0243867255735647561754 45772.4863198818929959
0.0245552871920411662499 45215.2304324583747075
0.0247250097234611200536 44669.8431240570353111
0.0248959011632323458374 44136.0728218496151385
0.0250679695618282981362 43613.6690928212192375
0.025241223025167451588 43102.3827212366741151
0.0254156697149950684678 42601.9657857419224456
0.0255913178492678354548 42112.1717360521142837
0.0257681757025409186035 41632.7554691811019438
0.0259462516063577106062 41163.4734051641571568
0.02612555394964243341 40704.0835622256126953
0.0263060911790953012857 40254.3456313452479662
0.0264878717995903137372 39814.0210501755354926
0.0266709043745761015254 39382.8730762601553579
0.0268551975264792186504 38960.666859508761263
0.0270407599371103105068 38547.1695138780123671
0.027227600348073199843 38142.1501882119555376
0.0274157275611766303169 37745.3801361941586947
0.0276051504388489452047 37356.6327853636757936
0.0277958779045554896237 36975.6838051481172442
0.0279879189432191109732 36602.3111738653387874
0.0281812826016433932985 36236.2952446481431252
0.028375977988938733132 35877.4188102450061706
0.0285720142769516106951 35525.4671666493522935
0.0287694007006965984941 35180.2281755129442899
0.0289681465587913397619 34841.4923252970838803
0.0291682612138947222613 34509.0527911159661016
0.0293697540931478970339 34182.7054932284809183
0.0295726346886182774043 33862.2491541342023993
0.029776912557746861715 33547.4853542290002224
0.0299825973237983593733 33238.2185859788951348
0.0301896986763145989963 32934.256306568859145
0.0303982263715708751761 32635.4089889858041715
0.0306081902330357057129 32341.4901714939987869
0.0308196001518335482849 32052.3165054643031908
0.031032466087210636152 31767.7078015173610765
0.0312467980670043492253 31487.4870739424004569
0.0314626061881155133504 31211.4805833552272816
0.0316799006169839400537 30939.5178775588028657
0.0318986915900675988 30671.4318305706801766
0.0321189894143246723601 30407.0586797844589455
0.0323408044676990608091 30146.2380612314627797
0.0325641471996094625241 29888.8130429106895463
0.0327890281314414736014 29634.6301561575855885
0.0330154578570433301921 29383.5394250213212217
0.0332434470432248219129 29135.3943936235882575
0.0334730064302600216486 28890.0521514711654163
0.0337041468323930892836 28647.3733566987175436
0.0339368791383476628432 28407.2222572170285275
0.0341712143118400035746 28169.4667097443852981
0.0344071633920953814934 27933.9781967015442206
0.0346447374943680067028 27700.6318409503437579
0.0348839478104648464951 27469.3064183584938291
0.0351248056092728147548 27239.8843681752186967
0.0353673222372894585641 27012.2518012036525761
0.0356115091191577179397 26786.2985057566802425
0.0358573777582039954215 26561.9179513868512004
0.0361049397369801114421 26339.0072903804648377
0.036354206717808826288 26117.4673570094491879
0.0366051904433334282518 25897.2026645348305465
0.0368579027370708051103 25678.1213999595674977
0.0371123555039683458712 25460.1354165283410111
0.0373685607309649919783 25243.1602239744497638
0.0376265304875557649034 25027.1149765169975581
0.037886276926360297479 24811.9224586116761202
0.0381478122836955146902 24597.5090684611495817
0.0384111488801519643244 24383.8047992936772062
0.0386762991211741166686 24170.7432184195458831
0.0389432754976449940765 23958.2614440768120403
0.0392120905864744295766 23746.3001200810758746
0.0394827570511916622897 23534.8033882944073412
0.0397552876425417284212 23323.7188589315992431
0.0400296951990863347781 23112.9975787231705908
0.0403059926478086041901 22902.5939969571918482
0.0405841930047219009992 22692.4659294237026188
0.0408643093754832223419 22482.5745202866710315
0.0411463549560104890901 22272.8842019119983888
0.0414303430331040833945 22063.3626526807202026
0.041716286985072979776 21853.9807528185265255
0.0420042002823648660814 21644.7125382757330954
0.0422940964882006220638 21435.5351526924896461
0.0425859892592134817169 21226.4287974864055286
0.0428798923460922340456 21017.3766801018864498
0.0431758195942290659564 20808.3649604619204183
0.0434737849443716586895 20599.3826956651682849
0.0437738024332801345384 20390.4217829723784234
0.0440758861943882085388 20181.4769011289827176
0.0443800504584688920717 19972.5454500716878101
0.0446863095543050675706 19763.6274890682834666
0.0449946779093644416703 19554.7256733426947903
0.0453051700504790641477 19345.8451892379962374
0.0456178006045298845006 19136.9936879714914539
0.0459325842991357147227 18928.1812180387350963
0.0462495359633468897109 18719.4201563237838855
0.0465686705283441110259 18510.7251379742665449
0.046890003028141648278 18302.1129851026380493
0.0472135486002956475393 18093.602634374768968
0.0475393224866171165699 17885.2150635493671871
0.0478673400338901419704 17676.9732170323004539
0.0481976166945947762099 17468.9019305118017655
0.0485301680276348443299 17261.02785474121265
0.0488650096990711491074 17053.3793785366688098
0.0492021574828593599715 16845.9865510592753708
0.0495416272615929534351 16638.881003451115248
0.049883435027251704641 16432.0958698957074375
0.0502275968819549251121 16225.6657081748817291
0.0505741290387198699774 16019.6264197941691236
0.050923047822225744885 15814.0151697493838583
0.0512743696695826187137 15608.8703060085117613
0.0516281111311058110713 15404.2312787828414002
0.0519842888710953868192 15200.138559661936597
0.0523429196686214445733 14996.6335606873963116
0.0527040204183144428418 14793.7585534410864057
0.0530676081311609315616 14591.5565882232676813
0.0534336999353052094497 14390.0714133961300831
0.0538023130768560259307 14189.347394969103334
0.0541734649206989590797 13989.4294365015284711
0.0545471729513146777468 13790.3628993982874817
0.0549234547736024564246 13592.1935236745302973
0.0553023281137094563364 13394.9673492644178623
0.0556838108198659600956 13198.7306379491456028
0.0560679208632260880907 13003.5297959789331799
0.0564546763387144268087 12809.4112974629679229
0.0568440954658782776621 12616.4216086011874722
0.0572361965897462757202 12424.6071128302482975
0.0576309981816924138398 12234.014036956406926
0.0580285188403060758766 12044.6883783463799773
0.0584287772922684953136 11856.6758332462395629
0.0588317923932347927596 11670.0217262982278044
0.0592375831287220919186 11484.7709413234406384
0.0596461686150041719978 11300.9678534372469585
0.0600575681000119210307 11118.6562625636270241
0.0604718009642398676706 10937.8793284125931677
0.0608888867216595200405 10758.6795069834533933
0.0613088450206384222296 10581.0984886558508151
0.0617316956448658651913 10405.1771379277888627
0.0621574585142846344765 10230.9554348593046598
0.0625861536860298217633 10058.4724182774371002
0.0630178013553733956664 9887.76613079761409608
0.0634524218566755310311 9718.87356571355121559
0.0638900356643428146697 9551.83061580607318319
0.0643306633937925642641 9386.67202411954531271
0.0647743258024238849346 9223.43133675189346832
0.0652210437905958728688 9062.14085770203928405
0.0656708384026119668109 8902.83160581668744271
0.0661237308277111690558 8745.53327387545687088
0.0665797424010666077931 8590.27418985105032334
0.0670388946047904277226 8437.081280378944939
0.0675012090689457722181 8285.98003646807774203
0.0679667075725655933649 8136.99448148157989635
0.0684354120446790115118 7990.14714141371587175
0.0689073445653441557512 7845.45901748680444143
0.0693825273666880681933 7702.94956108869973832
0.0698609828339545879672 7562.63665106852658937
0.0703427335065584663498 7424.53657340597510483
0.0708278020791472118223 7288.66400326591156045
0.0713162114026704152536 7155.0319894472913802
0.0718079844854560833678 7023.65194123257788306
0.0723031444942943968268 6894.53361764051078353
0.0728017147555294064087 6767.68511908203254279
0.0733037187561576264461 6643.11288141634122439
0.0738091801449346773811 6520.8216724006624645
0.0743181227334889643599 6400.8145905243618472
0.0748305704974439600541 6283.09306621470750542
0.0753465475775473847442 6167.65686539885609818
0.0758660782808081718409 6054.50409540315740742
0.0763891870816421486579 5943.63121316772321734
0.0769158986230245311777 5835.03303575160589389
0.0774462377176508703913 5728.70275310028864624
0.077980229349106158776 5624.63194304440639826
0.0785178986730416667017 5522.81058849573309999
0.0790592710183597863205 5423.22709680325897352
0.0796043718884076323405 5325.86832122931627964
0.0801532269621781923163 5230.71958450302281562
0.0807058620955201644342 5137.76470440524008154
0.0812623033223557611482 5046.98602133668464376
0.0818225768559074778663 4958.3644278179272078
0.0823867090899328413656 4871.87939986773744749
0.0829547265999674848791 4787.50903020337864291
0.0835266561445775768124 4705.23006320406784653
0.0841025246666201597989 4625.0179315766408763
0.0846823592945121078612 4546.84679465999306558
0.0852661873435086731243 4470.68957830265117082
0.0858540363169899428675 4396.51801624601830554
0.0864459339077562893827 4324.30269294354638987
0.0870419079993334371403 4254.01308774433618964
0.0876419866672856762158 4185.61762036799336784
0.0882461981805386097566 4119.08369759573088231
0.088854571002710588945 4054.37776110128288565
0.0894671337934540844561 3991.46533634360866927
0.0900839154098054539777 3930.31108244229108095
0.0907049449075442992818 3870.87884295501726228
0.0913302515425625377476 3813.131697475612782
0.0919598647722425360795 3757.0320139701093467
0.0925938142568444449987 3702.54150176738949085
0.0932321298609039977867 3649.62126512023314717
0.0938748416546391906135 3598.23185725235634891
0.0945219799153664413938 3548.33333480550390959
0.0951735751289276149523 3499.88531260136187484
0.0958296579911257079276 3452.84701863242707987
0.0964902594091710946733 3407.17734919570011698
0.0971554105031371406653 3362.8349240832230862
0.0978251426074268765065 3319.77814174347258813
0.098499487272248706371 3277.96523432803496689
0.0991784762651024970337 3237.35432253811677583
0.099862141572276658108 3197.90347018597185524
0.100550515400354673057 3159.57073838647829689
0.101243630177732052422 3122.31423929730681266
0.10194151855614454194 3086.09218932026578841
0.102644213412205975722 3050.86296168599301382
0.103351747848956926346 3016.58513833854431141
0.104064155197424457189 2983.21756104000587584
0.104781469018192213705 2950.71938161601337924
0.105503723102981353255 2919.05011126418276035
0.106230951476242216347 2888.16966884892326561
0.106963188396757669096 2858.03842810751666548
0.107700468359256715245 2828.61726369419329785
0.108442826096039293682 2799.86759599069682736
0.109190296578612858203 2771.75143461399375155
0.109942915019339740312 2744.23142055418247764
0.110700716873095586501 2717.27086687822975364
0.111463737838940174507 2690.83379793792801138
0.112232013861798846088 2664.88498702375090943
0.113005581134155569378 2639.38999240944076519
0.113784476097758477375 2614.315191735697681
0.114568735445336244982 2589.62781468521916395
0.115358396122326734012 2565.29597390494609499
0.116153495328617170634 2541.28869413550637546
0.116954070520297104263 2517.57593951170429136
0.117760159411422593578 2494.12863900208230916
0.118571799975792688264 2470.91870995950012002
0.119389030448738747703 2447.9190797586629742
0.120211889328925555787 2425.10370550052994076
0.121040415380164440018 2402.44759176736306472
0.121874647633240129618 2379.92680641581773671
0.122714625387749146079 2357.51849439942316167
0.123560388213950753111 2335.20088961520468729
0.124411975954631701113 2312.95332477278725491
0.125269428726982823274 2290.75623928791355866
0.126132786924489120883 2268.59118520560332399
0.127002091218832047215 2246.44083116169349523
0.127877382561806363093 2224.28896439475283842
0.128758702187248885718 2202.12049082387284216
0.129646091612980601804 2179.92143321103276321
0.130539592642763296881 2157.67892743008451362
0.131439247368268452565 2135.38121686780732489
0.132345098171059799563 2113.01764498565398753
0.133257187724590525635 2090.57864607409919699
0.134175558996213306617 2068.05573423479836492
0.135100255249204020958 2045.44149062890051027
0.136031320044800507763 2022.72954903293521056
0.13696879724425431446 1999.91457974687500609
0.137912731010897016137 1976.99227190186229564
0.13886316581222044042 1953.95931421801537908
0.139820146421971935879 1930.81337426544109803
0.140783717922263462707 1907.55307628436480627
0.141753925705694838744 1884.17797762269924533
0.142730815477492944954 1860.6885438517822422
0.143714433257664475629 1837.08612262333531362
0.1447048253831634268 1813.372916332699333
0.145702038510074710631 1789.55195365531517382
0.146706119615811897416 1765.62706002529034777
0.147717116001329612507 1741.6028271263737679
0.148735075293352697612 1717.48458146708776439
0.14976004544661941642 1693.27835211310389241
0.15079207474614067519 1668.99083765089426379
0.151831211809474120322 1644.62937245768216599
0.152877505589015388887 1620.20189235333577926
0.153931005374303708777 1595.71689971049772794
0.154991760794343375052 1571.18342809952650896
0.156059821819942712295 1546.6110065449963713
0.157135238766067580896 1522.00962347063432389
0.158218062294211231356 1497.38969040930760457
0.159308343414781838909 1472.76200555436503237
0.160406133489505026146 1448.13771722824753851
0.161511484233843066738 1423.52828734352078754
0.162624447719431963755 1398.94545493070882003
0.163745076376533932327 1374.4011998064022464
0.16487342299650756261 1349.90770645390739446
0.166009540734294219755 1325.47732818752228923
0.167153483110922956856 1301.12255167002672351
0.16830530401603144286 1276.85596185152735416
0.169465057710403987912 1252.69020739605116432
0.170632798828528886581 1228.63796666044095218
0.171808582381171498499 1204.71191428826614356
0.172992463757965370119 1180.92468847931695564
0.174184498730022480073 1157.28885899307874752
0.175384743452560026844 1133.8168959423871911
0.176593254467545507369 1110.52113943097742776
0.177810088706361085764 1087.41377008621361711
0.179035303492485059484 1064.50678053572346471
0.180268956544192560099 1041.81194787397816981
0.181511105977273934364 1019.34080716214612039
0.182761810307773525652 997.104626001723886475
0.184021128454745719338 975.114380219621693868
0.185289119743030139542 953.380730699420496421
0.186565843906047329481 931.914001390530074787
0.187851361088612139882 910.72415852401684333
0.189145731849766685073 889.820791060755936996
0.190449017165634115756 869.213092394478962888
0.191761278432290710461 848.909843329222098873
0.193082577468657562436 828.919396347503948164
0.194412976519413860377 809.249661182422869388
0.19575253825792848783 789.908091703773607151
0.197101325789212772355 770.901674125065937915
0.198459402652892635821 752.236916535276236573
0.199826832826202893667 733.919839755971452178
0.201203680727000566719 715.955969521429551605
0.202590011216799148475 698.350329976268881182
0.203985889603824993577 681.107438482080851827
0.205391381646093468261 664.23130172160949769
0.206806553554506278303 647.725413086054231826
0.208231471995971556543 631.592751328207327788
0.209666204096543906665 615.835780461343460956
0.211110817444586013059 600.45645088101514375
0.212565380093954009455 585.456201684235907123
0.214029960567202331978 570.835964157995022106
0.215504627858812414232 556.596166406499833101
0.216989451438441838249 542.736739084206305961
0.218484501254198382192 529.257122199362811443
0.219989847735934468398 516.156272950676225264
0.221505561798564537535 503.4326745576241251
0.223031714845406847658 491.08434604302834714
0.22456837877154650629 479.108852924756376979
0.226115625967222066972 467.50331877175358386
0.227673529321236606249 456.264437578158151609
0.22924216222439106061 445.388486907946742122
0.230821598572940767102 434.871341761415692417
0.232411912772078010914 424.708489113841267226
0.234013179739436194549 414.895043075918408704
0.235625474908619625403 405.425760624964141243
0.237248874232756257197 396.295057855321942952
0.238883454188076993496 387.497026697270712248
0.240529291777517639783 379.025452051238005424
0.242186464534345863298 370.873829287466890037
0.243855050525815103546 363.035382059445907998
0.245535128356841297892 355.503080380849780795
0.247226777173705419832 348.269658916340176802
0.24893007666778313447 341.327635437518324579
0.250645107079298379293 334.66932939642947531
0.252371949201102785398 328.286880570264145263
0.254110684382482854282 322.172267732307204824
0.255861394532991337503 316.317327305719459218
0.257624162126306677223 310.713771958453548905
0.259399070204116899419 305.353209099320224595
0.261186202380033261061 300.227159236767931816
0.262985642843527989143 295.327074164684916013
0.264797476363901107543 290.644354939691936579
0.266621788294272965558 286.170369617520691463
0.268458664575605243652 281.896470716652004285
0.270308191740751380117 277.81401237854225883
0.272170456918529979351 273.91436719431135316
0.274045547837830916205 270.188942667733329017
0.275933552831749417944 266.62919728384940754
0.277834560841744682147 263.226656151446036347
0.279748661421830857599 259.972926186182633046
0.281675944742797723652 256.859710799586935082
0.283616501596455294898 253.878824057715178242
0.285570423399912287632 251.022204272329702235
0.287537802199884562349 248.281926987416852626
0.289518730677027436027 245.650217324960038923
0.291513302150305964044 243.119461656240304137
0.293521610581387371042 240.682218568720486473
0.295543750579069230966 238.331229103416120552
0.297579817403737789672 236.059426243481084384
0.299629906971852211228 233.859943641013813931
0.301694115860465239543 231.726123575423343937
0.303772541311773613959 229.651524142743312495
0.305865281237696573502 227.629925680649876085
0.307972434224489444166 225.655336438450945025
0.310094099537389922272 223.721997504900457443
0.312230377125290614604 221.824387009360833645
0.314381367625449659187 219.957223613638092274
0.316547172368232765383 218.115469313015665875
0.318727893381883897739 216.294331565666936967
0.320923633397333041284 214.489264769952995948
0.32313449585303744005 212.695971109256873888
0.32536058489985120179 210.91040078406697944
0.32760200540593342744 209.128751651040317938
0.32985886296168992482 207.347468288875774078
0.332131263884744121206 205.563240510971269259
0.334419315224947166776 203.773001345026244735
0.336723124769423010072 201.97392450005006026
0.339042801047642117229 200.163421341565026523
0.341378453336536213936 198.339137396154882254
0.34373019166564794391 196.498948406938268363
0.346098126822309948292 194.64095596198259841
0.348482370356868742522 192.763482718100192415
0.350883034587935460635 190.865067242954296489
0.353300232607679010055 188.944458498814924496
0.35573407828715525314 187.000609991756817863
0.35818468628166799661 185.032673610494214245
0.360652172036171669856 183.039993179397953327
0.363136651790712194909 181.022097750575255759
0.365638242585898554093 178.978694660152001461
0.368157062268418822093 176.909662374067778501
0.370693229496593168459 174.815043148823548336
0.37324686374596049987 172.695035532640588372
0.375818085314908234551 170.549986732406978263
0.378407015330341378601 168.380384871634106503
0.381013775753384964506 166.186851164381295121
0.383638489385131342679 163.970132029727750478
0.386281279872427163458 161.731091170926106315
0.388942271713694109891 159.470701642820813504
0.391621590264796148873 157.190037930459226345
0.39431936174494663927 154.890268061120906395
0.39703571324265035658 152.572645771195595898
0.399770772721692646545 150.238502748467965375
0.40252466902716960151 147.889240969464310638
0.405297531891553430849 145.526325150550206899
0.408089491940806348147 143.151275330441961842
0.410900680700536424794 140.765659600767776283
0.413731230602188138068 138.371087000242368958
0.416581274989287153598 135.969200586907504658
0.419450948123716971239 133.561670701815103257
0.422340385192045586482 131.150188436387338697
0.425249722311896671822 128.736459314588955749
0.428179096538356895874 126.322197199935089884
0.431128645870435422971 123.909118436236909133
0.434098509257566211872 121.498936229911990381
0.437088826606149893905 119.093355280604512814
0.440099738786146554848 116.694066665795489257
0.443131387637714424521 114.302742984060813569
0.446183915977886702553 111.921033760628716891
0.44925746760730267404 109.550561117897927943
0.452352187316983178622 107.192915712647462101
0.455468220895147934968 104.849652940751767005
0.458605715134085045737 102.522289409334632637
0.461764817837068741735 100.212299675462858772
0.464945677825317815746 97.9211132496845237938
0.468148444945007957685 95.6501118619468542192
0.47137327007433427184 93.4006269867214626856
0.474620305130613207023 91.173937623489877069
0.477889703077442107304 88.9712683280980911604
0.481181617931907668062 86.7937874899119776728
0.484496204771835858871 84.6426058491549184737
0.487833619743100910249 82.5187752482990504177
0.491194020066982761641 80.4232876109299326117
0.494577564047568307704 78.3570741410849649355
0.497984411079215150142 76.3210047356814555997
0.501414721654055095534 74.3158876023313581527
0.504868657369556550485 72.3424690745301433026
0.508346380936140485041 70.4014336159636968659
0.511848056184839750316 68.4934040054616701809
0.515373848075020069004 66.6189416939406271467
0.518923922702153039843 64.7785473245474179294
0.522498447305636326554 62.9726614071057824162
0.526097590276673243714 61.2016651378921494597
0.52972152116621018525 59.4658813557315468756
0.533370410692916685491 57.7655756253978154291
0.537044430751231205434 56.1009574393139942572
0.540743754419462208105 54.472181528605766232
0.544468555967935086137 52.8793492746340305644
0.548219010867204814552 51.3225102122261631621
0.551995295796325780024 49.8016636159549221929
0.555797588651168128493 48.3167601609732457746
0.559626068552801947398 46.8677036499729382513
0.563480915855937514181 45.4543527982736605964
0.567362312157416504022 44.0765230689133176156
0.571270440304769366868 42.7339885500733203116
0.57520548440483176833 41.4264838673046824624
0.579167629832412100832 40.1537061232800382982
0.583157063239026829393 38.9153168580467507809
0.587173972561697121719 37.7109440230220300805
0.591218547031794328106 36.5401839622460187229
0.595290977183962954911 35.402603394678394011
0.599391454865089712278 34.2977413916261184568
0.603520173243343616143 33.2251113436627676379
0.607677326817279594984 32.1842029117129442284
0.611863111424994277066 31.1744839572641936343
0.616077724253355052397 30.195402446970405208
0.620321363847292639448 29.2463883272142410874
0.624594230119147719726 28.3268553645050289447
0.628896524358091402185 27.436202947872100566
0.633228449239611967947 26.5738178497529382582
0.637590208835054794712 25.7390759421174806221
0.641982008621240218815 24.9313438649252212542
0.646404055490146012275 24.149980644267980523
0.650856557758647369383 23.3943392584441092197
0.655339725178333831757 22.663768146898139122
0.659853768945393714951 21.9576126662938406753
0.664398901710556488709 21.2752164861033818966
0.668975337589113649983 20.6159229255340399334
0.673583292171009540006 19.9790762301786095634
0.678222982530989670913 19.3640227876419963593
0.682894627238831208871 18.7701122816326382292
0.687598446369642180009 18.1966987842374230411
0.692334661514222737821 17.6431417863150237224
0.697103495789506810709 17.1088071661466081252
0.701905173849076691184 16.5930680966773955731
0.706739921893738021197 16.0953058918632336827
0.711607967682185260649 15.6149107928012735869
0.716509540541722445006 15.1512826944809457785
0.721444871379070429285 14.7038318141284491958
0.726414192691248072897 14.2719793022460788023
0.731417738576518039473 13.8551577975606772242
0.736455744745417306696 13.4528119271936308365
0.74152844853186650198 13.0643987534527550309
0.746636088904341632677 12.6893881687215070997
0.751778906477136077413 12.3272632399828214744
0.756957143521699293842 11.9775205045695471995
0.762171043978041695688 11.6396702187773204429
0.767420853466230790119 11.3132365610106564446
0.772706819297966363003 10.997757791163346397
0.778029190488221722433 10.6927863679578489808
0.783388217766979644274 10.3978890259859078071
0.788784153591048031728 10.1126468142095120584
0.794217252155943187475 9.83665509769331514178
0.799687769407870896465 9.56952352434917052904
0.805195963055786112506 9.31087595848288351874
0.81074209258352603058 9.06035038293983596702
0.816326419262037195068 8.8175987716504753422
0.821949206161689205352 8.58228693438041823072
0.827610718164658143436 8.35409433549079238901
0.833311221977408922434 8.13271388851109300333
0.839050986143264898587 7.91785172832222006178
0.844830281055047094263 7.70922696273745700069
0.850649378967824998377 7.50657140525374977358
0.856508554011731093603 7.3096292907279831752
0.862408082204879078425 7.11815697570637961888
0.86834824146637201725 6.93192262510588541602
0.874329311629384986482 6.75070588691042772211
0.880351574454352303611 6.57429755650262581668
0.88641531364224579459 6.4024992322057903138
0.892520814847929999658 6.23512296355939632519
0.898668365693624071611 6.07199089379483947226
0.904858255782455267457 5.91293489791949511414
0.911090776712093486367 5.75779621775422434382
0.917366222088491167774 5.60642509520398579781
0.923684887539721333205 5.45868040497451989523
0.930047070729892899621 5.31442928788006074825
0.936453071373179346537 5.17354678581728943954
0.942903191247942196185 5.03591547941240857966
0.949397734210937538357 4.90142512927914975052
0.955937006211635242892 4.76997232175702023937
0.962521315306637537113 4.64146011993244655969
0.969150971674179961823 4.51579772067960671933
0.97582628762874912276 4.3929001183929869967
0.982547577635800917228 4.27268777602166593965
0.989315158326563359736 4.15508630395447653427
0.996129348512958867623 4.04002614724606079477
1.00299046920262746596 3.92744228161757336082
1.00989884361403747803 3.81727391861099585313
1.01685479719172500168 3.70946422022317756628
1.02385865762161420989 3.60396002329594455915
1.03091075484645822158 3.50071157388979381508
1.03801142108138866327 3.39967227182298126209
1.04516099082955427058 3.30079842551396707151
1.05235980089788472291 3.20404901722308199652
1.05960819041296261389 3.10938547875002324616
1.06690650083698868045 3.01677147760630504081
1.07425507598387226516 2.9261727136462059029
1.08165426203543413308 2.8375567261067571323
1.08910440755770343557 2.75089271097626042462
1.09660586351734345989 2.6661513485814207769
1.1041589832981915098 2.58330464125650482998
1.11176412271789448738 2.5023257609328903861
1.11942164004467636929 2.42318890646419005108
1.12713189601422270059 2.34586917048130283447
1.13489525384666145591 2.27034241555271076862
1.14271207926368090213 2.1965851594078249498
1.15058274050576292424 2.12457446896612589526
1.15850760834951960199 2.05428786290124287817
1.16648705612516523367 1.98570322245707031605
1.17452145973411026247 1.91879871022316628171
1.18261119766665645514 1.85355269656812127188
1.19075665101983330096 1.78994369342254810995
1.19895820351535808967 1.72795029509806297163
1.2072162415176970196 1.66755112582477038607
1.21553115405228395751 1.6087247936868671605
1.22390333282383090285 1.55144985063512885759
1.23233317223478811009 1.49570475825465076802
1.24082106940393033234 1.44146785896755402767
1.24936742418505097874 1.3887173523537508224
1.25797263918580570774 1.33743127626907942762
1.2666371197866848064 1.28758749246143433531
1.27536127416009770208 1.23916367636818924858
1.28414551328960691023 1.19213731080054419209
1.29299025098929765143 1.14648568322054567048
1.30189590392325604817 1.1021858863248823468
1.31086289162520630569 1.05921482165724012425
1.31989163651828067536 1.01754920597949194416
1.32898256393490532545 0.977165580140780365426
1.33813610213684386352 0.938040320192658261256
1.34735268233538008076 0.900149650508074605781
1.35663273871161704776 0.863469658671802697825
1.36597670843693785869 0.827976311919848884102
1.37538503169360781797 0.793645474915559701046
1.38485815169549564274 0.760452928660763305402
1.39439651470896097685 0.72837439034992523812
1.40400057007388401331 0.69738553398654012927
1.41367077022481879567 0.667462011590713610865
1.42340757071231394093 0.638579474807008273807
1.43321143022438102221 0.610713596917432433031
1.44308281060808551999 0.583840094804905507253
1.45302217689132229239 0.557934751054505184698
1.46302999730470673079 0.532973435912318049823
1.47310674330363888807 0.508932129022223955772
1.48325288959052192794 0.485786940839251724089
1.49346891413710736174 0.463514133626685198575
1.50375529820702169559 0.442090141952832527128
1.51411252637844406799 0.42149159261187774117
1.52454108656692022272 0.40169532390135087585
1.53504147004835300727 0.382678404196546417815
1.54561417148215696216 0.364418149769740074007
1.55625968893454147413 0.346892141809228560234
1.56697852390198510975 0.330078242599982307759
1.57777118133486671248 0.313954610834238700967
1.58863816966123794217 0.298499716026475347963
1.59958000081078099974 0.283692352012982151876
1.61059719023893510581 0.269511649521713803068
1.62169025695116264529 0.255937087803224105897
1.63285972352740405 0.242948505318218793692
1.64410611614670854053 0.230526109481732605078
1.65542996461200075942 0.218650485468050742588
1.66683180237505079724 0.207302604084260155837
1.67831216656161164025 0.196463828723829642131
1.68987159799670472182 0.186115921414789914357
1.7015106412301066463 0.176241047979955378633
1.71322984456201199421 0.166821782329249490573
1.72502976006884090054 0.157841109906524806883
1.73691094362927045403 0.149282430315309327939
1.74887395495040243176 0.141129559149758915249
1.76091935759413642515 0.133366729058632893512
1.77304771900373059346 0.125978590071469637168
1.78525961053051229754 0.11895020921726243146
1.79755560746080478296 0.112267069466835525682
1.80993628904303660576 0.105915068030854833681
1.8224022385150107084 0.0998805140459408380416
1.83495404313138932295 0.0941501256817075943273
1.84759229419136894457 0.0887110267017594683603
1.8603175870665147329 0.0835507425117345409182
1.87313052122882051087 0.0786571957273938804356
1.88603170027895439276 0.0740187012954813539078
1.89902173197467893928 0.0696239611999929369768
1.91210122825948780623 0.065462058785541898942
1.92527080529144534182 0.0615224527295441872554
1.9385310834721933837 0.0577949706941554841588
1.95188268747618587362 0.0542698026876789127448
1.9653262462801279753 0.0509374941652973173278
1.97886239319258661062 0.0477889388973521678228
1.9924917658838328105 0.0448153716328059323337
2.00621500641589323166 0.0420083605848064894905
2.02003276127277731078 0.0393597997638801475051
2.03394568139093934178 0.0368619011835421492296
2.04795442218995793482 0.0345071869620005439172
2.062059643603383563 0.0322884813425881947446
2.07626201010985855788 0.0301989026544879114733
2.09056219076439209203 0.0282318552342485512563
2.10496085922989184525 0.0263810213275074284534
2.11945869380890794531 0.0246403529892636856402
2.13405637747556742312 0.0230040639999769813695
2.1487545979077569136 0.0214666218137045637648
2.16355404751953095399 0.020022739553445221411
2.17845542349370768775 0.0186673680678284582835
2.19345942781472391658 0.0173956880622744072817
2.20856676730171486156 0.0162031023167630953974
2.22377815364179109991 0.0150852280013863970787
2.23909430342357307353 0.0140378890999159084557
2.25451593817096496153 0.0130571089507108099859
2.27004378437711551442 0.0121391029134084848379
2.28567857353866044079 0.0112802711689882866064
2.301421042190188615 0.0104771916599819304994
2.317271931938918339 0.0097266131768168791194
2.33323198949964449866 0.0090254485955252126278
2.34930196672992908091 0.00837076827133190030927
2.36548262066549286331 0.00775979359195045573921
2.38177471355589265301 0.00718989069376130621181
2.39817901290044277474 0.00665856434343139406279
2.4146962914843439485 0.00616345198694908877335
2.43132732741510260155 0.00570231796749706611876
2.4480729041591984263 0.00527304791306896798037
2.46493381057896288056 0.00487364329425006570506
2.48191084096977521156 0.00450221615212817189572
2.49900479509745121476 0.00415698399587980868541
2.51621647823593219684 0.00383626486918370703319
2.53354670120523284282 0.0035384725842520078562
2.55099628040961112774 0.00326211212193586045163
2.56856603787604331757 0.00300577519605575325598
2.5862568012929596506 0.00276813597982819093249
2.60406940404921050103 0.00254794699200697844985
2.62200468527333940827 0.00234403514012838194366
2.64006348987312522425 0.00215529791804498728133
2.65824666857535962805 0.00198069975475071010859
2.67655507796593594705 0.00181926851133873000894
2.69498958053021731018 0.00167009212279425997734
2.71355104469363705988 0.00153231538120354466442
2.73224034486262512544 0.00140513685685829891291
2.7510583614658132845 0.00128780595365031447219
2.77000598099548245301 0.00117962009508283541606
2.78908409604933904546 0.00107992203717231349119
2.80829360537257954888 0.000988097304476032558054
2.82763541390019668142 0.000903571745456176319763
2.8471104327996288319 0.00082580920337853476465
2.86671957951369549278 0.000754309298943484540963
2.88646377780378760036 0.000688605320856991161109
2.90634395779340204413 0.000628262220569320386544
2.92636105601196883086 0.000572874707438389353838
2.94651601543894070545 0.000522065440612129081331
2.96680978554825136584 0.000475483313969188227822
2.98724332235300904514 0.000432801830509294384666
3.0078175884505502502 0.00039371756264251235851
3.02853355306780125389 0.00035794869489023137081
3.049392192106906041 0.000325233645579109885947
3.07039448819121263412 0.000295329764181853149981
3.09154143071158360456 0.000268012101035137919464
3.11283401587297037238 0.000243072246244601443974
3.1342732467413596531 0.000220317234669060183156
3.15586013329104408953 0.000199568513960673592006
3.17759569245216466626 0.00018066097272405963383
3.19948094815863814944 0.000163442025945018104679
3.22151693139640604713 0.000147770754928204696302
3.24370468025197133954 0.000133517099072392937979
3.26604523996131801411 0.00012056109690154839006
3.28853966295916722018 0.000108792173859570550525
3.311189008928523414 9.81084744658763539728e-05
3.33399434485060952582 8.84162365177931726433e-05
3.35695674505515118113 7.9629205113764615887e-05
3.38007729127094735944 7.16680843584255512389e-05
3.40335707267685450006 6.44600246964689666896e-05
3.42679718595310589535 5.79381439067758863661e-05
3.45039873533294416674 5.20410798713124095002e-05
3.47416283265465608565 4.67125733147008648867e-05
3.49809059741397021526 4.19010787900298093344e-05
3.5221831568167503157 3.75594022642661518009e-05
3.54644164583214482889 3.36443637324852849301e-05
3.57086720724601214272 3.01164833639425514602e-05
3.59546099171477528955 2.69396897548859325794e-05
3.62022415781964479464 2.40810489323841747222e-05
3.64515787212116038063 2.1510512821180708499e-05
3.67026330921416610309 1.92006859507826854348e-05
3.69554165178316162965 1.71266092427812565194e-05
3.72099409065798081286 1.52655597796854587711e-05
3.74662182486990635866 1.35968655147834566101e-05
3.77242606170817795785 1.21017339390836581417e-05
3.79840801677682238235 1.07630937757001348743e-05
3.82456891405194276956 9.56544882387304332334e-06
3.85090998593939648487 8.49474312481948437223e-06
3.8774324733328122683 7.53823666932468553821e-06
3.90413762567206656939 6.68439091266074496002e-06
3.93102670100216622373 5.92276340605026027967e-06
3.95810096603246819313 5.24391089552216968083e-06
3.98536169619637625772 4.63930027868439938621e-06
4.01281017571144626999 4.10122684771276836739e-06
4.04044769763983957489 3.62273928277843560263e-06
4.06827556394925782257 3.19757089425980678819e-06
4.09629508557430455085 2.82007664446603571414e-06
4.12450758247818960456 2.48517551029214276307e-06
4.15291438371494248116 2.18829777728735397878e-06
4.18151682749203335021 1.9253368831070087192e-06
4.21031626123337332501 1.69260545429050666551e-06
4.23931404164284142411 1.48679520482131794581e-06
4.26851153476814815235 1.3049403880382767458e-06
4.29791011606521067279 1.14438451523591672903e-06
4.3275111704629720677 1.00275007477347311837e-06
4.35731609242859541098 8.77911004762308681967e-07
4.3873262860331809776 7.67967690475180188208e-07
4.41754316501793020677 6.71224274572356881789e-07
4.44796815286070312823 5.86168084121632818082e-07
4.47860268284309537279 5.11450993253769793226e-07
4.5094481981179850294 4.45872554192540179335e-07
4.54050615177746941242 3.88364742378270846499e-07
4.57177800692133917693 3.37978173513520185761e-07
4.60326523672603471482 2.9386966164573610814e-07
4.63496932451398713226 2.5529099790912328976e-07
4.66689176382352854944 2.21578839319903644854e-07
4.69903405847926958216 1.92145606097563007463e-07
4.73139772266289604374 1.6647129440965757528e-07
4.76398428098452786372 1.44096119247994442203e-07
4.79679526855455584666 1.24613909376662416805e-07
4.82983223105592252011 1.07666182982901139288e-07
4.86309672481695010049 9.29368388441583572808e-08
4.89659031688469248422 8.01474035313429760678e-08
4.93031458509869846552 6.90527804300986200983e-08
4.96427111816537092182 5.9437451208310825577e-08
4.99846151573283314917 5.11120848169825625103e-08
5.03288738846622596412 4.39105132095452595385e-08
5.06755035812365672854 3.76870367267129859517e-08
5.10245205763253029119 3.23140255439142913603e-08
5.13759413116650520692 2.76797867385135956972e-08
5.17297823422297664564 2.36866694256492489713e-08
5.20860603370100783138 2.02493830544368003153e-08
5.24447920797988142994 1.7293506369233060819e-08
5.28059944699819716618 1.47541667411987953186e-08
5.31696845233342507697 1.25748715799835895959e-08
5.35358793728209381158 1.07064753594013479216e-08
5.3904596269405269382 9.10626744887023242015e-09
5.42758525828605886687 7.73716744759170467938e-09
5.464966580258881379 6.5670160834664457806e-09
5.50260535384447369012 5.56795097524799814643e-09
5.54050335215649258913 4.71585767524624708924e-09
5.57866236052033670489 3.9898874210641263401e-09
5.61708417655727565432 3.37203393769800036324e-09
5.65577061026908012309 2.84676245447138286491e-09
5.69472348412331363932 2.40068484266746854583e-09
5.73394463313921853853 2.02227544672865615351e-09
5.7734359049741001968 1.70162278127103470712e-09
5.81319916001040049025 1.43021280415073423503e-09
5.85323627144336544603 1.20073995814377729862e-09
5.89354912536922803667 1.00694260571553352462e-09
5.93413962087409441182 8.43459867675620556527e-10
5.97500967012343231488 7.05707221646068903898e-10
6.01616119845208174866 5.89768524241365949086e-10
6.05759614445503924429 4.92302395343939180146e-10
6.09931646007870753579 4.10461147207478682232e-10
6.14132411071287975801 3.41820658381090348226e-10
6.18362107528336135687 2.8431978539077374933e-10
6.226209346345127571 2.36208076255582736075e-10
6.26909093017622254251 1.96000701533478354452e-10
6.31226784687230946247 1.62439652749680629115e-10
6.3557421304417625052 1.34460376623163110048e-10
6.39951582890152437244 1.11163118158427457391e-10
6.44359100437361664859 9.17883379276265277091e-11
6.48796973318221503746 7.56956500986829739063e-11
6.53265410595150353146 6.23457991966879057269e-11
6.57764622770418316833 5.12852563213502067306e-11
6.62294821796058030827 4.21330705713180125504e-11
6.66856221083852052089 3.45696596320593367859e-11
6.71449035515390235673 2.83272656591866103614e-11
6.76073481452185465201 2.31818394403361246221e-11
6.80729776745870029941 1.89461479761090101411e-11
6.85418140748460924527 1.5463928645230966467e-11
6.9013879432268732117 1.26049375098765001399e-11
6.94891959852397711472 1.02607605170151697008e-11
6.99677861253040322964 8.34127475346488790468e-12
7.04496723982204198222 6.77166286386128592646e-12
7.09348775050243229856 5.48989754948832584626e-12
7.14234243030975068933 4.44462500337562609098e-12
7.1915335807243909727 3.59338644263608666525e-12
7.24106351907749612451 2.90112578344966708553e-12
7.29093457866002303547 2.33893915268368494997e-12
7.34114910883271409858 1.88302850552689233073e-12
7.3917094751367944383 1.51382726328925435899e-12
7.44261805940534859616 1.2152707244788690905e-12
7.49387725987554986773 9.74188144490057906207e-13
7.5454894913016898883 7.79796919912984748068e-13
7.59745718506884681887 6.2328233555547375404e-13
7.64978278930746657949 4.97448907925359354911e-13
7.70246876900873456151 3.96431550859764828268e-13
7.75551760614061169719 3.15456651596578878445e-13
7.80893179976480489302 2.50644725971982084182e-13
7.86271386615452527735 1.98847660334721429937e-13
7.9168663389129578789 1.57514680367400662906e-13
7.97139176909264168813 1.2458214362078313056e-13
8.02629272531570414628 9.83830592987140504322e-14
8.08157179389476887366 7.75729181075259533881e-14
8.13723157895484305868 6.10689860480742484279e-14
8.19327470255603351745 4.80006953646968194749e-14
8.24970380481698484232 3.76691675704021821396e-14
8.30652154403929365856 2.95142395777574473325e-14
8.36373059683278619048 2.30876447401260131609e-14
8.42133365824150992296 1.80312347792429192067e-14
8.47933344187075199727 1.40593235605204722802e-14
8.53773268001491025814 1.09443957685686585121e-14
8.59653412378610681799 8.50555805952192629e-15
8.65574054324390118609 6.5992217271109307051e-15
8.71535472752569795318 5.11159811608883474774e-15
8.77537948497815989413 3.95266415084227059612e-15
8.83581764328957142141 3.05131811088997669687e-15
8.89667204962294100312 2.35149743849080270777e-15
8.95794557075018715864 1.80907280068399478329e-15
9.01964109318722329078 1.3893674331431513954e-15
9.08176152332984898408 1.0651792893007221535e-15
9.14430978759071599882 8.15206808173066350519e-16
9.20728883253723040525 6.22798115879590388518e-16
9.27070162503026651279 4.74958951226295639213e-16
9.33455115236398569323 3.61567186859050307192e-16
9.39884042240660377843 2.74752027361859122881e-16
9.46357246374199689853 2.0840423628385874399e-16
9.52875032581242287222 1.57790431622754494992e-16
9.59437707906221781684 1.19249886918686807059e-16
9.66045581508235429169 8.99566236270564251923e-17
9.72698964675612209874 6.77330772807455468689e-17
9.79398170840582871222 5.09044266971995248327e-17
9.86143515594034170135 3.81849241092806715623e-17
9.92935316700382486488 2.85893621920425912631e-17
9.99773894112547623081 2.13642490644410041429e-17
10.0665956998701471292 1.59344055592953432908e-17
10.1359266869901674113 1.18616079990210799159e-17
10.20573516857819385 8.81262100103298500751e-18
10.2760244332209662588 6.53453609679735718142e-18
10.3467977921543479169 4.83578350319563515544e-18
10.4180585794192133164 3.57154061594186250631e-18
10.4898101520185420554 2.63254126894871737631e-18
10.5620558900756300602 1.93651019158957125379e-18
10.6347991969932120782 1.42161992294219580385e-18
10.7080434996138418313 1.04150269887100214436e-18
10.7817922483813877221 7.61455466672530836743e-19
10.8560489175034593501 5.55558520045290803019e-19
10.9308170051151396507 4.04492291919560514225e-19
11.0061000334438237047 2.93886555416856445173e-19
11.0819015489750398729 2.13074790824748856246e-19
11.1582251226195712235 1.54156242090547903842e-19
11.2350743498817386978 1.11291146060862039656e-19
11.3124528510286630478 8.01722901136269078675e-20
11.3903642712608696996 5.76296274968661630003e-20
11.4688122808840677891 4.13350828191975940045e-20
11.5478005754819381679 2.9582636066462930153e-20
11.6273328760902749934 2.11248446757211746066e-20
11.7074129293723636636 1.50515859410956472388e-20
11.7880445077953286415 1.07003141487444413775e-20
11.869231409807934341 7.58978924891617705248e-21
11.9509774600195814998 5.37124764196947527314e-21
12.0332865093803480505 3.79250538781568644515e-21
12.1161624353624706174 2.6716284521033710409e-21
12.1996091421430712387 1.87766426071024822027e-21
12.2836305607879250346 1.31657317274466602614e-21
12.3682306494368248195 9.20980319009330057766e-22
12.4534133934898854079 6.42727734396064649027e-22
12.5391828057953649278 4.47474282752302837822e-22
12.6255429268387615593 3.10789562858530075933e-22
12.7124978249330311542 2.15335176750603271619e-22
12.8000515964103005473 1.4883552436988961361e-22
12.8882083658149060312 1.02620491717164509307e-22
12.9769722860975740275 7.05813890923230149993e-23
13.0663475388111081088 4.8424777297585541068e-23
13.1563383343074615794 3.31404980946671289052e-23
13.2469489119359451479 2.2623354188074882363e-23
13.3381835402429889115 1.54047290672071190512e-23
13.430046517173307663 1.04626748708992806894e-23
13.5225421702722456985 7.08786482178763169228e-24
13.6156748568896848184 4.78921722047595364311e-24
13.7094489643854036132 3.22761990252170475777e-24
13.8038689103356180254 2.16950795560614372798e-24
13.89893914274114195 1.45443172735512304595e-24
13.9946641402370204332 9.72457937268535482879e-25
14.0910484123033548087 6.4846390981720628092e-25
14.1880964994778100419 4.31251228760753833093e-25
14.2858129735695982276 2.86020014666256367729e-25
14.3842024378746859981 1.89180332707449087529e-25
14.4832695273927445356 1.24784575673218249217e-25
14.5830189090455561995 8.20810706334207784997e-26
14.6834552818966965759 5.3841117708823949273e-26
14.7845833773731101246 3.52180877119669620315e-26
14.8864079594878102597 2.29715233901582388768e-26
14.9889338250643984196 1.49409316720981669816e-26
15.0921658039630965931 9.68992298913117237896e-27
15.1961087593081387581 6.26628043586158149823e-27
15.3007675877169226908 4.04052307862727507006e-27
15.4061472195307853639 2.59773572118831171405e-27
15.5122526190470892971 1.6652262053647432755e-27
15.6190887847531669763 1.0642989336749961263e-27
15.7266607495618835344 6.78199241660703798863e-28
15.834973581048561897 4.30869105673060875692e-28
15.9440323816897766562 2.72909611307830200549e-28
16.0538422891038372597 1.72333100312928254503e-28
16.1644084762926283361 1.08489042700648061247e-28
16.2757361518853862492 6.8086530712509475809e-29
16.3878305603841667448 4.25976332219460922535e-29
16.5006969824107194711 2.6567420373543035355e-29
16.6143407349553697827 1.65174732424914809772e-29
16.7287671716275312406 1.02366706378709696411e-29
16.8439816829077777527 6.32390393086708703757e-30
16.9599896964018554968 3.89415888878802548734e-30
17.0767966770964427781 2.39020048220915241941e-30
17.1944081276164517647 1.46230367324097012642e-30
17.3128295884843055319 8.9168948287954719546e-31
17.432066638381058965 5.41941906498790912844e-31
17.5521248944089869326 3.28280403499984880614e-31
17.6730100123564319858 1.9818937256480102202e-31
17.7947276869640340635 1.19247401740477726729e-31
17.9172836521931060361 7.15056819836483516463e-32
18.0406836814958246862 4.27311995027910717189e-32
18.1649335880870346216 2.54479196102563716381e-32
18.2900392252181909214 1.51026044643741716933e-32
18.4160064864532095896 8.93168503508342724998e-33
18.5428413059458847556 5.26364376269992225711e-33
18.6705496587195654001 3.0910113093999930549e-33
18.7991375609487043619 1.80869408977252335952e-33
18.9286110702420984353 1.05455539069207713369e-33
19.0589762859283275986 6.12636235621469411215e-34
19.1902393493432121829 3.54612593221525481994e-34
19.3224064441189007368 2.04509235221409974217e-34
19.4554837964752920243 1.17508158874947317158e-34
19.5894776755134323309 6.72679821675098709787e-35
19.7243943935106429421 3.83639166028354324415e-35
19.8602403062179995175 2.17971862835587424192e-35
19.9970218131598187483 1.2337569601055947639e-35
20.1347453579349568997 6.95663347647213865891e-36
20.2734174285204353794 3.90748681369709275098e-36
20.4130445575772050404 2.18631783795835231682e-36
20.5536333227576690774 1.2185261665845947824e-36
20.6951903470156608478 6.76473099606808012029e-37
20.8377222989185462154 3.74066277450272285992e-37
20.9812358929611164626 2.0602366197007663366e-37
21.1257378898821990276 1.13017122558388728996e-37
21.2712350969828776215 6.17473021061957250933e-38
21.4177343684473022734 3.3598991411072885527e-38
21.5652426056656771891 1.82077733285606090177e-38
21.7137667575591564173 9.82646981680778220642e-39
21.8633138209073223379 5.28124093175494613112e-39
22.0138908406778881499 2.82656980757474223791e-39
22.1655049103583685621 1.50645211847988829707e-39
22.3181631722903439652 7.99486476363312494671e-40
22.4718728180060587363 4.22488019122196487079e-40
22.6266410885669522202 2.22306615135116553954e-40
22.7824752749049075362 1.16469503521699428282e-40
22.9393827181658345182 6.0754851002322852715e-41
23.0973708100552634903 3.15533556168388716339e-41
23.2564469931866675267 1.63152175044633020008e-41
23.4166187614322112154 8.39865388563069801836e-42
23.5778936602755173624 4.30410329186414405811e-42
23.7402792871672794206 2.19582873160830700935e-42
23.9037832918832329199 1.11517626244618174745e-42
24.0684133768843473433 5.63772970030045137912e-43
24.2341772976797500405 2.83704981685405564162e-43
24.401082863192225858 1.42107789457737500956e-43
24.5691379361258448455 7.08505243251031843657e-44
24.7383504333364498962 3.51583565247884364334e-44
24.9087283262047911592 1.73644240775186669384e-44
25.0802796410117032622 8.53540951265731433418e-45
25.2530124593165901103 4.17547817522742324027e-45
25.4269349183377997292 2.03278557606064823713e-45
25.6020552113361219426 9.84840602037301296921e-46
25.7783815880008724264 4.74804437819077807471e-46
25.9559223548382682623 2.27784082746712690091e-46
26.134685875562865931 1.08736908941664685917e-46
26.3146805714917029206 5.1648858366285138536e-47
26.4959149219407521514 2.44095417092377676817e-47
26.6783974646244814721 1.14777985928838298206e-47
26.8621367960582233536 5.36960652970843819952e-48
27.0471415719628502927 2.49917071969111372352e-48
27.2334205076726760808 1.15718710444509741953e-48
27.4209823785461708212 5.33027900263294647806e-49
27.6098360203790633705 2.44241456501889252092e-49
27.7999903298207371449 1.11325891516624694462e-49
27.991454264793475204 5.04736268587771775362e-50
28.1842368449141851272 2.27618959172877019799e-50
28.3783471519194030463 1.02096743678616126822e-50
28.5737943300933281421 0
28.7705875866982552225 0
28.9687361924084889608 0
29.1682494817472282023 0
29.3691368535259726968 0
29.571407771287464783 0
29.7750717637516615355 0
29.9801384252642364459 0
30.186617416248996193 0
30.3945184636625995722 0
30.6038513614529108509 0
30.8146259710205896454 0
31.0268522216832813854 0
31.2405401111435701011 0
31.455699705960100232 0
31.6723411420214731038 0
31.8904746250239021776 0
32.1101104309521616642 0
32.3312589065633559926 0
32.5539304698744516031 0
32.7781356106533010575 0
33.0038848909123956332 0
33.2311889454066573535 0
33.4600584821345634623 0
33.690504282842233863 0
33.9225372035315544395 0
34.1561681749717394041 0
34.3914082032139134526 0
34.6282683701097724338 0
34.8667598338338251551 0
35.1068938294086763108 0
35.3486816692344376634 0
35.5921347436219051019 0
35.8372645213286205035 0
36.0840825500997013364 0
36.3326004572114058533 0
36.5828299500190112781 0
36.834782816508607084 0
37.0884709258519436048 0
37.3439062289658281202 0
37.6011007590752868168 0
37.8600666322800378794 0
38.1208160481254694218 0
38.3833612901775467208 0
38.6477147266010661042 0
38.9138888107425202634 0
39.1818960817169426036 0
39.451749164998204833 0
39.7234607730140041326 0
39.9970437057449217377 0
40.2725108513270129151 0
40.5498751866591362614 0
40.8291497780145107299 0
41.1103477816558182667 0
41.393482444455202085 0
41.6785671045184926697 0
41.9656151918131499201 0
42.2546402288011435644 0
42.5456558310761892017 0
42.8386757080046365331 0
43.1337136633719211432 0
43.4307835960322918822 0
43.7298995005638175826 0
44.0310754679278488766 0
44.3343256861324093165 0
44.6396644409007663512 0
44.9471061163446634623 0
45.2566651956414816027 0
45.5683562617167225994 0
45.8821939979312745095 0
46.198193188772592066 0
46.5163687205514619905 0
46.8367355821035289409 0
47.1593088654948431326 0
47.484103766733142038 0
47.8111355864839566721 0
48.1404197307908532366 0
48.4719717118015012147 0
48.8058071484986371047 0
49.1419417674354122028 0
49.4803914034764247276 0
49.8211720005439957504 0
50.1642996123687154864 0
50.509790403245993673 0
50.8576606487977826987 0
51.207926736738720308 0
51.5606051676488092994 0
51.9157125557501117896 0
52.2732656296897317816 0
52.6332812333280628536 0
52.9957763265318817503 0
53.360767985973424743 0
53.7282734059352193867 0
54.0983098991195134886 0
54.4708948974640989604 0
54.8460459529638271192 0
55.2237807384968988345 0
55.6041170486576206144 0
55.9870728005950795136 0
56.3726660348565644654 0
56.7609149162376951381 0
57.1518377346384838233 0
57.5454529059243640177 0
57.9417789727939620548 0
58.3408346056530149326 0
58.7426386034932406233 0
59.1472098947782711775 0
59.554567538335611232 0
59.9647307242539113759 0
60.3777187747872758905 0
60.7935511452658019493 0
61.2122474250113839389 0
61.6338273382614048046 0
62.0583107450971169783 0
62.4857176423795976916 0
62.9160681646920920684 0
63.3493825852878345017 0
63.7856813170454657325 0
64.2249849134310011323 0
64.6673140694653341143 0
65.1126896226995910411 0
65.5611325541970160202 0
66.0126639895207176778 0
66.4673051997291963744 0
66.9250776023787636859 0
67.3860027625317883349 0
67.8501023937729144109 0
68.3173983592323850189 0
68.7879126726151923776 0
69.2616674992385554788 0
69.7386851570763752761 0
70.2189881178099852832 0
70.7025990078869739364 0
71.1895406095876381869 0
71.6798358620973488087 0
72.1735078625876127489 0
72.6705798673044967018 0
73.1710752926633887228 0
73.6750177163530395319 0
74.1824308784454444776 0
74.6933386825145362309 0
75.207765196762721871 0
75.7257346551538716994 0
76.2472714585552893141 0
76.7724001758877250268 0
77.3011455452818978529 0
77.8335324752442829777 0
78.3695860458309851992 0
78.909331509828319895 0
79.4527942939429578928 0
80.0000000000000284217 0
