0 0.148493812219795768
6.06032705815538833e-07 0.14849381221978028
1.21623926341752214e-06 0.148493812219732679
1.83064841884324287e-06 0.148493812219652438
2.44928911610884448e-06 0.148493812219538973
3.07219049857294372e-06 0.148493812219391563
3.69938191030944096e-06 0.148493812219209598
4.33089289749001563e-06 0.148493812218992244
4.96675320977584959e-06 0.148493812218738946
5.60699280171921344e-06 0.148493812218448873
6.2516418341745535e-06 0.148493812218121302
6.9007306757192998e-06 0.148493812217755455
7.55428990408453605e-06 0.148493812217350585
8.21235030759542157e-06 0.148493812216906024
8.87494288662167165e-06 0.148493812216420856
9.54209885503785841e-06 0.148493812215894305
1.02138496416938897e-05 0.148493812215325621
1.08902268918955923e-05 0.148493812214713944
1.15712624688954945e-05 0.148493812214058468
1.22569884553938321e-05 0.148493812213358223
1.29474371550498963e-05 0.148493812212612569
1.36426410940038852e-05 0.148493812211820453
1.43426330224091502e-05 0.148493812210980958
1.50474459159749484e-05 0.148493812210093334
1.57571129775199836e-05 0.148493812209156556
1.6471667638536475e-05 0.148493812208169651
1.71911435607651012e-05 0.148493812207131815
1.79155746377807461e-05 0.14849381220604202
1.86449949965892167e-05 0.148493812204899212
1.93794389992348475e-05 0.148493812203702558
2.01189412444193803e-05 0.148493812202450892
2.08635365691316825e-05 0.148493812201143244
2.16132600502890601e-05 0.148493812199778641
2.23681470063895613e-05 0.14849381219835589
2.31282329991758066e-05 0.14849381219687402
2.38935538353103052e-05 0.148493812195331948
2.46641455680622188e-05 0.148493812193728481
2.54400444990057684e-05 0.148493812192062591
2.62212871797304306e-05 0.148493812190333113
2.70079104135627354e-05 0.148493812188538826
2.77999512573000787e-05 0.148493812186678648
2.85974470229564464e-05 0.148493812184751356
2.94004352795200489e-05 0.148493812182755675
3.02089538547232404e-05 0.148493812180690438
3.10230408368244998e-05 0.148493812178554341
3.18427345764026466e-05 0.14849381217634619
3.26680736881636231e-05 0.148493812174064599
3.34990970527595047e-05 0.148493812171708345
3.43358438186200894e-05 0.14849381216927604
3.51783534037971739e-05 0.148493812166766381
3.60266654978215134e-05 0.148493812164177952
3.68808200635724407e-05 0.148493812161509392
3.77408573391605967e-05 0.148493812158759286
3.86068178398234273e-05 0.148493812155926191
3.94787423598337315e-05 0.148493812153008609
4.03566719744216068e-05 0.14849381215000515
4.1240648041709255e-05 0.148493812146914289
4.213071220465949e-05 0.148493812143734416
4.30269063930372968e-05 0.148493812140464088
4.39292728253852684e-05 0.148493812137101638
4.48378540110123302e-05 0.148493812133645597
4.57526927519963771e-05 0.148493812130094188
4.66738321452005777e-05 0.148493812126445912
4.7601315584303658e-05 0.148493812122699048
4.85351867618440832e-05 0.148493812118851848
4.94754896712783481e-05 0.148493812114902674
5.04222686090535172e-05 0.148493812110849693
5.1375568176693867e-05 0.148493812106691186
5.23354332829021034e-05 0.148493812102425377
5.33019091456749184e-05 0.148493812098050376
5.42750412944331418e-05 0.148493812093564409
5.52548755721665513e-05 0.148493812088965504
5.62414581375935552e-05 0.148493812084251803
5.72348354673355805e-05 0.148493812079421306
5.82350543581065447e-05 0.148493812074472209
5.92421619289174722e-05 0.148493812069402265
6.02562056232960734e-05 0.14849381206420964
6.12772332115218743e-05 0.148493812058892227
6.23052927928765128e-05 0.148493812053447999
6.33404327979097205e-05 0.148493812047874596
6.43827019907207421e-05 0.148493812042170131
6.54321494712555696e-05 0.148493812036332273
6.64888246776200746e-05 0.148493812030358857
6.75527773884087928e-05 0.148493812024247607
6.86240577250501078e-05 0.148493812017996274
6.97027161541672772e-05 0.148493812011602416
7.07888034899559258e-05 0.148493812005063869
7.18823708965777604e-05 0.148493811998378106
7.2983469890570995e-05 0.148493811991542768
7.40921523432769855e-05 0.148493811984555357
7.52084704832841022e-05 0.148493811977413404
7.63324768988879747e-05 0.148493811970114381
7.74642245405688257e-05 0.148493811962655653
7.86037667234860309e-05 0.148493811955034638
7.97511571299896728e-05 0.148493811947248699
8.09064498121494022e-05 0.148493811939295145
8.20696991943008084e-05 0.148493811931171255
8.32409600756093274e-05 0.148493811922874197
8.44202876326515916e-05 0.148493811914401252
8.56077374220149128e-05 0.148493811905749534
8.68033653829143836e-05 0.148493811896916073
8.80072278398281532e-05 0.148493811887898008
8.92193815051506593e-05 0.148493811878692344
9.0439883481864509e-05 0.148493811869296111
9.16687912662303845e-05 0.148493811859706115
9.29061627504955428e-05 0.148493811849919333
9.41520562256211666e-05 0.148493811839932544
9.54065303840284591e-05 0.148493811829742584
9.66696443223632643e-05 0.148493811819346122
9.79414575442803798e-05 0.148493811808739912
9.92220299632464765e-05 0.14849381179792065
0.000100511421905362576 0.148493811786884838
0.000101809694112206027 0.148493811775629148
0.000103116907743691798 0.148493811764149886
0.000104433124380953868 0.148493811752443611
0.000105758406029246032 0.148493811740506715
0.000107092815120862989 0.148493811728335534
0.000108436414518081416 0.148493811715926322
0.000109789267516121331 0.148493811703275358
0.000111151437846127837 0.148493811690378757
0.000112522989678173443 0.148493811677232634
0.000113903987624281033 0.148493811663833131
0.000115294496741467591 0.148493811650176222
0.000116694582534809091 0.148493811636257744
0.000118104310960526147 0.148493811622073701
0.000119523748429091285 0.148493811607619902
0.000120952961808357435 0.148493811592892128
0.000122392018426707998 0.14849381157788602
0.00012384098607622849 0.148493811562597222
0.000125299933015900211 0.148493811547021348
0.000126768927974815944 0.14849381153115393
0.00012824804015541748 0.148493811514990304
0.000129737339236755787 0.148493811498525918
0.000131236895377773513 0.148493811481756138
0.000132746779220610094 0.148493811464676051
0.000134267061893929361 0.148493811447281021
0.000135797815016270782 0.148493811429565997
0.000137339110699422875 0.148493811411526067
0.000138891021551820586 0.148493811393156233
0.000140453620681965641 0.148493811374451334
0.000142026981701870577 0.148493811355406125
0.000143611178730526667 0.148493811336015441
0.000145206286397395374 0.148493811316273872
0.000146812379845924235 0.148493811296176031
0.000148429534737086504 0.148493811275716425
0.000150057827252945823 0.148493811254889474
0.00015169733410024463 0.14849381123368946
0.000153348132514018079 0.148493811212110666
0.000155010300261232322 0.148493811190147318
0.000156683915644447949 0.148493811167793449
0.000158369057505508928 0.148493811145043147
0.000160065805229256381 0.148493811121890196
0.000161774238747268727 0.148493811098328488
0.000163494438541626872 0.148493811074351834
0.000165226485648705692 0.148493811049953794
0.000166970461662991671 0.148493811025127959
0.000168726448740926318 0.148493810999867776
0.000170494529604777091 0.148493810974166612
0.000172274787546533668 0.148493810948017696
0.000174067306431832273 0.148493810921414393
0.000175872170703905939 0.148493810894349459
0.000177689465387563094 0.148493810866816206
0.000179519276093192552 0.148493810838807277
0.000181361689020796745 0.148493810810315513
0.000183216790964052165 0.148493810781333641
0.000185084669314398574 0.148493810751854138
0.000186965412065155499 0.148493810721869568
0.000188859107815667786 0.148493810691372075
0.00019076584577547916 0.148493810660354081
0.000192685715768534696 0.148493810628807676
0.000194618808237412814 0.148493810596724757
0.000196565214247585303 0.148493810564097356
0.000198525025491707799 0.148493810530917203
0.000200498334293938767 0.148493810497175943
0.000202485233614289287 0.148493810462865139
0.000204485817053002097 0.148493810427976158
0.00020650017885496093 0.148493810392500369
0.000208528413914130109 0.14849381035642889
0.000210570617778025227 0.1484938103197527
0.000212626886652214181 0.148493810282462807
0.00021469731740484898 0.148493810244549967
0.000216782007571229558 0.148493810206004884
0.000218881055358397994 0.148493810166817952
0.00022099455964976546 0.148493810126979625
0.000223122620009770083 0.148493810086480132
0.000225265336688567643 0.148493810045309621
0.000227422810626753757 0.148493810003457932
0.000229595143460119516 0.148493809960914963
0.000231782437524439216 0.148493809917670389
0.000233984795860291367 0.148493809873713717
0.000236202322217912399 0.148493809829034318
0.000238435121062084921 0.148493809783621367
0.000240683297577058317 0.148493809737464011
0.000242946957671503962 0.148493809690551065
0.000245226207983504794 0.148493809642871288
0.000247521155885578321 0.148493809594413356
0.000249831909489735206 0.148493809545165584
0.000252158577652572254 0.148493809495116313
0.000254501269980400525 0.148493809444253583
0.000256860096834408253 0.14849380939256529
0.000259235169335860567 0.148493809340039279
0.000261626599371333861 0.148493809286663003
0.000264034499597986638 0.148493809232423918
0.000266458983448866575 0.148493809177309227
0.000268900165138254447 0.14849380912130597
0.000271358159667044586 0.148493809064401017
0.0002738330828281621 0.148493809006580935
0.000276325051212018087 0.14849380894783229
0.000278834182212001774 0.14849380888814126
0.000281360594030011138 0.148493808827493995
0.00028390440568202077 0.148493808765876339
0.000286465737003689051 0.148493808703274027
0.000289044708656002931 0.148493808639672487
0.000291641442130962736 0.148493808575056924
0.000294256059757304746 0.148493808509412573
0.000296888684706264866 0.148493808442724029
0.000299539440997379977 0.148493808374976194
0.000302208453504331301 0.148493808306153247
0.000304895847960826515 0.148493808236239505
0.000307601750966523028 0.148493808165218816
0.000310326289992992005 0.148493808093075025
0.000313069593389723121 0.148493808019791618
0.000315831790390171422 0.148493807945351802
0.000318613011117844635 0.148493807869738675
0.000321413386592434111 0.148493807792935001
0.000324233048735985839 0.148493807714923265
0.000327072130379115953 0.148493807635685843
0.000329930765267268046 0.148493807555204776
0.000332809088067013579 0.148493807473461747
0.000335707234372395653 0.148493807390438382
0.000338625340711317399 0.148493807306115944
0.000341563544551972819 0.148493807220475366
0.000344521984309323207 0.148493807133497441
0.000347500799351617819 0.148493807045162657
0.000350500130006958441 0.148493806955451141
0.000353520117569911289 0.14849380686434277
0.000356560904308162385 0.148493806771817227
0.000359622633469219985 0.148493806677853724
0.000362705449287162491 0.148493806582431387
0.000365809496989433311 0.148493806485528929
0.000368934922803682442 0.148493806387124755
0.000372081873964654787 0.148493806287197022
0.000375250498721126395 0.148493806185723554
0.00037844094634288802 0.14849380608268184
0.000381653367127777695 0.148493805978049037
0.000384887912408760026 0.148493805871802026
0.000388144734561056447 0.148493805763917297
0.000391423987009322048 0.148493805654371092
0.000394725824234874647 0.148493805543139346
0.000398050401782971421 0.148493805430197412
0.000401397876270136427 0.148493805315520588
0.000404768405391538655 0.148493805199083728
0.000408162147928421031 0.148493805080861158
0.000411579263755580498 0.148493804960827092
0.000415019913848899147 0.148493804838955246
0.000418484260292927457 0.148493804715218974
0.00042197246628852055 0.148493804589591244
0.000425484696160525881 0.148493804462044687
0.00042902111536552445 0.148493804332551577
0.000432581890499625398 0.148493804201083712
0.000436167189306313626 0.14849380406761245
0.000439777180684352762 0.148493803932108925
0.000443412034695741196 0.148493803794543716
0.000447071922573723745 0.148493803654886986
0.000450757016730857782 0.148493803513108508
0.000454467490767136142 0.148493803369177751
0.000458203519478164387 0.148493803223063575
0.000461965278863396024 0.148493803074734448
0.00046575294613442254 0.148493802924158369
0.000469566699723322669 0.148493802771303057
0.000473406719291067681 0.148493802616135484
0.000477273185735984545 0.148493802458622454
0.000481166281202278796 0.148493802298730104
0.000485086189088613931 0.148493802136424158
0.000489033094056751908 0.148493801971669837
0.000493007182040252397 0.148493801804431974
0.000497008640253231247 0.148493801634674683
0.000501037657199180026 0.148493801462361824
0.000505094422679846946 0.148493801287456539
0.000509179127804176975 0.148493801109921608
0.000513291964997316026 0.148493800929719227
0.000517433128009674452 0.148493800746811067
0.000521602811926055602 0.148493800561158185
0.0005258012131748454 0.148493800372721196
0.000530028529537265912 0.148493800181460162
0.000534284960156692756 0.148493799987334446
0.000538570705548035837 0.148493799790302944
0.000542885967607186328 0.148493799590323994
0.000547230949620527182 0.148493799387355324
0.000551605856274509673 0.148493799181354108
0.000556010893665295856 0.148493798972276658
0.000560446269308467705 0.148493798760079065
0.000564912192148802825 0.148493798544716588
0.000569408872570117269 0.148493798326143872
0.000573936522405177427 0.1484937981043149
0.000578495354945677501 0.148493797879183098
0.000583085584952289519 0.14849379765070117
0.000587707428664778399 0.148493797418821155
0.000592361103812189655 0.14849379718349448
0.000597046829623107032 0.148493796944671658
0.000601764826835978774 0.148493796702303005
0.000606515317709516535 0.148493796456337507
0.00061129852603316714 0.148493796206723983
0.000616114677137652987 0.148493795953410168
0.00062096399790558855 0.148493795696343328
0.000625846716782167798 0.148493795435469672
0.000630763063785925874 0.148493795170734938
0.000635713270519576022 0.148493794902084003
0.000640697570180918398 0.14849379462946094
0.000645716197573827587 0.148493794352809044
0.000650769389119312228 0.148493794072070973
0.000655857382866653236 0.148493793787188272
0.000660980418504618686 0.148493793498101961
0.000666138737372753932 0.148493793204751923
0.0006713325824727512 0.148493792907077593
0.000676562198479898225 0.148493792605017244
0.000681827831754602451 0.148493792298508342
0.000687129730353999257 0.14849379198748755
0.000692468144043635321 0.148493791671890779
0.000697843324309235682 0.148493791351652582
0.000703255524368551904 0.148493791026707039
0.000708704999183288513 0.148493790696987232
0.000714192005471116936 0.148493790362424993
0.000719716801717766195 0.148493790022951572
0.000725279648189201213 0.14849378967849719
0.000730880806943884267 0.148493789328990822
0.000736520541845118852 0.148493788974360746
0.000742199118573480163 0.148493788614534161
0.000747916804639332973 0.14849378824943707
0.00075367386939542984 0.148493787878994754
0.000759470584049604515 0.148493787503131219
0.000765307221677544278 0.148493787121769333
0.000771184057235655405 0.148493786734831157
0.000777101367574018409 0.148493786342237505
0.000783059431449425894 0.148493785943908052
0.00078905852953851832 0.148493785539761308
0.000795098944451003457 0.148493785129714895
0.000801180960742970717 0.148493784713684934
0.000807304864930297964 0.148493784291586772
0.000813470945502145493 0.148493783863334033
0.000819679492934548889 0.148493783428839704
0.000825930799704102962 0.148493782988015216
0.000832225160301737943 0.148493782540770808
0.000838562871246595538 0.148493782087015497
0.000844944231099994752 0.148493781626657051
0.000851369540479497895 0.148493781159601934
0.000857839102073072973 0.14849378068575525
0.000864353220653351381 0.148493780205020742
0.000870912203091987617 0.148493779717301072
0.000877516358374112564 0.148493779222497208
0.0008841659976128914 0.148493778720508868
0.000890861434064180602 0.14849377821123444
0.000897602983141282309 0.148493777694570783
0.000904390962429804505 0.148493777170413316
0.000911225691702623446 0.148493776638656094
0.000918107492934944528 0.148493776099191593
0.000925036690319473742 0.148493775551910873
0.000932013610281686822 0.148493774996703354
0.000939038581495207783 0.148493774433457043
0.000946111934897294693 0.148493773862058309
0.000953234003704424748 0.148493773282391828
0.000960405123427997319 0.148493772694340886
0.00096762563189013457 0.148493772097787108
0.000974895869239598306 0.148493771492610172
0.000982216177967814696 0.148493770878688452
0.000989586902925006229 0.148493770255898438
0.000997008391336438047 0.148493769624114841
0.00100448099281877758 0.148493768983210817
0.00101200505939655979 0.148493768333057552
0.00101958094551877609 0.148493767673524513
0.00102720900807556762 0.148493767004479332
0.00103488960641503905 0.148493766325787868
0.00104262310236018902 0.148493765637314035
0.0010504098602259523 0.148493764938919776
0.00105825024683636423 0.148493764230465286
0.0010661446315418403 0.148493763511808707
0.0010740933862365752 0.148493762782806071
0.00108209688537606505 0.148493762043311689
0.0010901555059947437 0.148493761293177623
0.00109826962772374649 0.148493760532253938
0.00110643963280879503 0.148493759760388588
0.00111466590612820126 0.14849375897742742
0.00112294883521100314 0.148493758183214142
0.00113128881025521539 0.148493757377590213
0.00113968622414621439 0.148493756560395013
0.00114814147247524717 0.148493755731465532
0.00115665495355806412 0.148493754890636653
0.00116522706845368696 0.148493754037740788
0.00117385822098329791 0.148493753172608073
0.00118254881774926615 0.148493752295066339
0.00119129926815430263 0.14849375140494081
0.00120010998442074391 0.148493750502054683
0.00120898138160997304 0.148493749586228269
0.00121791387764197357 0.148493748657279545
0.00122690789331501458 0.148493747715023938
0.0012359638523254772 0.14849374675927432
0.00124508218128781072 0.148493745789841008
0.00125426330975463214 0.148493744806531491
0.00126350767023696345 0.148493743809150813
0.00127281569822460124 0.148493742797501077
0.00128218783220663862 0.148493741771381749
0.00129162451369211739 0.148493740730589574
0.00130112618723082708 0.148493739674918163
0.00131069330043425076 0.148493738604158682
0.00132032630399664744 0.148493737518099106
0.00133002565171628476 0.148493736416524413
0.00133979180051681918 0.148493735299216806
0.0013496252104688172 0.148493734165955266
0.00135952634481143267 0.148493733016515805
0.00136949566997422592 0.148493731850671218
0.00137953365559913732 0.148493730668191243
0.00138964077456261558 0.148493729468842345
0.00139981750299788708 0.148493728252387741
0.0014100643203173932 0.148493727018587374
0.00142038170923536973 0.148493725767197798
0.00143077015579058837 0.148493724497972296
0.00144123014936925519 0.148493723210660511
0.0014517621827280626 0.148493721905008785
0.00146236675201740223 0.148493720580759825
0.00147304435680474174 0.148493719237652838
0.00148379550009815342 0.14849371787542337
0.00149462068837001518 0.148493716493803107
0.00150552043158086587 0.148493715092520406
0.00151649524320343057 0.148493713671299432
0.00152754564024681124 0.148493712229860686
0.00153867214328083884 0.148493710767920811
0.00154987527646059989 0.148493709285192482
0.00156115556755112681 0.148493707781384293
0.00157251354795226016 0.148493706256200897
0.00158394975272368468 0.148493704709342755
0.00159546472061013211 0.14849370314050625
0.00160705899406676117 0.148493701549383433
0.00161873311928471581 0.148493699935662138
0.00163048764621684904 0.148493698299025867
0.00164232312860363773 0.148493696639153627
0.00165424012399926199 0.148493694955720068
0.00166623919379787436 0.148493693248395203
0.00167832090326004713 0.148493691516844634
0.00169048582153939731 0.148493689760729103
0.00170273452170940465 0.148493687979704803
0.00171506758079040104 0.148493686173422956
0.00172748557977675781 0.148493684341530124
0.00173998910366425746 0.148493682483667899
0.00175257874147764629 0.148493680599472849
0.00176525508629838583 0.148493678688576436
0.00177801873529259452 0.148493676750605152
0.00179087028973917315 0.148493674785180163
0.00180381035505813815 0.148493672791917414
0.00181683954083913476 0.148493670770427522
0.00182995846087015759 0.148493668720315747
0.00184316773316646758 0.14849366664118166
0.0018564679799997002 0.148493664532619418
0.00186985982792718577 0.148493662394217629
0.00188334390782146101 0.14849366022555896
0.00189692085489999072 0.14849365802622036
0.0019105913087550943 0.148493655795773061
0.00192435591338407084 0.148493653533782077
0.00193821531721954043 0.148493651239806512
0.00195217017315999289 0.148493648913399418
0.00196622113860053967 0.148493646554107378
0.00198036887546388773 0.148493644161470928
0.00199461405023151905 0.14849364173502419
0.00200895733397508719 0.148493639274294653
0.00202339940238803516 0.148493636778803423
0.00203794093581742032 0.148493634248064665
0.00205258261929596982 0.148493631681586302
0.00206732514257434823 0.148493629078868872
0.00208216920015364976 0.148493626439406362
0.00209711549131812256 0.148493623762685434
0.00211216472016810194 0.14849362104818592
0.00212731759565318399 0.148493618295380159
0.0021425748316056259 0.148493615503733328
0.00215793714677396621 0.148493612672703029
0.00217340526485689358 0.14849360980173959
0.00218897991453733103 0.148493606890285429
0.00220466182951676573 0.14849360393777522
0.00222045174854981807 0.148493600943636089
0.00223635041547903422 0.148493597907286834
0.00225235857926993572 0.148493594828138453
0.0022684769940462964 0.148493591705593592
0.00228470641912567086 0.148493588539046706
0.00230104761905516745 0.148493585327883815
0.00231750136364745896 0.148493582071482416
0.0023340684280170514 0.148493578769211321
0.00235074959261680032 0.14849357542043054
0.00236754564327467222 0.148493572024491344
0.00238445737123076876 0.14849356858073598
0.00240148557317459641 0.148493565088497315
0.00241863105128259977 0.148493561547099195
0.00243589461325595391 0.148493557955856059
0.00245327707235860676 0.148493554314072906
0.00247077924745560005 0.14849355062104469
0.0024884019630516366 0.148493546876057064
0.00250614604932992589 0.148493543078385498
0.00252401234219129566 0.148493539227295412
0.00254200168329356312 0.148493535322042125
0.00256011492009118775 0.148493531361870573
0.00257835290587519897 0.148493527346015231
0.00259671649981338187 0.148493523273699801
0.0026152065669907648 0.148493519144137498
0.00263382397845036151 0.148493514956530404
0.00265256961123420997 0.148493510710069582
0.00267144434842469082 0.1484935064039348
0.00269044907918612047 0.148493502037294639
0.00270958469880664896 0.14849349760930583
0.00272885210874042631 0.148493493119113668
0.00274825221665007209 0.148493488565851595
0.00276778593644944016 0.148493483948640842
0.00278745418834666072 0.148493479266590511
0.00280725789888749879 0.148493474518797464
0.00282719800099900118 0.148493469704345821
0.00284727543403344007 0.148493464822307242
0.00286749114381257492 0.14849345987174023
0.00288784608267219885 0.148493454851690548
0.00290834120950700294 0.14849344976119036
0.00292897748981575971 0.148493444599258756
0.00294975589574678889 0.148493439364900892
0.00297067740614377152 0.148493434057108409
0.0029917430065918493 0.14849342867485868
0.00301295368946405797 0.148493423217115172
0.00303431045396808244 0.148493417682826812
0.00305581430619331898 0.148493412070927977
0.00307746625915827519 0.148493406380338283
0.00309926733285829535 0.148493400609962245
0.00312121855431360265 0.14849339475868939
0.00314332095761769197 0.148493388825393619
0.00316557558398603304 0.148493382808933427
0.00318798348180512631 0.148493376708151353
0.00321054570668189657 0.148493370521873863
0.00323326332149340796 0.148493364248911269
0.00325613739643694803 0.148493357888057231
0.00327916900908043624 0.148493351438088728
0.00330235924441318537 0.148493344897765972
0.00332570919489702131 0.148493338265831637
0.00334921996051774007 0.148493331541011242
0.00337289264883692793 0.14849332472201246
0.00339672837504414451 0.148493317807525171
0.00342072826200944631 0.148493310796221023
0.00344489344033629442 0.148493303686753231
0.00346922504841480758 0.148493296477756304
0.00349372423247539411 0.148493289167846071
0.00351839214664275172 0.148493281755618795
0.003543229952990229 0.148493274239651418
0.00356823882159458148 0.148493266618501346
0.00359341993059107689 0.14849325889070572
0.00361877446622900804 0.148493251054781616
0.00364430362292757345 0.148493243109225292
0.00367000860333213793 0.148493235052512385
0.00369589061837089341 0.148493226883097351
0.00372195088731190789 0.14849321859941314
0.00374819063782055092 0.148493210199871134
0.00377461110601734354 0.148493201682860398
0.00380121353653617737 0.148493193046748073
0.00382799918258294953 0.148493184289878344
0.00385496930599461048 0.148493175410572609
0.0038821251772985909 0.148493166407128813
0.0039094680757726704 0.148493157277821586
0.00393699928950523147 0.148493148020901494
0.00396472011545594052 0.14849313863459479
0.00399263185951685695 0.148493129117103217
0.00402073583657393697 0.148493119466603596
0.00404903337056898224 0.148493109681247598
0.00407752579456202059 0.14849309975916089
0.00410621445079408127 0.148493089698443687
0.00413510069075044909 0.148493079497169556
0.00416418587522431397 0.148493069153385338
0.00419347137438088463 0.148493058665110977
0.00422295856782193939 0.148493048030338831
0.00425264884465080539 0.148493037247033555
0.00428254360353780891 0.148493026313131521
0.00431264425278615575 0.148493015226540598
0.00434295221039828015 0.14849300398513951
0.00437346890414264718 0.1484929925867777
0.00440419577162100544 0.148492981029274829
0.00443513426033611494 0.148492969310420247
0.00446628582775994171 0.148492957427972722
0.00449765194140230428 0.148492945379660041
0.00452923407888002408 0.148492933163178492
0.00456103372798651562 0.148492920776192278
0.00459305238676188925 0.14849290821633343
0.00462529156356351542 0.148492895481201065
0.00465775277713707542 0.148492882568361101
0.00469043755668812658 0.148492869475345735
0.00472334744195411493 0.148492856199652912
0.00475648398327693702 0.148492842738745939
0.00478984874167594742 0.148492829090053041
0.0048234432889215197 0.148492815250966637
0.00485726920760908443 0.148492801218843284
0.0048913280912336668 0.14849278699100274
0.00492562154426497839 0.148492772564727732
0.00496015118222298615 0.14849275793726327
0.00499491863175402853 0.148492743105816116
0.00502992553070742091 0.148492728067554591
0.0050651735282126473 0.148492712819607631
0.00510066428475702653 0.148492697359064452
0.00513639947226392918 0.148492681682973748
0.00517238077417156352 0.148492665788343664
0.00520860988551226627 0.14849264967214082
0.00524508851299234323 0.148492633331289509
0.00528181837507249018 0.14849261676267192
0.00531880120204874293 0.148492599963126637
0.00535603873613396762 0.148492582929448669
0.00539353273153996525 0.148492565658388642
0.00543128495456009306 0.148492548146652081
0.00546929718365247834 0.148492530390898991
0.00550757120952378131 0.148492512387742942
0.00554610883521358591 0.148492494133750902
0.00558491187617931716 0.148492475625441989
0.00562398216038175608 0.148492456859287247
0.00566332152837117561 0.148492437831708873
0.00570293183337404214 0.148492418539079546
0.00574281494138029376 0.14849239897772154
0.00578297273123127772 0.14849237914390645
0.00582340709470824738 0.148492359033854021
0.00586411993662146452 0.148492338643731736
0.00590511317489996086 0.148492317969653981
0.00594638874068187558 0.148492297007681462
0.00598794857840542934 0.14849227575382018
0.00602979464590051254 0.148492254204020901
0.00607192891448094223 0.148492232354178327
0.00611435336903731145 0.148492210200130259
0.00615707000813048647 0.148492187737656961
0.00620008084408577628 0.148492164962480105
0.00624338790308772828 0.148492141870262412
0.00628699322527555109 0.148492118456606148
0.00633089886483926331 0.148492094717053158
0.00637510689011644253 0.148492070647083224
0.00641961938368964743 0.14849204624211354
0.00646443844248456145 0.1484920214974981
0.00650956617786874886 0.148491996408526311
0.00655500471575113167 0.148491970970422577
0.0066007561966821178 0.148491945178344936
0.00664682277595447357 0.148491919027384595
0.0066932066237048336 0.14849189251256481
0.00673990992501592636 0.148491865628839925
0.00678693488001953608 0.148491838371094143
0.00683428370400013425 0.148491810734141277
0.00688195862749922064 0.148491782712723119
0.00692996189642043972 0.148491754301508599
0.00697829577213535807 0.148491725495093096
0.00702696253158998242 0.148491696287996938
0.00707596446741205753 0.148491666674664596
0.00712530388801904235 0.148491636649463882
0.00717498311772687709 0.14849160620668439
0.00722500449685944176 0.14849157534053678
0.00727537038185885245 0.148491544045151525
0.00732608314539644895 0.148491512314577884
0.00737714517648454648 0.148491480142782711
0.00742855888058902361 0.148491447523649428
0.00748032667974261184 0.148491414450976716
0.00753245101265898487 0.148491380918477467
0.00758493433484767627 0.148491346919777473
0.00763777911872973603 0.148491312448414403
0.00769098785375418696 0.14849127749783636
0.00774456304651533443 0.148491242061400852
0.00779850722087082737 0.148491206132373432
0.00785282291806056049 0.148491169703926451
0.00790751269682636766 0.148491132769137668
0.00796257913353260252 0.148491095320989142
0.00801802482228747976 0.148491057352365841
0.00807385237506526819 0.148491018856054063
0.00813006442182936766 0.148490979824740521
0.00818666361065619949 0.14849094025101045
0.00824365260785991753 0.148490900127346642
0.00830103409811806109 0.148490859446127776
0.00835881078459800933 0.148490818199627173
0.00841698538908429959 0.148490776380011041
0.00847556065210689109 0.148490733979337292
0.00853453933307023703 0.14849069098955392
0.0085939242103832917 0.148490647402497372
0.00865371808159037109 0.148490603209891353
0.00871392376350298321 0.148490558403344769
0.0087745440923325032 0.148490512974350536
0.00883558192382375915 0.148490466914283969
0.00889704013338960681 0.148490420214400759
0.00895892161624637501 0.148490372865835718
0.00902122928755021321 0.148490324859601064
0.0090839660825344868 0.14849027618658453
0.00914713495664801202 0.148490226837547867
0.00921073888569427096 0.148490176803124735
0.00927478086597163971 0.148490126073819562
0.00933926391441451502 0.148490074640005076
0.00940419106873544193 0.14849002249192092
0.00946956538756819899 0.148489969619671619
0.0095353899506119208 0.14848991601322481
0.00960166785877616599 0.14848986166240935
0.00966840223432696363 0.148489806556913212
0.0097355962210339559 0.148489750686282007
0.00980325298431846889 0.14848969403991627
0.0098713757114026017 0.148489636607070125
0.00993996761145943437 0.14848957837684898
0.0100090319157641675 0.148489519338207476
0.0100785718778463301 0.148489459479947433
0.0101485907736430982 0.148489398790715738
0.0102190919016535778 0.148489337259002235
0.0102900785830942233 0.148489274873137372
0.0103615541620552462 0.148489211621290279
0.0104335220056582124 0.148489147491466494
0.0105059855042146412 0.148489082471505274
0.0105789480713856764 0.148489016549077923
0.0106524131443429659 0.148488949711684998
0.0107263841839305533 0.148488881946654272
0.0108008646748278831 0.148488813241138135
0.0108758581257140143 0.148488743582111088
0.0109513680694328878 0.148488672956367723
0.0110273980631597161 0.148488601350519667
0.0111039516885686265 0.148488528750993443
0.0111810325520013375 0.148488455144027726
0.0112586442846370812 0.148488380515670954
0.0113367905426636131 0.148488304851778413
0.011415475007449518 0.14848822813800977
0.0114947013857175963 0.148488150359826238
0.0115744734097194615 0.148488071502487995
0.0116547948374114141 0.148487991551051218
0.011735669452631459 0.148487910490365471
0.0118171010652775004 0.148487828305070596
0.0118990935114869044 0.14848774497959405
0.0119816506538171792 0.148487660498147822
0.012064776381427899 0.148487574844725495
0.0121484746102639828 0.148487488003099327
0.0122327492832401252 0.148487399956816923
0.012317604370426569 0.148487310689198321
0.0124030438692360797 0.148487220183333019
0.012489071804612329 0.148487128422076453
0.0125756922292194675 0.148487035388046751
0.0126629092236330131 0.148486941063622091
0.0127507268965321441 0.148486845430936321
0.0128391493848932173 0.148486748471876512
0.0129281808541846267 0.148486650168078965
0.0130178254985631077 0.148486550500926212
0.0131080875410712634 0.148486449451543157
0.0131989712338364939 0.14848634700079355
0.0132904808582713675 0.148486243129276524
0.0133826207252752648 0.148486137817322811
0.013475395175437492 0.148486031044991196
0.0135688085792417014 0.148485922792064462
0.013662865337271856 0.148485813038046005
0.0137575698804195071 0.148485701762155475
0.0138529266700924709 0.148485588943325086
0.0139489401984250975 0.148485474560196062
0.0140456149884898365 0.148485358591113698
0.0141429555945102783 0.148485241014124081
0.0142409666020757789 0.1484851218069696
0.0143396526283574369 0.148485000947084722
0.0144390183223255669 0.148484878411591859
0.0145390683649687814 0.14848475417729709
0.0146398074695144563 0.148484628220685616
0.01474124038165079 0.14848450051791745
0.0148433718797503188 0.148484371044822844
0.0149462067750950906 0.148484239776897842
0.0150497499121032829 0.148484106689299566
0.0151540061685573775 0.148483971756841471
0.0152589804558340269 0.148483834953988841
0.0153646777191353816 0.148483696254853803
0.0154711029377220081 0.148483555633190212
0.0155782611251475463 0.148483413062389297
0.0156861573294948403 0.148483268515474026
0.0157947966336137099 0.148483121965094444
0.0159041841553604867 0.14848297338352226
0.0160143250478390342 0.148482822742645876
0.0161252244996435631 0.148482670013964618
0.01623688773510297 0.148482515168584045
0.0163493200145270537 0.148482358177209922
0.0164625266344542789 0.148482199010142896
0.0165765129279012331 0.14848203763727294
0.0166912842646139564 0.148481874028073751
0.0168068460513208576 0.148481708151596725
0.0169232037319873713 0.148481539976465293
0.017040362788072503 0.148481369470869123
0.0171583287387870112 0.14848119660255793
0.0172771071413533733 0.148481021338835423
0.0173967035912676558 0.148480843646553146
0.0175171237225630605 0.148480663492104425
0.0176383732080753614 0.148480480841417739
0.0177604577597100764 0.148480295659950412
0.0178833831287116621 0.148480107912682235
0.0180071551059343832 0.148479917564108582
0.0181317795221150671 0.148479724578234107
0.0182572622481478805 0.148479528918565556
0.0183836091953608477 0.148479330548105082
0.0185108263157942841 0.148479129429343243
0.0186389196024812839 0.148478925524252098
0.0187678950897299905 0.148478718794277681
0.0188977588534078207 0.148478509200333147
0.0190285170112277878 0.148478296702791002
0.0191601757230366321 0.14847808126147588
0.0192927411911050402 0.148477862835657032
0.0194262196604197517 0.148477641384040376
0.0195606174189778617 0.14847741686476093
0.0196959407980829906 0.148477189235374979
0.0198321961726434723 0.148476958452851832
0.0199693899614728082 0.148476724473565913
0.0201075286275919501 0.14847648725328827
0.0202466186785337579 0.148476246747178853
0.0203866666666496395 0.148476002909777194
0.0205276791894181687 0.148475755694994577
0.0206696628897558542 0.148475505056105017
0.0208126244563301595 0.148475250945736437
0.0209565706238745396 0.148474993315861864
0.0211015081735057355 0.148474732117790303
0.0212474439330431614 0.148474467302157687
0.0213943847773306536 0.148474198818917297
0.0215423376285602784 0.148473926617330637
0.021691309456598383 0.148473650645957717
0.0218413072793140414 0.148473370852647391
0.0219923381629096026 0.148473087184527425
0.022144409222253518 0.148472799587994808
0.0222975276212156077 0.148472508008705428
0.0224517005730045169 0.148472212391563801
0.0226069353405074294 0.148471912680712831
0.0227632392366323641 0.148471608819523204
0.0229206196246525516 0.148471300750582874
0.0230790839185534002 0.148470988415685873
0.023238639583381647 0.148470671755821904
0.0233992941355971457 0.148470350711164628
0.0235610551434269205 0.148470025221060731
0.0237239302272215999 0.148469695224018594
0.0238879270598145663 0.148469360657696475
0.0240530533668833063 0.148469021458890793
0.0242193169273133384 0.148468677563524332
0.0243867255735647562 0.148468328906634056
0.0245552871920411662 0.148467975422358955
0.0247250097234611201 0.148467617043927691
0.0248959011632323458 0.148467253703645913
0.0250679695618282981 0.148466885332883353
0.0252412230251674516 0.14846651186206139
0.0254156697149950685 0.148466133220639396
0.0255913178492678355 0.148465749337101882
0.0257681757025409186 0.148465360138944596
0.0259462516063577106 0.148464965552661393
0.0261255539496424334 0.148464565503729856
0.0263060911790953013 0.148464159916597643
0.0264878717995903137 0.148463748714668164
0.0266709043745761015 0.148463331820285982
0.0268551975264792187 0.148462909154722489
0.0270407599371103105 0.148462480638160754
0.0272276003480731998 0.148462046189680869
0.0274157275611766303 0.148461605727244206
0.0276051504388489452 0.148461159167678658
0.0277958779045554896 0.148460706426662009
0.027987918943219111 0.148460247418707225
0.0281812826016433933 0.148459782057145495
0.0283759779889387331 0.148459310254110105
0.0285720142769516107 0.148458831920520035
0.0287694007006965985 0.148458346966063193
0.0289681465587913398 0.148457855299179292
0.0291682612138947223 0.148457356827042614
0.029369754093147897 0.148456851455544631
0.0295726346886182774 0.148456339089276218
0.0297769125577468617 0.148455819631509667
0.0299825973237983594 0.148455292984180615
0.030189698676314599 0.148454759047869422
0.0303982263715708752 0.148454217721782494
0.0306081902330357057 0.14845366890373346
0.0308196001518335483 0.148453112490123662
0.0310324660872106362 0.148452548375922977
0.0312467980670043492 0.148451976454649665
0.0314626061881155134 0.148451396618350773
0.0316799006169839401 0.148450808757581432
0.0318986915900675988 0.148450212761384454
0.0321189894143246724 0.148449608517269432
0.0323408044676990608 0.148448995911191539
0.0325641471996094625 0.14844837482753015
0.0327890281314414736 0.148447745149066751
0.0330154578570433302 0.148447106756963432
0.0332434470432248219 0.148446459530740094
0.0334730064302600216 0.148445803348251859
0.0337041468323930893 0.148445138085666339
0.0339368791383476628 0.148444463617439987
0.0341712143118400036 0.148443779816294585
0.0344071633920953815 0.148443086553193493
0.0346447374943680067 0.14844238369731716
0.0348839478104648465 0.148441671116038426
0.0351248056092728148 0.14844094867489796
0.0353673222372894586 0.148440216237578637
0.0356115091191577179 0.148439473665879895
0.0358573777582039954 0.148438720819691922
0.0361049397369801114 0.148437957556969091
0.0363542067178088263 0.14843718373370357
0.0366051904433334283 0.148436399203897701
0.0368579027370708051 0.14843560381953716
0.0371123555039683459 0.148434797430562759
0.037368560730964992 0.148433979884842082
0.0376265304875557649 0.148433151028141253
0.0378862769263602975 0.148432310704095793
0.0381478122836955147 0.148431458754181012
0.0384111488801519643 0.148430595017682521
0.0386762991211741167 0.148429719331665794
0.0389432754976449941 0.148428831530945604
0.0392120905864744296 0.148427931448054884
0.0394827570511916623 0.148427018913213471
0.0397552876425417284 0.148426093754295829
0.0400296951990863348 0.148425155796799019
0.0403059926478086042 0.148424204863809861
0.040584193004721901 0.148423240775971382
0.0408643093754832223 0.148422263351449285
0.0411463549560104891 0.14842127240589803
0.0414303430331040834 0.148420267752425727
0.0417162869850729798 0.148419249201559356
0.0420042002823648661 0.148418216561208904
0.0422940964882006221 0.148417169636631374
0.0425859892592134817 0.148416108230394445
0.042879892346092234 0.148415032142338837
0.043175819594229066 0.148413941169541097
0.0434737849443716587 0.148412835106275509
0.0437738024332801345 0.148411713743974993
0.0440758861943882085 0.148410576871192523
0.0443800504584688921 0.148409424273560853
0.0446863095543050676 0.148408255733752686
0.0449946779093644417 0.148407071031439602
0.0453051700504790641 0.148405869943250612
0.0456178006045298845 0.148404652242730528
0.0459325842991357147 0.148403417700296913
0.0462495359633468897 0.148402166083197701
0.046568670528344111 0.148400897155466588
0.0468900030281416483 0.148399610677879434
0.0472135486002956475 0.148398306407909103
0.0475393224866171166 0.148396984099679885
0.047867340033890142 0.148395643503921149
0.0481976166945947762 0.148394284367921181
0.0485301680276348443 0.148392906435478866
0.0488650096990711491 0.148391509446856251
0.04920215748285936 0.148390093138729556
0.0495416272615929534 0.148388657244139799
0.0498834350272517046 0.148387201492442472
0.0502275968819549251 0.148385725609257113
0.05057412903871987 0.148384229316415595
0.0509230478222257449 0.148382712331909888
0.0512743696695826187 0.148381174369839164
0.0516281111311058111 0.14837961514035633
0.0519842888710953868 0.148378034349613469
0.0523429196686214446 0.148376431699706768
0.0527040204183144428 0.148374806888620425
0.0530676081311609316 0.148373159610170502
0.0534336999353052094 0.148371489553946967
0.0538023130768560259 0.148369796405255716
0.0541734649206989591 0.148368079845059592
0.0545471729513146777 0.148366339549918458
0.0549234547736024564 0.148364575191928583
0.0553023281137094563 0.148362786438661104
0.0556838108198659601 0.148360972953099718
0.0560679208632260881 0.14835913439357773
0.0564546763387144268 0.148357270413713549
0.0568440954658782777 0.148355380662346215
0.0572361965897462757 0.148353464783469224
0.0576309981816924138 0.148351522416164089
0.0580285188403060759 0.148349553194532552
0.0584287772922684953 0.148347556747628007
0.0588317923932347928 0.148345532699385968
0.0592375831287220919 0.148343480668553795
0.059646168615004172 0.148341400268619167
0.060057568100011921 0.148339291107737581
0.0604718009642398677 0.14833715278865911
0.06088888672165952 0.148334984908653794
0.0613088450206384222 0.148332787059436644
0.0617316956448658652 0.148330558827090564
0.0621574585142846345 0.148328299791989554
0.0625861536860298218 0.148326009528719466
0.0630178013553733957 0.1483236876059989
0.063452421856675531 0.148321333586598186
0.0638900356643428147 0.148318947027257675
0.0643306633937925643 0.148316527478604576
0.0647743258024238849 0.148314074485069336
0.0652210437905958729 0.14831158758479987
0.0656708384026119668 0.148309066309575327
0.0661237308277111691 0.148306510184718771
0.0665797424010666078 0.148303918729008027
0.0670388946047904277 0.148301291454585787
0.0675012090689457722 0.148298627866868593
0.0679667075725655934 0.148295927464453969
0.0684354120446790115 0.148293189739027109
0.0689073445653441558 0.148290414175265423
0.0693825273666880682 0.148287600250742529
0.069860982833954588 0.148284747435830533
0.0703427335065584663 0.14828185519360082
0.0708278020791472118 0.148278922979724198
0.0713162114026704153 0.148275950242368837
0.0718079844854560834 0.148272936422097129
0.0723031444942943968 0.148269880951761412
0.0728017147555294064 0.148266783256398083
0.0733037187561576264 0.148263642753120012
0.0738091801449346774 0.148260458851007859
0.0743181227334889644 0.148257230950999658
0.0748305704974439601 0.148253958445779127
0.0753465475775473847 0.148250640719662097
0.0758660782808081718 0.14824727714848196
0.0763891870816421487 0.14824386709947282
0.0769158986230245312 0.148240409931151756
0.0774462377176508704 0.148236904993199026
0.0779802293491061588 0.148233351626336801
0.0785178986730416667 0.148229749162206076
0.0790592710183597863 0.148226096923242401
0.0796043718884076323 0.148222394222549236
0.0801532269621781923 0.148218640363770082
0.0807058620955201644 0.148214834640958637
0.0812623033223557611 0.148210976338447292
0.0818225768559074779 0.14820706473071385
0.0823867090899328414 0.14820309908224627
0.0829547265999674849 0.148199078647405752
0.0835266561445775768 0.148195002670287818
0.0841025246666201598 0.148190870384581785
0.0846823592945121079 0.148186681013427746
0.0852661873435086731 0.14818243376927237
0.0858540363169899429 0.148178127853722141
0.0864459339077562894 0.148173762457394859
0.0870419079993334371 0.148169336759769094
0.0876419866672856762 0.148164849929031506
0.0882461981805386098 0.1481603011219223
0.0888545710027105889 0.148155689483578545
0.0894671337934540845 0.148151014147374832
0.090083915409805454 0.148146274234762704
0.0907049449075442993 0.148141468855107261
0.0913302515425625377 0.148136597105521545
0.0919598647722425361 0.148131658070699307
0.092593814256844445 0.14812665082274426
0.0932321298609039978 0.148121574420998603
0.0938748416546391906 0.148116427911868132
0.0945219799153664414 0.148111210328645077
0.095173575128927615 0.148105920691329079
0.0958296579911257079 0.148100558006445143
0.0964902594091710947 0.148095121266859642
0.0971554105031371407 0.148089609451593385
0.0978251426074268765 0.148084021525632631
0.0984994872722487064 0.148078356439736825
0.099178476265102497 0.14807261313024464
0.0998621415722766581 0.148066790518876779
0.100550515400354673 0.148060887512536349
0.101243630177732052 0.148054903003106392
0.101941518556144542 0.148048835867244793
0.102644213412205976 0.148042684966176757
0.103351747848956926 0.148036449145483362
0.104064155197424457 0.148030127234888953
0.104781469018192214 0.148023718048044178
0.105503723102981353 0.148017220382306774
0.106230951476242216 0.14801063301851955
0.106963188396757669 0.148003954720784897
0.107700468359256715 0.147997184236236617
0.108442826096039294 0.147990320294808769
0.109190296578612858 0.14798336160900083
0.10994291501933974 0.147976306873640551
0.110700716873095587 0.147969154765642791
0.111463737838940175 0.147961903943765793
0.112232013861798846 0.147954553048363663
0.113005581134155569 0.14794710070113623
0.113784476097758477 0.147939545504874259
0.114568735445336245 0.147931886043202954
0.115358396122326734 0.147924120880320836
0.116153495328617171 0.147916248560735153
0.116954070520297104 0.147908267608994448
0.117760159411422594 0.14790017652941706
0.118571799975792688 0.147891973805815979
0.119389030448738748 0.147883657901220156
0.120211889328925556 0.147875227257592279
0.12104041538016444 0.147866680295542285
0.12187464763324013 0.147858015414037397
0.122714625387749146 0.147849230990108438
0.123560388213950753 0.147840325378551934
0.124411975954631701 0.147831296911628191
0.125269428726982823 0.147822143898755753
0.126132786924489121 0.147812864626201385
0.127002091218832047 0.14780345735676631
0.127877382561806363 0.147793920329467782
0.128758702187248886 0.147784251759216917
0.129646091612980602 0.147774449836492155
0.130539592642763297 0.147764512727007996
0.131439247368268453 0.147754438571379876
0.1323450981710598 0.14774422548478422
0.133257187724590526 0.147733871556614466
0.134175558996213307 0.147723374850131622
0.135100255249204021 0.147712733402111329
0.136031320044800508 0.147701945222485614
0.136968797244254314 0.147691008293979742
0.137912731010897016 0.14767992057174506
0.13886316581222044 0.147668679982985912
0.139820146421971936 0.147657284426582741
0.140783717922263463 0.14764573177270951
0.141753925705694839 0.147634019862446203
0.142730815477492945 0.147622146507386393
0.143714433257664476 0.147610109489239694
0.144704825383163427 0.14759790655942881
0.145702038510074711 0.147585535438681248
0.146706119615811897 0.147572993816616094
0.147717116001329613 0.14756027935132468
0.148735075293352698 0.147547389668946538
0.149760045446619416 0.14753432236323924
0.150792074746140675 0.147521074995142998
0.15183121180947412 0.147507645092339129
0.152877505589015389 0.147494030148803218
0.153931005374303709 0.147480227624352256
0.154991760794343375 0.147466234944185925
0.156059821819942712 0.147452049498421778
0.157135238766067581 0.147437668641624609
0.158218062294211231 0.147423089692329506
0.159308343414781839 0.147408309932558906
0.160406133489505026 0.147393326607332981
0.161511484233843067 0.147378136924174452
0.162624447719431964 0.147362738052606412
0.163745076376533932 0.147347127123643479
0.164873422996507563 0.147331301229276873
0.16600954073429422 0.147315257421952894
0.167153483110922957 0.147298992714044147
0.168305304016031443 0.147282504077314469
0.169465057710403988 0.147265788442376561
0.170632798828528887 0.147248842698143118
0.171808582381171498 0.147231663691270581
0.17299246375796537 0.147214248225595923
0.17418449873002248 0.147196593061566017
0.175384743452560027 0.147178694915660047
0.176593254467545507 0.147160550459804279
0.177810088706361086 0.147142156320779538
0.179035303492485059 0.147123509079620851
0.18026895654419256 0.147104605271009936
0.181511105977273934 0.147085441382659526
0.182761810307773526 0.147066013854690203
0.184021128454745719 0.147046319078999094
0.18528911974303014 0.147026353398620829
0.186565843906047329 0.147006113107080061
0.18785136108861214 0.146985594447736262
0.189145731849766685 0.146964793613120065
0.190449017165634116 0.14694370674426091
0.19176127843229071 0.146922329930007339
0.193082577468657562 0.146900659206337131
0.19441297651941386 0.146878690555660274
0.195752538257928488 0.146856419906112479
0.197101325789212772 0.146833843130840025
0.198459402652892636 0.146810956047275676
0.199826832826202894 0.146787754416405763
0.201203680727000567 0.146764233942028061
0.202590011216799148 0.146740390269999993
0.203985889603824994 0.146716218987478747
0.205391381646093468 0.14669171562215047
0.206806553554506278 0.146666875641451339
0.208231471995971557 0.146641694451777937
0.209666204096543907 0.146616167397688957
0.211110817444586013 0.146590289761096032
0.212565380093954009 0.146564056760445593
0.214029960567202332 0.146537463549890473
0.215504627858812414 0.146510505218450965
0.216989451438441838 0.146483176789166225
0.218484501254198382 0.146455473218235183
0.219989847735934468 0.146427389394147039
0.221505561798564538 0.146398920136801336
0.223031714845406848 0.146370060196617247
0.224568378771546506 0.146340804253632245
0.226115625967222067 0.146311146916590196
0.227673529321236606 0.146281082722018119
0.229242162224391061 0.146250606133292188
0.230821598572940767 0.146219711539692515
0.232411912772078011 0.146188393255446858
0.234013179739436195 0.146156645518762673
0.235625474908619625 0.146124462490848039
0.237248874232756257 0.146091838254920919
0.238883454188076993 0.146058766815206964
0.24052929177751764 0.146025242095924879
0.242186464534345863 0.14599125794026091
0.243855050525815104 0.145956808109331038
0.245535128356841298 0.145921886281130314
0.24722677717370542 0.145886486049471215
0.248930076667783134 0.14585060092290919
0.250645107079298379 0.145814224323655761
0.252371949201102785 0.145777349586479144
0.254110684382482854 0.145739969957592586
0.255861394532991338 0.145702078593529877
0.257624162126306677 0.145663668560007814
0.259399070204116899 0.145624732830776371
0.261186202380033261 0.145585264286455296
0.262985642843527989 0.145545255713358024
0.264797476363901108 0.145504699802302379
0.266621788294272966 0.14546358914740784
0.268458664575605244 0.145421916244879518
0.27030819174075138 0.145379673491778882
0.272170456918529979 0.145336853184780623
0.274045547837830916 0.145293447518916291
0.275933552831749418 0.145249448586303453
0.277834560841744682 0.145204848374862111
0.279748661421830858 0.145159638767016402
0.281675944742797724 0.145113811538382487
0.283616501596455295 0.145067358356442577
0.285570423399912288 0.14502027077920468
0.287537802199884562 0.144972540253848092
0.289518730677027436 0.144924158115354584
0.291513302150305964 0.144875115585125419
0.293521610581387371 0.144825403769583444
0.295543750579069231 0.144775013658761192
0.29757981740373779 0.14472393612487422
0.299629906971852211 0.144672161920879477
0.30169411586046524 0.144619681679019452
0.303772541311773614 0.1445664859093512
0.305865281237696574 0.144512564998260762
0.307972434224489444 0.144457909206962332
0.310094099537389922 0.144402508669983248
0.312230377125290615 0.144346353393632998
0.314381367625449659 0.144289433254458199
0.316547172368232765 0.144231737997681603
0.318727893381883898 0.144173257235626906
0.320923633397333041 0.144113980446127887
0.32313449585303744 0.144053896970922524
0.325360584899851202 0.143992996014031871
0.327602005405933427 0.14393126664012415
0.329858862961689925 0.143868697772863263
0.332131263884744121 0.143805278193242236
0.334419315224947167 0.143740996537901622
0.33672312476942301 0.143675841297432549
0.339042801047642117 0.143609800814664901
0.341378453336536214 0.143542863282940025
0.343730191665647944 0.14347501674436855
0.346098126822309948 0.143406249088073062
0.348482370356868743 0.14333654804841589
0.350883034587935461 0.143265901203211893
0.35330023260767901 0.143194295971926011
0.355734078287155253 0.143121719613856418
0.358184686281667997 0.143048159226302901
0.36065217203617167 0.142973601742720086
0.363136651790712195 0.142898033930856372
0.365638242585898554 0.142821442390878683
0.368157062268418822 0.142743813553482146
0.370693229496593168 0.14266513367798625
0.3732468637459605 0.142585388850416134
0.375818085314908235 0.142504564981570853
0.378407015330341379 0.142422647805076658
0.381013775753384965 0.142339622875427702
0.383638489385131343 0.142255475566012646
0.386281279872427163 0.142170191067128027
0.38894227171369411 0.1420837543839788
0.391621590264796149 0.141996150334665977
0.394319361744946639 0.141907363548161441
0.397035713242650357 0.141817378462270494
0.399770772721692647 0.14172617932158238
0.402524669027169602 0.141633750175408885
0.405297531891553431 0.141540074875711519
0.408089491940806348 0.141445137075017296
0.410900680700536425 0.141348920224323688
0.413731230602188138 0.141251407570993304
0.416581274989287154 0.141152582156637729
0.419450948123716971 0.141052426814992582
0.422340385192045586 0.140950924169782027
0.425249722311896672 0.140848056632575352
0.428179096538356896 0.140743806400634441
0.431128645870435423 0.140638155454753333
0.434098509257566212 0.140531085557090318
0.437088826606149894 0.140422578248993069
0.440099738786146555 0.140312614848817047
0.443131387637714425 0.140201176449738063
0.446183915977886703 0.140088243917559918
0.449257467607302674 0.139973797888516577
0.452352187316983179 0.139857818767070957
0.455468220895147935 0.139740286723710111
0.458605715134085046 0.139621181692737462
0.461764817837068742 0.139500483370063572
0.464945677825317816 0.139378171210995438
0.468148444945007958 0.139254224428025597
0.471373270074334272 0.139128621988621193
0.474620305130613207 0.139001342613015416
0.477889703077442107 0.138872364771999823
0.481181617931907668 0.13874166668472121
0.484496204771835859 0.138609226316481593
0.48783361974310091 0.138475021376543939
0.491194020066982762 0.138339029315943995
0.494577564047568308 0.138201227325309567
0.49798441107921515 0.138061592332687749
0.501414721654055096 0.137920101001383077
0.50486865736955655 0.137776729727805275
0.508346380936140485 0.137631454639329853
0.51184805618483975 0.137484251592172507
0.515373848075020069 0.137335096169278054
0.51892392270215304 0.137183963678225523
0.522498447305636327 0.137030829149152156
0.526097590276673244 0.136875667332695655
0.529721521166210185 0.136718452697958043
0.533370410692916685 0.136559159430492544
0.537044430751231205 0.136397761430314318
0.540743754419462208 0.136234232309937392
0.544468555967935086 0.136068545392440537
0.548219010867204815 0.135900673709562103
0.55199529579632578 0.13573058999982765
0.555797588651168128 0.135558266706711061
0.559626068552801947 0.135383675976832624
0.563480915855937514 0.135206789658194382
0.567362312157416504 0.135027579298457795
0.571270440304769367 0.134846016143263026
0.575205484404831768 0.134662071134594469
0.579167629832412101 0.13447571490919466
0.583157063239026829 0.134286917797028255
0.587173972561697122 0.134095649819799906
0.591218547031794328 0.133901880689528407
0.595290977183962955 0.133705579807179925
0.599391454865089712 0.133506716261363373
0.603520173243343616 0.133305258827091488
0.607677326817279595 0.133101175964609769
0.611863111424994277 0.132894435818298157
0.616077724253355052 0.132685006215647355
0.620321363847292639 0.132472854666314366
0.62459423011914772 0.132257948361260758
0.628896524358091402 0.132040254171976679
0.633228449239611968 0.131819738649795765
0.637590208835054795 0.131596368025304472
0.641982008621240219 0.131370108207849584
0.646404055490146012 0.131140924785148327
0.650856557758647369 0.13090878302300718
0.655339725178333832 0.130673647865151066
0.659853768945393715 0.13043548393317006
0.664398901710556489 0.130194255526588365
0.66897533758911365 0.129949926623058931
0.67358329217100954 0.12970246087869064
0.678222982530989671 0.129451821628513264
0.682894627238831209 0.129197971887085178
0.68759844636964218 0.128940874349249557
0.692334661514222738 0.128680491391046314
0.697103495789506811 0.12841678507078419
0.701905173849076691 0.128149717130280172
0.706739921893738021 0.127879248996273703
0.711607967682185261 0.127605341782020376
0.716509540541722445 0.127327956289073979
0.721444871379070429 0.127047053009263389
0.726414192691248073 0.126762592126871187
0.731417738576518039 0.126474533521022725
0.736455744745417307 0.126182836768293005
0.741528448531866502 0.125887461145539031
0.746636088904341633 0.12558836563296738
0.751778906477136077 0.125285508917444166
0.756957143521699294 0.124978849396057121
0.762171043978041696 0.124668345179939646
0.76742085346623079 0.124353954098364472
0.772706819297966363 0.124035633703118695
0.778029190488221722 0.123713341273169394
0.783388217766979644 0.12338703381963026
0.788784153591048032 0.12305666809103967
0.794217252155943187 0.122722200578962728
0.799687769407870896 0.122383587523926668
0.805195963055786113 0.122040784921702561
0.810742092583526031 0.121693748529945994
0.816326419262037195 0.121342433875207892
0.821949206161689205 0.120986796260328489
0.827610718164658143 0.120626790772229972
0.833311221977408922 0.120262372290118019
0.839050986143264899 0.119893495494108604
0.844830281055047094 0.11952011487429505
0.850649378967824998 0.119142184740267415
0.856508554011731094 0.11875965923110382
0.862408082204879078 0.118372492325845777
0.868348241466372017 0.117980637854475601
0.874329311629384986 0.117584049509414132
0.880351574454352304 0.117182680857552957
0.886415313642245795 0.116776485352841367
0.89252081484793 0.116365416349446901
0.898668365693624072 0.115949427115506459
0.904858255782455267 0.115528470847488407
0.911090776712093486 0.115102500685187598
0.917366222088491168 0.114671469727371106
0.923684887539721333 0.114235331048097785
0.9300470707298929 0.113794037713734517
0.936453071373179347 0.113347542800689371
0.942903191247942196 0.112895799413886902
0.949397734210937538 0.112438760706009999
0.955937006211635243 0.111976379897531564
0.962521315306637537 0.111508610297561539
0.969150971674179962 0.111035405325538447
0.975826287628749123 0.110556718533788276
0.982547577635800917 0.110072503630981394
0.98931515832656336 0.109582714506516229
0.996129348512958868 0.109087305255857553
1.00299046920262747 0.108586230206860729
1.00989884361403748 0.108079443947114343
1.016854797191725 0.107566901352331004
1.02385865762161421 0.10704855761582234
1.03091075484645822 0.106524368279089746
1.03801142108138866 0.105994289263567562
1.04516099082955427 0.10545827690355547
1.05235980089788472 0.104916287980375583
1.05960819041296261 0.104368279757793517
1.06690650083698868 0.103814210018744052
1.07425507598387227 0.103254037103400226
1.08165426203543413 0.102687719948628062
1.08910440755770344 0.102115218128872129
1.09660586351734346 0.101536491898513118
1.10415898329819151 0.100951502235744769
1.11176412271789449 0.100360210888018261
1.11942164004467637 0.0997625804190999388
1.1271318960142227 0.0991585742577931195
1.13489525384666146 0.0985481567483771081
1.1427120792636809 0.0979312932028128247
1.15058274050576292 0.0973079499547714472
1.1585076083495196 0.0966780944155420652
1.16648705612516523 0.0960416951318746187
1.17452145973411026 0.0953987218458170333
1.18261119766665646 0.0947491455566101121
1.1907566510198333 0.0940929385846993316
1.19895820351535809 0.0934300746379291697
1.20721624151769702 0.0927605288799886046
1.21553115405228396 0.0920842780011714296
1.2239033328238309 0.091401300291526516
1.23233317223478811 0.0907115757164665554
1.24082106940393033 0.0900150859949103016
1.24936742418505098 0.0893118146800380291
1.25797263918580571 0.0886017472427335778
1.26663711978668481 0.0878848711577975977
1.2753612741600977 0.0871611759930154828
1.28414551328960691 0.0864306535011631349
1.29299025098929765 0.0856932977150399178
1.30189590392325605 0.0849491050456220309
1.31086289162520631 0.0841980743834249701
1.31989163651828068 0.08344020720317398
1.32898256393490533 0.0826755076718824339
1.33813610213684386 0.0819039827604363668
1.34735268233538008 0.0811256423587913139
1.35663273871161705 0.080340499394891185
1.36597670843693786 0.0795485699574159516
1.37538503169360782 0.0787498734224738595
1.38485815169549564 0.0779444325843568209
1.39439651470896098 0.0771322737904762135
1.40400057007388401 0.0763134270806046788
1.4136707702248188 0.0754879263305528875
1.42340757071231394 0.0746558094004091816
1.43321143022438102 0.0738171182874785003
1.44308281060808552 0.0729718992840613506
1.45302217689132229 0.0721202031402108645
1.46302999730470673 0.0712620852316198511
1.47310674330363889 0.0703976057327850985
1.48325288959052193 0.0695268297956048442
1.49346891413710736 0.0686498277335723245
1.5037552982070217 0.067766675211724664
1.51411252637844407 0.0668774534425192746
1.52454108656692022 0.0659822493878123029
1.53504147004835301 0.065081155967115209
1.54561417148215696 0.0641742722723138148
1.55625968893454147 0.0632617037890428058
1.56697852390198511 0.0623435626249043418
1.57777118133486671 0.0614199677447342662
1.58863816966123794 0.0604910452131225893
1.599580000810781 0.0595569284443970073
1.61059719023893511 0.0586177584602876056
1.62169025695116265 0.0576736841555001226
1.63285972352740405 0.0567248625714230487
1.64410611614670854 0.0557714591782070973
1.65542996461200076 0.0548136481654638713
1.6668318023750508 0.053851612741828099
1.67831216656161164 0.0528855454436449671
1.68987159799670472 0.0519156484530479967
1.70151064123010665 0.0509421339256965686
1.71322984456201199 0.0499652243284543982
1.7250297600688409 0.0489851527873006176
1.73691094362927045 0.0480021634457623997
1.74887395495040243 0.0470165118341816096
1.76091935759413643 0.0460284652501230657
1.77304771900373059 0.0450383031502477604
1.7852596105305123 0.0440463175539861571
1.79755560746080478 0.0430528134593460496
1.80993628904303661 0.042058109271209107
1.82240223851501071 0.041062537242477444
1.83495404313138932 0.0400664439284366472
1.84759229419136894 0.0390701906547184091
1.86031758706651473 0.0380741539992567324
1.87313052122882051 0.0370787262886356495
1.88603170027895439 0.0360843161092456177
1.89902173197467894 0.0350913488336757201
1.91210122825948781 0.0341002671627763723
1.92527080529144534 0.0331115316838437659
1.93853108347219338 0.0321256214453925354
1.95188268747618587 0.0311430345489875741
1.96532624628012798 0.0301642887586269365
1.97886239319258661 0.0291899221281818992
1.99249176588383281 0.0282204936474068357
2.00621500641589323 0.0272565839070538461
2.02003276127277731 0.0262987957836411518
2.03394568139093934 0.0253477551444342419
2.04795442218995793 0.0244041115732198111
2.06205964360338356 0.0234685391174707138
2.07626201010985856 0.0225417370575067624
2.09056219076439209 0.021624430698288389
2.10496085922989185 0.0207173721844830655
2.11945869380890795 0.0198213413394727721
2.13405637747556742 0.0189371465289874183
2.14875459790775691 0.0180656255500636735
2.16355404751953095 0.0172076465460535809
2.17845542349370769 0.0163641089484286295
2.19345942781472392 0.0155359444461387348
2.20856676730171486 0.0147241179833144196
2.2237781536417911 0.013929628786121126
2.23909430342357307 0.0131535114195930822
2.25451593817096496 0.0123968368753015392
2.27004378437711551 0.0116607136907381902
2.28567857353866044 0.0109462891013115422
2.30142104219018861 0.0102547502258872603
2.31727193193891834 0.00958732528682712873
2.3332319894996445 0.00894528486550497624
2.34930196672992908 0.00832994319430950883
2.36548262066549286 0.00774265948617246756
2.38177471355589265 0.00718483930268504559
2.39817901290044277 0.00665793596190018475
2.41469629148434395 0.00616345198694908704
2.4313273274151026 0.00570231796749706612
2.44807290415919843 0.00527304791306896798
2.46493381057896288 0.00487364329425006571
2.48191084096977521 0.0045022161521281719
2.49900479509745121 0.00415698399587980869
2.5162164782359322 0.00383626486918370703
2.53354670120523284 0.00353847258425200786
2.55099628040961113 0.00326211212193586045
2.56856603787604332 0.00300577519605575326
2.58625680129295965 0.00276813597982819093
2.6040694040492105 0.00254794699200697845
2.62200468527333941 0.00234403514012838194
2.64006348987312522 0.00215529791804498728
2.65824666857535963 0.00198069975475071011
2.67655507796593595 0.00181926851133873001
2.69498958053021731 0.00167009212279425998
2.71355104469363706 0.00153231538120354466
2.73224034486262513 0.00140513685685829891
2.75105836146581328 0.00128780595365031447
2.77000598099548245 0.00117962009508283542
2.78908409604933905 0.00107992203717231349
2.80829360537257955 0.000988097304476032558
2.82763541390019668 0.00090357174545617632
2.84711043279962883 0.000825809203378534765
2.86671957951369549 0.000754309298943484541
2.8864637778037876 0.000688605320856991161
2.90634395779340204 0.000628262220569320387
2.92636105601196883 0.000572874707438389354
2.94651601543894071 0.000522065440612129081
2.96680978554825137 0.000475483313969188228
2.98724332235300905 0.000432801830509294385
3.00781758845055025 0.000393717562642512359
3.02853355306780125 0.000357948694890231371
3.04939219210690604 0.000325233645579109886
3.07039448819121263 0.00029532976418185315
3.0915414307115836 0.000268012101035137919
3.11283401587297037 0.000243072246244601444
3.13427324674135965 0.000220317234669060183
3.15586013329104409 0.000199568513960673592
3.17759569245216467 0.000180660972724059634
3.19948094815863815 0.000163442025945018105
3.22151693139640605 0.000147770754928204696
3.24370468025197134 0.000133517099072392938
3.26604523996131801 0.00012056109690154839
3.28853966295916722 0.000108792173859570551
3.31118900892852341 9.8108474465876354e-05
3.33399434485060953 8.84162365177931726e-05
3.35695674505515118 7.96292051137646159e-05
3.38007729127094736 7.16680843584255512e-05
3.4033570726768545 6.44600246964689667e-05
3.4267971859531059 5.79381439067758864e-05
3.45039873533294417 5.20410798713124095e-05
3.47416283265465609 4.67125733147008649e-05
3.49809059741397022 4.19010787900298093e-05
3.52218315681675032 3.75594022642661518e-05
3.54644164583214483 3.36443637324852849e-05
3.57086720724601214 3.01164833639425515e-05
3.59546099171477529 2.69396897548859326e-05
3.62022415781964479 2.40810489323841747e-05
3.64515787212116038 2.15105128211807085e-05
3.6702633092141661 1.92006859507826854e-05
3.69554165178316163 1.71266092427812565e-05
3.72099409065798081 1.52655597796854588e-05
3.74662182486990636 1.35968655147834566e-05
3.77242606170817796 1.21017339390836581e-05
3.79840801677682238 1.07630937757001349e-05
3.82456891405194277 9.56544882387304332e-06
3.85090998593939648 8.49474312481948437e-06
3.87743247333281227 7.53823666932468554e-06
3.90413762567206657 6.68439091266074496e-06
3.93102670100216622 5.92276340605026028e-06
3.95810096603246819 5.24391089552216968e-06
3.98536169619637626 4.63930027868439939e-06
4.01281017571144627 4.10122684771276837e-06
4.04044769763983957 3.6227392827784356e-06
4.06827556394925782 3.19757089425980679e-06
4.09629508557430455 2.82007664446603571e-06
4.1245075824781896 2.48517551029214276e-06
4.15291438371494248 2.18829777728735398e-06
4.18151682749203335 1.92533688310700872e-06
4.21031626123337333 1.69260545429050667e-06
4.23931404164284142 1.48679520482131795e-06
4.26851153476814815 1.30494038803827675e-06
4.29791011606521067 1.14438451523591673e-06
4.32751117046297207 1.00275007477347312e-06
4.35731609242859541 8.77911004762308682e-07
4.38732628603318098 7.67967690475180188e-07
4.41754316501793021 6.71224274572356882e-07
4.44796815286070313 5.86168084121632818e-07
4.47860268284309537 5.11450993253769793e-07
4.50944819811798503 4.45872554192540179e-07
4.54050615177746941 3.88364742378270846e-07
4.57177800692133918 3.37978173513520186e-07
4.60326523672603471 2.93869661645736108e-07
4.63496932451398713 2.5529099790912329e-07
4.66689176382352855 2.21578839319903645e-07
4.69903405847926958 1.92145606097563007e-07
4.73139772266289604 1.66471294409657575e-07
4.76398428098452786 1.44096119247994442e-07
4.79679526855455585 1.24613909376662417e-07
4.82983223105592252 1.07666182982901139e-07
4.8630967248169501 9.29368388441583573e-08
4.89659031688469248 8.01474035313429761e-08
4.93031458509869847 6.90527804300986201e-08
4.96427111816537092 5.94374512083108256e-08
4.99846151573283315 5.11120848169825625e-08
5.03288738846622596 4.39105132095452595e-08
5.06755035812365673 3.7687036726712986e-08
5.10245205763253029 3.23140255439142914e-08
5.13759413116650521 2.76797867385135957e-08
5.17297823422297665 2.3686669425649249e-08
5.20860603370100783 2.02493830544368003e-08
5.24447920797988143 1.72935063692330608e-08
5.28059944699819717 1.47541667411987953e-08
5.31696845233342508 1.25748715799835896e-08
5.35358793728209381 1.07064753594013479e-08
5.39045962694052694 9.10626744887023242e-09
5.42758525828605887 7.73716744759170468e-09
5.46496658025888138 6.56701608346644578e-09
5.50260535384447369 5.56795097524799815e-09
5.54050335215649259 4.71585767524624709e-09
5.5786623605203367 3.98988742106412634e-09
5.61708417655727565 3.37203393769800036e-09
5.65577061026908012 2.84676245447138286e-09
5.69472348412331364 2.40068484266746855e-09
5.73394463313921854 2.02227544672865615e-09
5.7734359049741002 1.70162278127103471e-09
5.81319916001040049 1.43021280415073424e-09
5.85323627144336545 1.2007399581437773e-09
5.89354912536922804 1.00694260571553352e-09
5.93413962087409441 8.43459867675620557e-10
5.97500967012343231 7.05707221646068904e-10
6.01616119845208175 5.89768524241365949e-10
6.05759614445503924 4.9230239534393918e-10
6.09931646007870754 4.10461147207478682e-10
6.14132411071287976 3.41820658381090348e-10
6.18362107528336136 2.84319785390773749e-10
6.22620934634512757 2.36208076255582736e-10
6.26909093017622254 1.96000701533478354e-10
6.31226784687230946 1.62439652749680629e-10
6.35574213044176251 1.3446037662316311e-10
6.39951582890152437 1.11163118158427457e-10
6.44359100437361665 9.17883379276265277e-11
6.48796973318221504 7.56956500986829739e-11
6.53265410595150353 6.23457991966879057e-11
6.57764622770418317 5.12852563213502067e-11
6.62294821796058031 4.21330705713180126e-11
6.66856221083852052 3.45696596320593368e-11
6.71449035515390236 2.83272656591866104e-11
6.76073481452185465 2.31818394403361246e-11
6.8072977674587003 1.89461479761090101e-11
6.85418140748460925 1.54639286452309665e-11
6.90138794322687321 1.26049375098765001e-11
6.94891959852397711 1.02607605170151697e-11
6.99677861253040323 8.3412747534648879e-12
7.04496723982204198 6.77166286386128593e-12
7.0934877505024323 5.48989754948832585e-12
7.14234243030975069 4.44462500337562609e-12
7.19153358072439097 3.59338644263608667e-12
7.24106351907749612 2.90112578344966709e-12
7.29093457866002304 2.33893915268368495e-12
7.3411491088327141 1.88302850552689233e-12
7.39170947513679444 1.51382726328925436e-12
7.4426180594053486 1.21527072447886909e-12
7.49387725987554987 9.74188144490057906e-13
7.54548949130168989 7.79796919912984748e-13
7.59745718506884682 6.23282335555473754e-13
7.64978278930746658 4.97448907925359355e-13
7.70246876900873456 3.96431550859764828e-13
7.7555176061406117 3.15456651596578878e-13
7.80893179976480489 2.50644725971982084e-13
7.86271386615452528 1.9884766033472143e-13
7.91686633891295788 1.57514680367400663e-13
7.97139176909264169 1.24582143620783131e-13
8.02629272531570415 9.83830592987140504e-14
8.08157179389476887 7.75729181075259534e-14
8.13723157895484306 6.10689860480742484e-14
8.19327470255603352 4.80006953646968195e-14
8.24970380481698484 3.76691675704021821e-14
8.30652154403929366 2.95142395777574473e-14
8.36373059683278619 2.30876447401260132e-14
8.42133365824150992 1.80312347792429192e-14
8.479333441870752 1.40593235605204723e-14
8.53773268001491026 1.09443957685686585e-14
8.59653412378610682 8.50555805952192629e-15
8.65574054324390119 6.59922172711093071e-15
8.71535472752569795 5.11159811608883475e-15
8.77537948497815989 3.9526641508422706e-15
8.83581764328957142 3.0513181108899767e-15
8.896672049622941 2.35149743849080271e-15
8.95794557075018716 1.80907280068399478e-15
9.01964109318722329 1.3893674331431514e-15
9.08176152332984898 1.06517928930072215e-15
9.144309787590716 8.15206808173066351e-16
9.20728883253723041 6.22798115879590389e-16
9.27070162503026651 4.74958951226295639e-16
9.33455115236398569 3.61567186859050307e-16
9.39884042240660378 2.74752027361859123e-16
9.4635724637419969 2.08404236283858744e-16
9.52875032581242287 1.57790431622754495e-16
9.59437707906221782 1.19249886918686807e-16
9.66045581508235429 8.99566236270564252e-17
9.7269896467561221 6.77330772807455469e-17
9.79398170840582871 5.09044266971995248e-17
9.8614351559403417 3.81849241092806716e-17
9.92935316700382486 2.85893621920425913e-17
9.99773894112547623 2.13642490644410041e-17
10.0665956998701471 1.59344055592953433e-17
10.1359266869901674 1.18616079990210799e-17
10.2057351685781938 8.81262100103298501e-18
10.2760244332209663 6.53453609679735718e-18
10.3467977921543479 4.83578350319563516e-18
10.4180585794192133 3.57154061594186251e-18
10.4898101520185421 2.63254126894871738e-18
10.5620558900756301 1.93651019158957125e-18
10.6347991969932121 1.4216199229421958e-18
10.7080434996138418 1.04150269887100214e-18
10.7817922483813877 7.61455466672530837e-19
10.8560489175034594 5.55558520045290803e-19
10.9308170051151397 4.04492291919560514e-19
11.0061000334438237 2.93886555416856445e-19
11.0819015489750399 2.13074790824748856e-19
11.1582251226195712 1.54156242090547904e-19
11.2350743498817387 1.1129114606086204e-19
11.312452851028663 8.01722901136269079e-20
11.3903642712608697 5.7629627496866163e-20
11.4688122808840678 4.1335082819197594e-20
11.5478005754819382 2.95826360664629302e-20
11.627332876090275 2.11248446757211746e-20
11.7074129293723637 1.50515859410956472e-20
11.7880445077953286 1.07003141487444414e-20
11.8692314098079343 7.58978924891617705e-21
11.9509774600195815 5.37124764196947527e-21
12.0332865093803481 3.79250538781568645e-21
12.1161624353624706 2.67162845210337104e-21
12.1996091421430712 1.87766426071024822e-21
12.283630560787925 1.31657317274466603e-21
12.3682306494368248 9.20980319009330058e-22
12.4534133934898854 6.42727734396064649e-22
12.5391828057953649 4.47474282752302838e-22
12.6255429268387616 3.10789562858530076e-22
12.7124978249330312 2.15335176750603272e-22
12.8000515964103005 1.48835524369889614e-22
12.888208365814906 1.02620491717164509e-22
12.976972286097574 7.0581389092323015e-23
13.0663475388111081 4.84247772975855411e-23
13.1563383343074616 3.31404980946671289e-23
13.2469489119359451 2.26233541880748824e-23
13.3381835402429889 1.54047290672071191e-23
13.4300465171733077 1.04626748708992807e-23
13.5225421702722457 7.08786482178763169e-24
13.6156748568896848 4.78921722047595364e-24
13.7094489643854036 3.22761990252170476e-24
13.803868910335618 2.16950795560614373e-24
13.8989391427411419 1.45443172735512305e-24
13.9946641402370204 9.72457937268535483e-25
14.0910484123033548 6.48463909817206281e-25
14.18809649947781 4.31251228760753833e-25
14.2858129735695982 2.86020014666256368e-25
14.384202437874686 1.89180332707449088e-25
14.4832695273927445 1.24784575673218249e-25
14.5830189090455562 8.20810706334207785e-26
14.6834552818966966 5.38411177088239493e-26
14.7845833773731101 3.5218087711966962e-26
14.8864079594878103 2.29715233901582389e-26
14.9889338250643984 1.4940931672098167e-26
15.0921658039630966 9.68992298913117238e-27
15.1961087593081388 6.2662804358615815e-27
15.3007675877169227 4.04052307862727507e-27
15.4061472195307854 2.59773572118831171e-27
15.5122526190470893 1.66522620536474328e-27
15.619088784753167 1.06429893367499613e-27
15.7266607495618835 6.78199241660703799e-28
15.8349735810485619 4.30869105673060876e-28
15.9440323816897767 2.72909611307830201e-28
16.0538422891038373 1.72333100312928255e-28
16.1644084762926283 1.08489042700648061e-28
16.2757361518853862 6.80865307125094758e-29
16.3878305603841667 4.25976332219460923e-29
16.5006969824107195 2.65674203735430354e-29
16.6143407349553698 1.6517473242491481e-29
16.7287671716275312 1.02366706378709696e-29
16.8439816829077778 6.32390393086708704e-30
16.9599896964018555 3.89415888878802549e-30
17.0767966770964428 2.39020048220915242e-30
17.1944081276164518 1.46230367324097013e-30
17.3128295884843055 8.91689482879547195e-31
17.432066638381059 5.41941906498790913e-31
17.5521248944089869 3.28280403499984881e-31
17.673010012356432 1.98189372564801022e-31
17.7947276869640341 1.19247401740477727e-31
17.917283652193106 7.15056819836483516e-32
18.0406836814958247 4.27311995027910717e-32
18.1649335880870346 2.54479196102563716e-32
18.2900392252181909 1.51026044643741717e-32
18.4160064864532096 8.93168503508342725e-33
18.5428413059458848 5.26364376269992226e-33
18.6705496587195654 3.09101130939999305e-33
18.7991375609487044 1.80869408977252336e-33
18.9286110702420984 1.05455539069207713e-33
19.0589762859283276 6.12636235621469411e-34
19.1902393493432122 3.54612593221525482e-34
19.3224064441189007 2.04509235221409974e-34
19.455483796475292 1.17508158874947317e-34
19.5894776755134323 6.7267982167509871e-35
19.7243943935106429 3.83639166028354324e-35
19.8602403062179995 2.17971862835587424e-35
19.9970218131598187 1.23375696010559476e-35
20.1347453579349569 6.95663347647213866e-36
20.2734174285204354 3.90748681369709275e-36
20.413044557577205 2.18631783795835232e-36
20.5536333227576691 1.21852616658459478e-36
20.6951903470156608 6.76473099606808012e-37
20.8377222989185462 3.74066277450272286e-37
20.9812358929611165 2.06023661970076634e-37
21.125737889882199 1.13017122558388729e-37
21.2712350969828776 6.17473021061957251e-38
21.4177343684473023 3.35989914110728855e-38
21.5652426056656772 1.8207773328560609e-38
21.7137667575591564 9.82646981680778221e-39
21.8633138209073223 5.28124093175494613e-39
22.0138908406778881 2.82656980757474224e-39
22.1655049103583686 1.5064521184798883e-39
22.318163172290344 7.99486476363312495e-40
22.4718728180060587 4.22488019122196487e-40
22.6266410885669522 2.22306615135116554e-40
22.7824752749049075 1.16469503521699428e-40
22.9393827181658345 6.07548510023228527e-41
23.0973708100552635 3.15533556168388716e-41
23.2564469931866675 1.6315217504463302e-41
23.4166187614322112 8.39865388563069802e-42
23.5778936602755174 4.30410329186414406e-42
23.7402792871672794 2.19582873160830701e-42
23.9037832918832329 1.11517626244618175e-42
24.0684133768843473 5.63772970030045138e-43
24.23417729767975 2.83704981685405564e-43
24.4010828631922259 1.42107789457737501e-43
24.5691379361258448 7.08505243251031844e-44
24.7383504333364499 3.51583565247884364e-44
24.9087283262047912 1.73644240775186669e-44
25.0802796410117033 8.53540951265731433e-45
25.2530124593165901 4.17547817522742324e-45
25.4269349183377997 2.03278557606064824e-45
25.6020552113361219 9.84840602037301297e-46
25.7783815880008724 4.74804437819077807e-46
25.9559223548382683 2.2778408274671269e-46
26.1346858755628659 1.08736908941664686e-46
26.3146805714917029 5.16488583662851385e-47
26.4959149219407522 2.44095417092377677e-47
26.6783974646244815 1.14777985928838298e-47
26.8621367960582234 5.3696065297084382e-48
27.0471415719628503 2.49917071969111372e-48
27.2334205076726761 1.15718710444509742e-48
27.4209823785461708 5.33027900263294648e-49
27.6098360203790634 2.44241456501889252e-49
27.7999903298207371 1.11325891516624694e-49
27.9914542647934752 5.04736268587771775e-50
28.1842368449141851 2.2761895917287702e-50
28.378347151919403 1.02096743678616127e-50
28.5737943300933281 0
28.7705875866982552 0
28.968736192408489 0
29.1682494817472282 0
29.3691368535259727 0
29.5714077712874648 0
29.7750717637516615 0
29.9801384252642364 0
30.1866174162489962 0
30.3945184636625996 0
30.6038513614529109 0
30.8146259710205896 0
31.0268522216832814 0
31.2405401111435701 0
31.4556997059601002 0
31.6723411420214731 0
31.8904746250239022 0
32.1101104309521617 0
32.331258906563356 0
32.5539304698744516 0
32.7781356106533011 0
33.0038848909123956 0
33.2311889454066574 0
33.4600584821345635 0
33.6905042828422339 0
33.9225372035315544 0
34.1561681749717394 0
34.3914082032139135 0
34.6282683701097724 0
34.8667598338338252 0
35.1068938294086763 0
35.3486816692344377 0
35.5921347436219051 0
35.8372645213286205 0
36.0840825500997013 0
36.3326004572114059 0
36.5828299500190113 0
36.8347828165086071 0
37.0884709258519436 0
37.3439062289658281 0
37.6011007590752868 0
37.8600666322800379 0
38.1208160481254694 0
38.3833612901775467 0
38.6477147266010661 0
38.9138888107425203 0
39.1818960817169426 0
39.4517491649982048 0
39.7234607730140041 0
39.9970437057449217 0
40.2725108513270129 0
40.5498751866591363 0
40.8291497780145107 0
41.1103477816558183 0
41.3934824444552021 0
41.6785671045184927 0
41.9656151918131499 0
42.2546402288011436 0
42.5456558310761892 0
42.8386757080046365 0
43.1337136633719211 0
43.4307835960322919 0
43.7298995005638176 0
44.0310754679278489 0
44.3343256861324093 0
44.6396644409007664 0
44.9471061163446635 0
45.2566651956414816 0
45.5683562617167226 0
45.8821939979312745 0
46.1981931887725921 0
46.516368720551462 0
46.8367355821035289 0
47.1593088654948431 0
47.484103766733142 0
47.8111355864839567 0
48.1404197307908532 0
48.4719717118015012 0
48.8058071484986371 0
49.1419417674354122 0
49.4803914034764247 0
49.8211720005439958 0
50.1642996123687155 0
50.5097904032459937 0
50.8576606487977827 0
51.2079267367387203 0
51.5606051676488093 0
51.9157125557501118 0
52.2732656296897318 0
52.6332812333280629 0
52.9957763265318818 0
53.3607679859734247 0
53.7282734059352194 0
54.0983098991195135 0
54.470894897464099 0
54.8460459529638271 0
55.2237807384968988 0
55.6041170486576206 0
55.9870728005950795 0
56.3726660348565645 0
56.7609149162376951 0
57.1518377346384838 0
57.545452905924364 0
57.9417789727939621 0
58.3408346056530149 0
58.7426386034932406 0
59.1472098947782712 0
59.5545675383356112 0
59.9647307242539114 0
60.3777187747872759 0
60.7935511452658019 0
61.2122474250113839 0
61.6338273382614048 0
62.058310745097117 0
62.4857176423795977 0
62.9160681646920921 0
63.3493825852878345 0
63.7856813170454657 0
64.2249849134310011 0
64.6673140694653341 0
65.112689622699591 0
65.561132554197016 0
66.0126639895207177 0
66.4673051997291964 0
66.9250776023787637 0
67.3860027625317883 0
67.8501023937729144 0
68.317398359232385 0
68.7879126726151924 0
69.2616674992385555 0
69.7386851570763753 0
70.2189881178099853 0
70.7025990078869739 0
71.1895406095876382 0
71.6798358620973488 0
72.1735078625876127 0
72.6705798673044967 0
73.1710752926633887 0
73.6750177163530395 0
74.1824308784454445 0
74.6933386825145362 0
75.2077651967627219 0
75.7257346551538717 0
76.2472714585552893 0
76.772400175887725 0
77.3011455452818979 0
77.833532475244283 0
78.3695860458309852 0
78.9093315098283199 0
79.4527942939429579 0
80.0000000000000284 0
