0 1.72647064855723544e-19
6.06032705815538833e-07 1.72964537181942317e-14
1.21623926341752214e-06 6.96631299397492981e-14
1.83064841884324287e-06 1.57824649671238304e-13
2.44928911610884448e-06 2.82517301621446715e-13
3.07219049857294372e-06 4.44489214848437155e-13
3.69938191030944096e-06 6.44500533871238258e-13
4.33089289749001563e-06 8.83323596280854778e-13
4.96675320977584959e-06 1.1617431128855387e-12
5.60699280171921344e-06 1.48055635042607639e-12
6.2516418341745535e-06 1.84057331689702718e-12
6.9007306757192998e-06 2.24261694951052541e-12
7.55428990408453605e-06 2.68752330533977491e-12
8.21235030759542157e-06 3.17614175467975173e-12
8.87494288662167165e-06 3.70933517716336656e-12
9.54209885503785841e-06 4.28798016067154933e-12
1.02138496416938897e-05 4.91296720307664438e-12
1.08902268918955923e-05 5.58520091685875169e-12
1.15712624688954945e-05 6.30560023663534246e-12
1.22569884553938321e-05 7.07509862964492774e-12
1.29474371550498963e-05 7.89464430922626959e-12
1.36426410940038852e-05 8.76520045133519321e-12
1.43426330224091502e-05 9.68774541414147325e-12
1.50474459159749484e-05 1.06632729607488867e-11
1.57571129775199836e-05 1.1692792485082562e-11
1.6471667638536475e-05 1.27773292409875518e-11
1.71911435607651012e-05 1.39179245745839834e-11
1.79155746377807461e-05 1.51156361599242268e-11
1.86449949965892167e-05 1.63715382379985061e-11
1.93794389992348475e-05 1.76867218591355138e-11
2.01189412444193803e-05 1.90622951288462857e-11
2.08635365691316825e-05 2.04993834571584677e-11
2.16132600502890601e-05 2.19991298114912351e-11
2.23681470063895613e-05 2.35626949731190847e-11
2.31282329991758066e-05 2.51912577972757208e-11
2.38935538353103052e-05 2.68860154769486873e-11
2.46641455680622188e-05 2.86481838104161921e-11
2.54400444990057684e-05 3.04789974725788406e-11
2.62212871797304306e-05 3.23797102901393541e-11
2.70079104135627354e-05 3.43515955206838416e-11
2.77999512573000787e-05 3.63959461357195273e-11
2.85974470229564464e-05 3.85140751077244466e-11
2.94004352795200489e-05 4.07073157012644738e-11
3.02089538547232404e-05 4.29770217682357439e-11
3.10230408368244998e-05 4.53245680472891905e-11
3.18427345764026466e-05 4.77513504674959871e-11
3.26680736881636231e-05 5.025878645631381e-11
3.34990970527595047e-05 5.28483152519131512e-11
3.43358438186200894e-05 5.55213982199250283e-11
3.51783534037971739e-05 5.82795191746723743e-11
3.60266654978215134e-05 6.11241847049472057e-11
3.68808200635724407e-05 6.40569245043970609e-11
3.77408573391605967e-05 6.70792917065861324e-11
3.86068178398234273e-05 7.0192863224795014e-11
3.94787423598337315e-05 7.33992400966261345e-11
4.03566719744216068e-05 7.67000478334828229e-11
4.1240648041709255e-05 8.00969367749876633e-11
4.213071220465949e-05 8.35915824484127112e-11
4.30269063930372968e-05 8.71856859331874611e-11
4.39292728253852684e-05 9.08809742305598653e-11
4.48378540110123302e-05 9.46792006384785683e-11
4.57526927519963771e-05 9.8582145131772044e-11
4.66738321452005777e-05 1.02591614747697027e-10
4.7601315584303658e-05 1.06709443976932067e-10
4.85351867618440832e-05 1.10937495160091943e-10
4.94754896712783481e-05 1.15277658889839848e-10
5.04222686090535172e-05 1.19731854418676414e-10
5.1375568176693867e-05 1.24302030072483222e-10
5.23354332829021034e-05 1.28990163669903498e-10
5.33019091456749184e-05 1.33798262947638722e-10
5.42750412944331418e-05 1.38728365991746413e-10
5.52548755721665513e-05 1.43782541675020513e-10
5.62414581375935552e-05 1.48962890100541758e-10
5.72348354673355805e-05 1.54271543051481466e-10
5.82350543581065447e-05 1.59710664447248187e-10
5.92421619289174722e-05 1.6528245080606515e-10
6.02562056232960734e-05 1.7098913171406699e-10
6.12772332115218743e-05 1.76832970301009261e-10
6.23052927928765128e-05 1.82816263722680136e-10
6.33404327979097205e-05 1.88941343650110585e-10
6.43827019907207421e-05 1.95210576765675042e-10
6.54321494712555696e-05 2.01626365266181675e-10
6.64888246776200746e-05 2.08191147373047758e-10
6.75527773884087928e-05 2.14907397849658393e-10
6.86240577250501078e-05 2.21777628526012252e-10
6.97027161541672772e-05 2.28804388830751449e-10
7.07888034899559258e-05 2.35990266330681492e-10
7.18823708965777604e-05 2.43337887277885419e-10
7.2983469890570995e-05 2.50849917164537794e-10
7.40921523432769855e-05 2.5852906128552365e-10
7.52084704832841022e-05 2.6637806530897701e-10
7.63324768988879747e-05 2.74399715854841921e-10
7.74642245405688257e-05 2.82596841081573829e-10
7.86037667234860309e-05 2.90972311281092284e-10
7.97511571299896728e-05 2.99529039482100422e-10
8.09064498121494022e-05 3.08269982061886618e-10
8.20696991943008084e-05 3.1719813936672907e-10
8.32409600756093274e-05 3.2631655634102177e-10
8.44202876326515916e-05 3.35628323165241635e-10
8.56077374220149128e-05 3.45136575902884806e-10
8.68033653829143836e-05 3.54844497156491551e-10
8.80072278398281532e-05 3.64755316732890604e-10
8.92193815051506593e-05 3.74872312317788119e-10
9.0439883481864509e-05 3.85198810159836313e-10
9.16687912662303845e-05 3.95738185764307442e-10
9.29061627504955428e-05 4.06493864596511131e-10
9.41520562256211666e-05 4.17469322795090312e-10
9.54065303840284591e-05 4.2866808789533504e-10
9.66696443223632643e-05 4.40093739562645664e-10
9.79414575442803798e-05 4.51749910336299407e-10
9.92220299632464765e-05 4.63640286383653022e-10
0.000100511421905362576 4.75768608264932224e-10
0.000101809694112206027 4.88138671708753832e-10
0.000103116907743691798 5.00754328398530676e-10
0.000104433124380953868 5.13619486769910718e-10
0.000105758406029246032 5.26738112819403697e-10
0.000107092815120862989 5.40114230924349347e-10
0.000108436414518081416 5.53751924674389832e-10
0.000109789267516121331 5.6765533771460213e-10
0.000111151437846127837 5.81828674600454535e-10
0.000112522989678173443 5.9627620166475016e-10
0.000113903987624281033 6.11002247896729566e-10
0.000115294496741467591 6.26011205833492397e-10
0.000116694582534809091 6.41307532463920812e-10
0.000118104310960526147 6.56895750145267046e-10
0.000119523748429091285 6.72780447532592162e-10
0.000120952961808357435 6.88966280521228241e-10
0.000122392018426707998 7.05457973202445475e-10
0.00012384098607622849 7.22260318832510588e-10
0.000125299933015900211 7.39378180815321886e-10
0.000126768927974815944 7.56816493698810132e-10
0.00012824804015541748 7.74580264185293549e-10
0.000129737339236755787 7.92674572155986609e-10
0.000131236895377773513 8.11104571709857507e-10
0.000132746779220610094 8.29875492217029953e-10
0.000134267061893929361 8.48992639386934112e-10
0.000135797815016270782 8.68461396351420933e-10
0.000137339110699422875 8.88287224763027318e-10
0.000138891021551820586 9.08475665908625926e-10
0.000140453620681965641 9.29032341838656577e-10
0.000142026981701870577 9.49962956512162805e-10
0.000143611178730526667 9.71273296957857921e-10
0.000145206286397395374 9.92969234451430091e-10
0.000146812379845924235 1.01505672570933074e-09
0.000148429534737086504 1.03754181409925122e-09
0.000150057827252945823 1.06043063086755276e-09
0.00015169733410024463 1.0837293963838459e-09
0.000153348132514018079 1.10744442140299768e-09
0.000155010300261232322 1.13158210834477667e-09
0.000156683915644447949 1.15614895259139541e-09
0.000158369057505508928 1.18115154380320837e-09
0.000160065805229256381 1.20659656725279047e-09
0.000161774238747268727 1.23249080517768493e-09
0.000163494438541626872 1.25884113815205233e-09
0.000165226485648705692 1.28565454647749872e-09
0.000166970461662991671 1.31293811159334929e-09
0.000168726448740926318 1.34069901750661967e-09
0.000170494529604777091 1.36894455224199678e-09
0.000172274787546533668 1.39768210931205805e-09
0.000174067306431832273 1.42691918920805643e-09
0.000175872170703905939 1.4566634009115167e-09
0.000177689465387563094 1.48692246342697502e-09
0.000179519276093192552 1.51770420733611176e-09
0.000181361689020796745 1.54901657637360562e-09
0.000183216790964052165 1.58086762902499532e-09
0.000185084669314398574 1.61326554014686958e-09
0.000186965412065155499 1.64621860260967532e-09
0.000188859107815667786 1.67973522896347515e-09
0.00019076584577547916 1.71382395312696523e-09
0.000192685715768534696 1.74849343210007179e-09
0.000194618808237412814 1.78375244770048207e-09
0.000196565214247585303 1.81960990832438985e-09
0.000198525025491707799 1.85607485073184689e-09
0.000200498334293938767 1.89315644185702292e-09
0.000202485233614289287 1.93086398064374632e-09
0.000204485817053002097 1.96920689990665919e-09
0.00020650017885496093 2.00819476821834583e-09
0.000208528413914130109 2.04783729182280121e-09
0.000210570617778025227 2.08814431657560999e-09
0.000212626886652214181 2.12912582991118469e-09
0.00021469731740484898 2.17079196283746127e-09
0.000216782007571229558 2.21315299195843223e-09
0.000218881055358397994 2.25621934152487587e-09
0.00022099455964976546 2.30000158551372326e-09
0.000223122620009770083 2.34451044973640726e-09
0.000225265336688567643 2.38975681397663635e-09
0.000227422810626753757 2.43575171415797054e-09
0.000229595143460119516 2.48250634454164815e-09
0.000231782437524439216 2.5300320599550455e-09
0.000233984795860291367 2.57834037805122911e-09
0.000236202322217912399 2.62744298159999542e-09
0.000238435121062084921 2.67735172081088378e-09
0.000240683297577058317 2.72807861568855433e-09
0.000242946957671503962 2.77963585842101012e-09
0.000245226207983504794 2.83203581580112953e-09
0.000247521155885578321 2.88529103168192734e-09
0.000249831909489735206 2.93941422946606723e-09
0.000252158577652572254 2.99441831463006014e-09
0.000254501269980400525 3.05031637728365371e-09
0.000256860096834408253 3.10712169476486452e-09
0.000259235169335860567 3.1648477342712293e-09
0.000261626599371333861 3.22350815552766629e-09
0.000264034499597986638 3.28311681349154445e-09
0.000266458983448866575 3.3436877610954386e-09
0.000268900165138254447 3.40523525202809658e-09
0.000271358159667044586 3.46777374355415813e-09
0.0002738330828281621 3.53131789937314259e-09
0.000276325051212018087 3.59588259251827853e-09
0.000278834182212001774 3.66148290829570642e-09
0.000281360594030011138 3.72813414726463377e-09
0.00028390440568202077 3.79585182825897999e-09
0.000286465737003689051 3.86465169145111733e-09
0.000289044708656002931 3.93454970145828523e-09
0.000291641442130962736 4.00556205049226077e-09
0.000294256059757304746 4.0777051615528756e-09
0.000296888684706264866 4.15099569166604171e-09
0.000299539440997379977 4.22545053516680317e-09
0.000302208453504331301 4.30108682702816653e-09
0.000304895847960826515 4.3779219462362268e-09
0.000307601750966523028 4.45597351921230716e-09
0.000310326289992992005 4.535259423282731e-09
0.000313069593389723121 4.61579779019688801e-09
0.000315831790390171422 4.69760700969430092e-09
0.000318613011117844635 4.78070573312130393e-09
0.000321413386592434111 4.86511287709809322e-09
0.000324233048735985839 4.95084762723678384e-09
0.000327072130379115953 5.03792944191124649e-09
0.000329930765267268046 5.12637805607938504e-09
0.000332809088067013579 5.21621348515860592e-09
0.000335707234372395653 5.30745602895521721e-09
0.000338625340711317399 5.400126275648525e-09
0.000341563544551972819 5.49424510583032032e-09
0.000344521984309323207 5.58983369660061593e-09
0.000347500799351617819 5.68691352572034036e-09
0.000350500130006958441 5.78550637582178977e-09
0.000353520117569911289 5.88563433867770378e-09
0.000356560904308162385 5.98731981952967501e-09
0.000359622633469219985 6.09058554147680623e-09
0.000362705449287162491 6.19545454992537791e-09
0.000365809496989433311 6.30195021710043529e-09
0.000368934922803682442 6.41009624662011692e-09
0.000372081873964654787 6.51991667813359108e-09
0.000375250498721126395 6.63143589202350474e-09
0.00037844094634288802 6.74467861417381867e-09
0.000381653367127777695 6.85966992080396683e-09
0.000384887912408760026 6.97643524337019587e-09
0.000388144734561056447 7.09500037353510999e-09
0.000391423987009322048 7.21539146820624558e-09
0.000394725824234874647 7.33763505464478414e-09
0.000398050401782971421 7.46175803564523575e-09
0.000401397876270136427 7.58778769478713095e-09
0.000404768405391538655 7.71575170175974701e-09
0.000408162147928421031 7.845678117760861e-09
0.000411579263755580498 7.9775954009705331e-09
0.000415019913848899147 8.11153241210097898e-09
0.000418484260292927457 8.24751842002356686e-09
0.00042197246628852055 8.38558310747409389e-09
0.000425484696160525881 8.52575657683728341e-09
0.00042902111536552445 8.66806935601170222e-09
0.000432581890499625398 8.81255240435621814e-09
0.000436167189306313626 8.95923711871902662e-09
0.000439777180684352762 9.10815533955056344e-09
0.000443412034695741196 9.2593393571012465e-09
0.000447071922573723745 9.4128219177054461e-09
0.000450757016730857782 9.56863623015268153e-09
0.000454467490767136142 9.72681597214743672e-09
0.000458203519478164387 9.88739529685861758e-09
0.000461965278863396024 1.00504088395601331e-08
0.00046575294613442254 1.02158917243636095e-08
0.000469566699723322669 1.03838795710447397e-08
0.000473406719291067681 1.05544085019644258e-08
0.000477273185735984545 1.07275151490860269e-08
0.000481166281202278796 1.0903236661090196e-08
0.000485086189088613931 1.10816107105883961e-08
0.000489033094056751908 1.12626755014367718e-08
0.000493007182040252397 1.14464697761514892e-08
0.000497008640253231247 1.16330328234271458e-08
0.000501037657199180026 1.18224044857595281e-08
0.000505094422679846946 1.20146251671743333e-08
0.000509179127804176975 1.22097358410631332e-08
0.000513291964997316026 1.24077780581282478e-08
0.000517433128009674452 1.26087939544378491e-08
0.000521602811926055602 1.28128262595930323e-08
0.0005258012131748454 1.30199183050082069e-08
0.000530028529537265912 1.32301140323065297e-08
0.000534284960156692756 1.34434580018318779e-08
0.000538570705548035837 1.36599954012789864e-08
0.000542885967607186328 1.38797720544434937e-08
0.000547230949620527182 1.41028344300933906e-08
0.000551605856274509673 1.43292296509636688e-08
0.000556010893665295856 1.45590055028758522e-08
0.000560446269308467705 1.47922104439841035e-08
0.000564912192148802825 1.50288936141497194e-08
0.000569408872570117269 1.52691048444457407e-08
0.000573936522405177427 1.55128946667935482e-08
0.000578495354945677501 1.57603143237331049e-08
0.000583085584952289519 1.60114157783290033e-08
0.000587707428664778399 1.62662517242138073e-08
0.000592361103812189655 1.65248755957709406e-08
0.000597046829623107032 1.67873415784588898e-08
0.000601764826835978774 1.70537046192785958e-08
0.000606515317709516535 1.73240204373862377e-08
0.00061129852603316714 1.75983455348532972e-08
0.000616114677137652987 1.78767372075758337e-08
0.00062096399790558855 1.81592535563352849e-08
0.000625846716782167798 1.84459534980126972e-08
0.000630763063785925874 1.87368967769585675e-08
0.000635713270519576022 1.90321439765205288e-08
0.000640697570180918398 1.9331756530730859e-08
0.000645716197573827587 1.96357967361563435e-08
0.000650769389119312228 1.99443277639123714e-08
0.000655857382866653236 2.02574136718438359e-08
0.000660980418504618686 2.05751194168750923e-08
0.000666138737372753932 2.08975108675310905e-08
0.0006713325824727512 2.12246548166323611e-08
0.000676562198479898225 2.15566189941661103e-08
0.000681827831754602451 2.18934720803358252e-08
0.000687129730353999257 2.22352837187919881e-08
0.000692468144043635321 2.25821245300462356e-08
0.000697843324309235682 2.29340661250716409e-08
0.000703255524368551904 2.32911811190917981e-08
0.000708704999183288513 2.36535431455608661e-08
0.000714192005471116936 2.40212268703379468e-08
0.000719716801717766195 2.4394308006057641e-08
0.000725279648189201213 2.47728633267001831e-08
0.000730880806943884267 2.51569706823637488e-08
0.000736520541845118852 2.55467090142413935e-08
0.000742199118573480163 2.59421583698058124e-08
0.000747916804639332973 2.63433999182049547e-08
0.00075367386939542984 2.67505159658705845e-08
0.000759470584049604515 2.71635899723440393e-08
0.000765307221677544278 2.75827065663207676e-08
0.000771184057235655405 2.80079515619177853e-08
0.000777101367574018409 2.84394119751668267e-08
0.000783059431449425894 2.88771760407356319e-08
0.00078905852953851832 2.93213332288818535e-08
0.000795098944451003457 2.97719742626414202e-08
0.000801180960742970717 3.02291911352555944e-08
0.000807304864930297964 3.06930771278397416e-08
0.000813470945502145493 3.11637268272966485e-08
0.000819679492934548889 3.16412361444787152e-08
0.000825930799704102962 3.2125702332601784e-08
0.000832225160301737943 3.26172240059140622e-08
0.000838562871246595538 3.31159011586243316e-08
0.000844944231099994752 3.36218351840921144e-08
0.000851369540479497895 3.4135128894284133e-08
0.000857839102073072973 3.46558865395006681e-08
0.000864353220653351381 3.51842138283749465e-08
0.000870912203091987617 3.57202179481503091e-08
0.000877516358374112564 3.62640075852379648e-08
0.0008841659976128914 3.68156929460601296e-08
0.000890861434064180602 3.73753857781819957e-08
0.000897602983141282309 3.79431993917364575e-08
0.000904390962429804505 3.85192486811460001e-08
0.000911225691702623446 3.91036501471458141e-08
0.000918107492934944528 3.96965219191116833e-08
0.000925036690319473742 4.02979837776980719e-08
0.000932013610281686822 4.09081571777893356e-08
0.000939038581495207783 4.1527165271769305e-08
0.000946111934897294693 4.21551329331138203e-08
0.000953234003704424748 4.27921867803092272e-08
0.000960405123427997319 4.34384552011036453e-08
0.00096762563189013457 4.40940683770931715e-08
0.000974895869239598306 4.4759158308649662e-08
0.000982216177967814696 4.54338588401937281e-08
0.000989586902925006229 4.61183056858177531e-08
0.000997008391336438047 4.6812636455264248e-08
0.00100448099281877758 4.75169906802644731e-08
0.00101200505939655979 4.82315098412412903e-08
0.00101958094551877609 4.89563373943829706e-08
0.00102720900807556762 4.96916187990915209e-08
0.00103488960641503905 5.04375015458115417e-08
0.00104262310236018902 5.11941351842450665e-08
0.0010504098602259523 5.19616713519567447e-08
0.00105825024683636423 5.27402638033760243e-08
0.0010661446315418403 5.35300684392007035e-08
0.0010740933862365752 5.43312433362080761e-08
0.00108209688537606505 5.51439487774795488e-08
0.0010901555059947437 5.59683472830431037e-08
0.00109826962772374649 5.68046036409413615e-08
0.00110643963280879503 5.76528849387295342e-08
0.00111466590612820126 5.85133605954095927e-08
0.00112294883521100314 5.93862023938077705e-08
0.00113128881025521539 6.02715845133994394e-08
0.00113968622414621439 6.11696835635896894e-08
0.00114814147247524717 6.20806786174548397e-08
0.00115665495355806412 6.30047512459507176e-08
0.00116522706845368696 6.39420855525960578e-08
0.00117385822098329791 6.48928682086350626e-08
0.00118254881774926615 6.58572884886881195e-08
0.00119129926815430263 6.68355383068961391e-08
0.00120010998442074391 6.78278122535650136e-08
0.00120898138160997304 6.88343076323185735e-08
0.00121791387764197357 6.98552244977657451e-08
0.00122690789331501458 7.08907656936893886e-08
0.0012359638523254772 7.19411368917646107e-08
0.00124508218128781072 7.30065466308127467e-08
0.00125426330975463214 7.40872063565996397e-08
0.00126350767023696345 7.51833304621852862e-08
0.00127281569822460124 7.62951363288314114e-08
0.00128218783220663862 7.74228443674771521e-08
0.00129162451369211739 7.85666780607878898e-08
0.00130112618723082708 7.9726864005787094e-08
0.00131069330043425076 8.09036319570789971e-08
0.00132032630399664744 8.20972148706691693e-08
0.00133002565171628476 8.3307848948392389e-08
0.00133979180051681918 8.453577368295628e-08
0.0013496252104688172 8.57812319036077831e-08
0.00135952634481143267 8.70444698224333658e-08
0.00136949566997422592 8.83257370812992729e-08
0.00137953365559913732 8.96252867994425222e-08
0.00138964077456261558 9.0943375621721541e-08
0.00139981750299788708 9.22802637675334037e-08
0.0014100643203173932 9.36362150804105098e-08
0.00142038170923536973 9.50114970783025108e-08
0.00143077015579058837 9.64063810045554115e-08
0.00144123014936925519 9.78211418795966606e-08
0.0014517621827280626 9.92560585533355861e-08
0.00146236675201740223 1.00711413758289686e-07
0.00147304435680474174 1.02187494163447083e-07
0.00148379550009815342 1.03684590428873745e-07
0.00149462068837001518 1.05202997261078274e-07
0.00150552043158086587 1.06743013469142114e-07
0.00151649524320343057 1.08304942021627918e-07
0.00152754564024681124 1.098890901042756e-07
0.00153867214328083884 1.11495769178497189e-07
0.00154987527646059989 1.13125295040681974e-07
0.00156115556755112681 1.1477798788232254e-07
0.00157251354795226016 1.16454172350973588e-07
0.00158394975272368468 1.18154177612054659e-07
0.00159546472061013211 1.19878337411508949e-07
0.00160705899406676117 1.21626990139328844e-07
0.00161873311928471581 1.23400478893962669e-07
0.00163048764621684904 1.25199151547611089e-07
0.00164232312860363773 1.27023360812429766e-07
0.00165424012399926199 1.28873464307646715e-07
0.00166623919379787436 1.30749824627610385e-07
0.00167832090326004713 1.32652809410779307e-07
0.00169048582153939731 1.34582791409666629e-07
0.00170273452170940465 1.36540148561754274e-07
0.00171506758079040104 1.38525264061386684e-07
0.00172748557977675781 1.40538526432662431e-07
0.00173998910366425746 1.42580329603333891e-07
0.00175257874147764629 1.44651072979729115e-07
0.00176525508629838583 1.46751161522712625e-07
0.00177801873529259452 1.48881005824697151e-07
0.00179087028973917315 1.5104102218772096e-07
0.00180381035505813815 1.53231632702607577e-07
0.00181683954083913476 1.55453265329219436e-07
0.00182995846087015759 1.57706353977824317e-07
0.00184316773316646758 1.59991338591587664e-07
0.0018564679799997002 1.62308665230206062e-07
0.00186985982792718577 1.64658786154700255e-07
0.00188334390782146101 1.67042159913380127e-07
0.00189692085489999072 1.6945925142900074e-07
0.0019105913087550943 1.7191053208712563e-07
0.00192435591338407084 1.74396479825711367e-07
0.00193821531721954043 1.76917579225933841e-07
0.00195217017315999289 1.7947432160427199e-07
0.00196622113860053967 1.82067205105864654e-07
0.00198036887546388773 1.84696734799161468e-07
0.00199461405023151905 1.87363422771883235e-07
0.00200895733397508719 1.90067788228310058e-07
0.00202339940238803516 1.92810357587918172e-07
0.00203794093581742032 1.95591664585379355e-07
0.00205258261929596982 1.98412250371947173e-07
0.00206732514257434823 2.01272663618245007e-07
0.00208216920015364976 2.04173460618476974e-07
0.00209711549131812256 2.07115205396083394e-07
0.00211216472016810194 2.10098469810855363e-07
0.00212731759565318399 2.13123833667534436e-07
0.0021425748316056259 2.16191884825915871e-07
0.00215793714677396621 2.19303219312472719e-07
0.00217340526485689358 2.22458441433529969e-07
0.00218897991453733103 2.25658163889999994e-07
0.00220466182951676573 2.28903007893709618e-07
0.00222045174854981807 2.32193603285336849e-07
0.00223635041547903422 2.35530588653978e-07
0.00225235857926993572 2.38914611458372737e-07
0.0022684769940462964 2.42346328149803882e-07
0.00228470641912567086 2.45826404296701351e-07
0.00230104761905516745 2.49355514710968682e-07
0.00231750136364745896 2.52934343576058856e-07
0.0023340684280170514 2.5656358457682186e-07
0.00235074959261680032 2.60243941031152027e-07
0.00236754564327467222 2.63976126023453748e-07
0.00238445737123076876 2.67760862539957683e-07
0.00240148557317459641 2.71598883605907861e-07
0.00241863105128259977 2.75490932424648407e-07
0.00243589461325595391 2.79437762518635998e-07
0.00245327707235860676 2.83440137872401077e-07
0.00247077924745560005 2.87498833077492664e-07
0.0024884019630516366 2.91614633479423374e-07
0.00250614604932992589 2.95788335326653464e-07
0.00252401234219129566 3.00020745921633851e-07
0.00254200168329356312 3.04312683773940034e-07
0.00256011492009118775 3.08664978755525507e-07
0.00257835290587519897 3.13078472258126102e-07
0.00259671649981338187 3.17554017352837816e-07
0.0026152065669907648 3.22092478951908897e-07
0.00263382397845036151 3.26694733972767033e-07
0.00265256961123420997 3.31361671504318173e-07
0.00267144434842469082 3.36094192975547963e-07
0.00269044907918612047 3.40893212326453627e-07
0.00270958469880664896 3.45759656181345535e-07
0.00272885210874042631 3.50694464024542852e-07
0.00274825221665007209 3.55698588378504404e-07
0.00276778593644944016 3.60772994984423731e-07
0.00278745418834666072 3.65918662985321664e-07
0.00280725789888749879 3.71136585111674862e-07
0.00282719800099900118 3.76427767869614464e-07
0.00284727543403344007 3.817932317317245e-07
0.00286749114381257492 3.87234011330488432e-07
0.00288784608267219885 3.92751155654404341e-07
0.00290834120950700294 3.98345728246819662e-07
0.00292897748981575971 4.04018807407519728e-07
0.00294975589574678889 4.09771486397097079e-07
0.00297067740614377152 4.15604873644160706e-07
0.0029917430065918493 4.21520092955403184e-07
0.00301295368946405797 4.27518283728580655e-07
0.00303431045396808244 4.33600601168439782e-07
0.00305581430619331898 4.39768216505629026e-07
0.00307746625915827519 4.46022317218645416e-07
0.00309926733285829535 4.52364107258847741e-07
0.00312121855431360265 4.5879480727858661e-07
0.00314332095761769197 4.65315654862492197e-07
0.00316557558398603304 4.71927904761959272e-07
0.00318798348180512631 4.7863282913288066e-07
0.00321054570668189657 4.85431717776672046e-07
0.00323326332149340796 4.92325878384625583e-07
0.00325613739643694803 4.99316636785653578e-07
0.00327916900908043624 5.06405337197455787e-07
0.00330235924441318537 5.13593342481162394e-07
0.00332570919489702131 5.20882034399504687e-07
0.00334921996051774007 5.28272813878555429e-07
0.00337289264883692793 5.35767101273090733e-07
0.00339672837504414451 5.43366336635630489e-07
0.00342072826200944631 5.51071979989192713e-07
0.00344489344033629442 5.58885511603832019e-07
0.00346922504841480758 5.66808432276997887e-07
0.00349372423247539411 5.74842263617776685e-07
0.00351839214664275172 5.82988548335068481e-07
0.003543229952990229 5.91248850529746596e-07
0.00356823882159458148 5.99624755990868521e-07
0.00359341993059107689 6.08117872495976733e-07
0.00361877446622900804 6.16729830115564579e-07
0.00364430362292757345 6.25462281521751391e-07
0.00367000860333213793 6.34316902301226744e-07
0.00369589061837089341 6.43295391272531957e-07
0.00372195088731190789 6.52399470807729959e-07
0.00374819063782055092 6.61630887158521969e-07
0.00377461110601734354 6.70991410786889566e-07
0.00380121353653617737 6.80482836700297704e-07
0.00382799918258294953 6.90106984791547626e-07
0.00385496930599461048 6.99865700183333663e-07
0.0038821251772985909 7.09760853577556451e-07
0.0039094680757726704 7.19794341609489108e-07
0.00393699928950523147 7.29968087206826454e-07
0.00396472011545594052 7.4028403995371669e-07
0.00399263185951685695 7.50744176459826889e-07
0.00402073583657393697 7.61350500734512917e-07
0.00404903337056898224 7.72105044566173622e-07
0.00407752579456202059 7.83009867906855247e-07
0.00410621445079408127 7.94067059262168756e-07
0.00413510069075044909 8.05278736086620437e-07
0.00416418587522431397 8.16647045184398885e-07
0.00419347137438088463 8.28174163115716292e-07
0.00422295856782193939 8.39862296608776153e-07
0.00425264884465080539 8.51713682977434633e-07
0.00428254360353780891 8.63730590544650326e-07
0.00431264425278615575 8.7591531907178968e-07
0.00434295221039828015 8.88270200193877937e-07
0.00437346890414264718 9.00797597860874721e-07
0.00440419577162100544 9.13499908785049939e-07
0.00443513426033611494 9.26379562894563156e-07
0.00446628582775994171 9.39439023793312056e-07
0.00449765194140230428 9.52680789227148913e-07
0.00452923407888002408 9.66107391556553982e-07
0.00456103372798651562 9.79721398235840048e-07
0.00459305238676188925 9.93525412299005975e-07
0.00462529156356351542 1.00752207285230097e-06
0.00465775277713707542 1.02171405557361151e-06
0.00469043755668812658 1.03610407321877037e-06
0.00472334744195411493 1.05069487613485167e-06
0.00475648398327693702 1.06548925278059971e-06
0.00478984874167594742 1.08049003025402975e-06
0.0048234432889215197 1.095700074827364e-06
0.00485726920760908443 1.11112229248935149e-06
0.0048913280912336668 1.12675962949509345e-06
0.00492562154426497839 1.14261507292349897e-06
0.00496015118222298615 1.15869165124243789e-06
0.00499491863175402853 1.17499243488172917e-06
0.00502992553070742091 1.19152053681404472e-06
0.0050651735282126473 1.20827911314388557e-06
0.00510066428475702653 1.22527136370467861e-06
0.00513639947226392918 1.24250053266415238e-06
0.00517238077417156352 1.25996990913810281e-06
0.00520860988551226627 1.27768282781264418e-06
0.00524508851299234323 1.29564266957506763e-06
0.00528181837507249018 1.31385286215345752e-06
0.00531880120204874293 1.33231688076514134e-06
0.00535603873613396762 1.35103824877411707e-06
0.00539353273153996525 1.37002053835760373e-06
0.00543128495456009306 1.3892673711817937e-06
0.00546929718365247834 1.40878241908697973e-06
0.00550757120952378131 1.4285694047821489e-06
0.00554610883521358591 1.44863210254922291e-06
0.00558491187617931716 1.46897433895701712e-06
0.00562398216038175608 1.48959999358509815e-06
0.00566332152837117561 1.51051299975767268e-06
0.00570293183337404214 1.53171734528762678e-06
0.00574281494138029376 1.5532170732308601e-06
0.00578297273123127772 1.57501628265108642e-06
0.00582340709470824738 1.59711912939521092e-06
0.00586411993662146452 1.61952982687943206e-06
0.00590511317489996086 1.64225264688625703e-06
0.00594638874068187558 1.66529192037253365e-06
0.00598794857840542934 1.68865203828867275e-06
0.00602979464590051254 1.7123374524092154e-06
0.00607192891448094223 1.73635267617491429e-06
0.00611435336903731145 1.76070228554645977e-06
0.00615707000813048647 1.78539091987003124e-06
0.00620008084408577628 1.81042328275484784e-06
0.00624338790308772828 1.83580414296286582e-06
0.00628699322527555109 1.86153833531077186e-06
0.00633089886483926331 1.88763076158452413e-06
0.00637510689011644253 1.91408639146650837e-06
0.00641961938368964743 1.94091026347554376e-06
0.00646443844248456145 1.96810748591994321e-06
0.00650956617786874886 1.99568323786372911e-06
0.00655500471575113167 2.02364277010625724e-06
0.0066007561966821178 2.05199140617539507e-06
0.00664682277595447357 2.08073454333447837e-06
0.0066932066237048336 2.10987765360319339e-06
0.00673990992501592636 2.13942628479260119e-06
0.00678693488001953608 2.16938606155452545e-06
0.00683428370400013425 2.19976268644544282e-06
0.00688195862749922064 2.23056194100512347e-06
0.00692996189642043972 2.26178968685022897e-06
0.00697829577213535807 2.2934518667830462e-06
0.00702696253158998242 2.32555450591556241e-06
0.00707596446741205753 2.35810371280916278e-06
0.00712530388801904235 2.39110568063006601e-06
0.00717498311772687709 2.42456668832081025e-06
0.00722500449685944176 2.45849310178791652e-06
0.00727537038185885245 2.49289137510607821e-06
0.00732608314539644895 2.52776805173898289e-06
0.00737714517648454648 2.56312976577704891e-06
0.00742855888058902361 2.59898324319235812e-06
0.00748032667974261184 2.6353353031109332e-06
0.00753245101265898487 2.67219285910264858e-06
0.00758493433484767627 2.70956292048905186e-06
0.00763777911872973603 2.74745259366927402e-06
0.00769098785375418696 2.78586908346431176e-06
0.00774456304651533443 2.82481969447998066e-06
0.00779850722087082737 2.86431183248870961e-06
0.00785282291806056049 2.90435300583051981e-06
0.00790751269682636766 2.94495082683338671e-06
0.00796257913353260252 2.98611301325334519e-06
0.00801802482228747976 3.02784738973449732e-06
0.00807385237506526819 3.07016188928926978e-06
0.00813006442182936766 3.11306455479923473e-06
0.00818666361065619949 3.15656354053668587e-06
0.00824365260785991753 3.20066711370730781e-06
0.00830103409811806109 3.24538365601427323e-06
0.00835881078459800933 3.29072166524399104e-06
0.00841698538908429959 3.3366897568738253e-06
0.00847556065210689109 3.38329666570216103e-06
0.00853453933307023703 3.43055124750100654e-06
0.0085939242103832917 3.47846248069155886e-06
0.00865371808159037109 3.5270394680429525e-06
0.00871392376350298321 3.57629143839463268e-06
0.0087745440923325032 3.62622774840255619e-06
0.00883558192382375915 3.67685788430960029e-06
0.00889704013338960681 3.72819146374059457e-06
0.00895892161624637501 3.78023823752218177e-06
0.00902122928755021321 3.83300809152791434e-06
0.0090839660825344868 3.88651104854901312e-06
0.00914713495664801202 3.94075727019099643e-06
0.00921073888569427096 3.9957570587966436e-06
0.00927478086597163971 4.05152085939566566e-06
0.00933926391441451502 4.10805926168137281e-06
0.00940419106873544193 4.1653830020147959e-06
0.00946956538756819899 4.22350296545657781e-06
0.0095353899506119208 4.28243018782711009e-06
0.00960166785877616599 4.34217585779521454e-06
0.00966840223432696363 4.40275131899578403e-06
0.0097355962210339559 4.46416807217687295e-06
0.00980325298431846889 4.52643777737654395e-06
0.0098713757114026017 4.58957225612987409e-06
0.00993996761145943437 4.65358349370670918e-06
0.0100090319157641675 4.71848364138037292e-06
0.0100785718778463301 4.78428501872787463e-06
0.0101485907736430982 4.85100011596211964e-06
0.0102190919016535778 4.91864159629640004e-06
0.0102900785830942233 4.98722229834177406e-06
0.0103615541620552462 5.05675523853765507e-06
0.0104335220056582124 5.12725361361624632e-06
0.0105059855042146412 5.19873080310112633e-06
0.0105789480713856764 5.2712003718404712e-06
0.0106524131443429659 5.34467607257560237e-06
0.0107263841839305533 5.41917184854507172e-06
0.0108008646748278831 5.49470183612493353e-06
0.0108758581257140143 5.57128036750574131e-06
0.0109513680694328878 5.64892197340668107e-06
0.0110273980631597161 5.72764138582735945e-06
0.0111039516885686265 5.8074535408379336e-06
0.0111810325520013375 5.88837358140787602e-06
0.0112586442846370812 5.97041686027413142e-06
0.0113367905426636131 6.05359894284901217e-06
0.011415475007449518 6.1379356101686463e-06
0.0114947013857175963 6.22344286188225929e-06
0.0115744734097194615 6.31013691928303154e-06
0.0116547948374114141 6.3980342283811382e-06
0.011735669452631459 6.48715146301943191e-06
0.0118171010652775004 6.57750552803238108e-06
0.0118990935114869044 6.66911356244907917e-06
0.0119816506538171792 6.76199294274062426e-06
0.012064776381427899 6.85616128611267323e-06
0.0121484746102639828 6.95163645384385282e-06
0.0122327492832401252 7.04843655467049135e-06
0.012317604370426569 7.14657994821847775e-06
0.0124030438692360797 7.24608524848275269e-06
0.012489071804612329 7.34697132735534894e-06
0.0125756922292194675 7.44925731820235146e-06
0.0126629092236330131 7.55296261949064423e-06
0.0127507268965321441 7.65810689846517253e-06
0.0128391493848932173 7.76471009487731178e-06
0.0129281808541846267 7.87279242476503918e-06
0.0130178254985631077 7.98237438428588574e-06
0.0131080875410712634 8.09347675360302853e-06
0.0131989712338364939 8.20612060082555247e-06
0.0132904808582713675 8.32032728600359128e-06
0.0133826207252752648 8.43611846517899158e-06
0.013475395175437492 8.55351609449243666e-06
0.0135688085792417014 8.67254243434761296e-06
0.013662865337271856 8.7932200536335863e-06
0.0137575698804195071 8.91557183400575721e-06
0.0138529266700924709 9.03962097422646261e-06
0.0139489401984250975 9.16539099456619292e-06
0.0140456149884898365 9.29290574126589547e-06
0.0141429555945102783 9.42218939106151103e-06
0.0142409666020757789 9.55326645577165342e-06
0.0143396526283574369 9.68616178694904682e-06
0.0144390183223255669 9.8209005805968002e-06
0.0145390683649687814 9.95750838195052997e-06
0.0146398074695144563 1.00960110903269951e-05
0.01474124038165079 1.02364349640403731e-05
0.0148433718797503188 1.03788066253870062e-05
0.0149462067750950906 1.05231530656997693e-05
0.0150497499121032829 1.06695016504728205e-05
0.0151540061685573775 1.08178801245577268e-05
0.0152589804558340269 1.09683166174322919e-05
0.0153646777191353816 1.11208396485426823e-05
0.0154711029377220081 1.12754781327200447e-05
0.0155782611251475463 1.14322613856729277e-05
0.0156861573294948403 1.15912191295560902e-05
0.0157947966336137099 1.17523814986170702e-05
0.0159041841553604867 1.19157790449217414e-05
0.0160143250478390342 1.20814427441595261e-05
0.0161252244996435631 1.22494040015298847e-05
0.01623688773510297 1.24196946577107355e-05
0.0163493200145270537 1.25923469949105025e-05
0.0164625266344542789 1.27673937430045297e-05
0.0165765129279012331 1.29448680857570709e-05
0.0166912842646139564 1.31248036671305506e-05
0.0168068460513208576 1.33072345976826665e-05
0.0169232037319873713 1.34921954610529342e-05
0.017040362788072503 1.36797213205400571e-05
0.0171583287387870112 1.38698477257710608e-05
0.0172771071413533733 1.40626107194636212e-05
0.0173967035912676558 1.4258046844283201e-05
0.0175171237225630605 1.44561931497957724e-05
0.0176383732080753614 1.4657087199517984e-05
0.0177604577597100764 1.48607670780657546e-05
0.0178833831287116621 1.50672713984031948e-05
0.0180071551059343832 1.52766393091926489e-05
0.0181317795221150671 1.54889105022476651e-05
0.0182572622481478805 1.57041252200904552e-05
0.0183836091953608477 1.59223242636150209e-05
0.0185108263157942841 1.61435489998574744e-05
0.0186389196024812839 1.63678413698755117e-05
0.0187678950897299905 1.65952438967378851e-05
0.0188977588534078207 1.68257996936259476e-05
0.0190285170112277878 1.70595524720488972e-05
0.0191601757230366321 1.72965465501738103e-05
0.0192927411911050402 1.75368268612727356e-05
0.0194262196604197517 1.77804389622879587e-05
0.0195606174189778617 1.80274290425176274e-05
0.0196959407980829906 1.82778439324230712e-05
0.0198321961726434723 1.85317311125594764e-05
0.0199693899614728082 1.87891387226323083e-05
0.0201075286275919501 1.90501155706804185e-05
0.0202466186785337579 1.93147111423881324e-05
0.0203866666666496395 1.95829756105283179e-05
0.0205276791894181687 1.98549598445377339e-05
0.0206696628897558542 2.01307154202269411e-05
0.0208126244563301595 2.0410294629626817e-05
0.0209565706238745396 2.06937504909731864e-05
0.0211015081735057355 2.09811367588318671e-05
0.0212474439330431614 2.12725079343659803e-05
0.0213943847773306536 2.15679192757477907e-05
0.0215423376285602784 2.18674268087168202e-05
0.021691309456598383 2.21710873372863712e-05
0.0218413072793140414 2.24789584546010627e-05
0.0219923381629096026 2.27910985539468087e-05
0.022144409222253518 2.31075668399158401e-05
0.0222975276212156077 2.34284233397290998e-05
0.0224517005730045169 2.37537289147180618e-05
0.0226069353405074294 2.4083545271967904e-05
0.0227632392366323641 2.4417934976125456e-05
0.0229206196246525516 2.47569614613728564e-05
0.0230790839185534002 2.51006890435705362e-05
0.023238639583381647 2.54491829325709838e-05
0.0233992941355971457 2.58025092447066431e-05
0.0235610551434269205 2.61607350154537646e-05
0.0237239302272215999 2.65239282122747594e-05
0.0238879270598145663 2.68921577476424524e-05
0.0240530533668833063 2.72654934922476604e-05
0.0242193169273133384 2.76440062883934424e-05
0.0243867255735647562 2.80277679635789541e-05
0.0245552871920411662 2.8416851344274893e-05
0.0247250097234611201 2.88113302698935827e-05
0.0248959011632323458 2.9211279606957188e-05
0.0250679695618282981 2.96167752634658263e-05
0.0252412230251674516 3.00278942034691092e-05
0.0254156697149950685 3.04447144618438184e-05
0.0255913178492678355 3.08673151592812892e-05
0.0257681757025409186 3.12957765174865193e-05
0.0259462516063577106 3.17301798745926676e-05
0.0261255539496424334 3.21706077007944156e-05
0.0263060911790953013 3.26171436142026321e-05
0.0264878717995903137 3.30698723969236066e-05
0.0266709043745761015 3.35288800113672724e-05
0.0268551975264792187 3.39942536167858977e-05
0.0270407599371103105 3.44660815860479337e-05
0.0272276003480731998 3.49444535226504065e-05
0.0274157275611766303 3.54294602779724362e-05
0.0276051504388489452 3.59211939687743349e-05
0.0277958779045554896 3.64197479949450269e-05
0.027987918943219111 3.69252170575025494e-05
0.0281812826016433933 3.74376971768501125e-05
0.0283759779889387331 3.79572857112919014e-05
0.0285720142769516107 3.84840813758130564e-05
0.0287694007006965985 3.90181842611267066e-05
0.0289681465587913398 3.95596958529922235e-05
0.0291682612138947223 4.01087190518095322e-05
0.029369754093147897 4.0665358192492212e-05
0.0295726346886182774 4.12297190646241767e-05
0.0297769125577468617 4.18019089329044348e-05
0.0299825973237983594 4.2382036557883289e-05
0.030189698676314599 4.29702122169950521e-05
0.0303982263715708752 4.35665477258909175e-05
0.0306081902330357057 4.41711564600773509e-05
0.0308196001518335483 4.47841533768637305e-05
0.0310324660872106362 4.54056550376233755e-05
0.0312467980670043492 4.6035779630374645e-05
0.0314626061881155134 4.66746469926841668e-05
0.0316799006169839401 4.73223786348983967e-05
0.0318986915900675988 4.79790977637092672e-05
0.0321189894143246724 4.86449293060563668e-05
0.0323408044676990608 4.93199999333727022e-05
0.0325641471996094625 5.00044380861790319e-05
0.0327890281314414736 5.06983739990304704e-05
0.0330154578570433302 5.14019397258222953e-05
0.0332434470432248219 5.21152691654587391e-05
0.0334730064302600216 5.2838498087892435e-05
0.0337041468323930893 5.35717641605369712e-05
0.0339368791383476628 5.43152069750604469e-05
0.0341712143118400036 5.50689680745656824e-05
0.0344071633920953815 5.58331909811610603e-05
0.0346447374943680067 5.66080212239292684e-05
0.0348839478104648465 5.73936063673004506e-05
0.0351248056092728148 5.8190096039834021e-05
0.0353673222372894586 5.89976419634162614e-05
0.0356115091191577179 5.98163979828807932e-05
0.0358573777582039954 6.06465200960565424e-05
0.0361049397369801114 6.14881664842508965e-05
0.0363542067178088263 6.23414975431737801e-05
0.0366051904433334283 6.32066759143105829e-05
0.0368579027370708051 6.40838665167490498e-05
0.0371123555039683459 6.49732365794676619e-05
0.037368560730964992 6.58749556740938837e-05
0.0376265304875557649 6.67891957481366673e-05
0.0378862769263602975 6.77161311587021176e-05
0.0381478122836955147 6.86559387067007485e-05
0.0384111488801519643 6.96087976715505991e-05
0.0386762991211741167 7.05748898463863332e-05
0.0389432754976449941 7.15543995737820068e-05
0.0392120905864744296 7.25475137819932633e-05
0.0394827570511916623 7.35544220217294734e-05
0.0397552876425417284 7.45753165034612942e-05
0.0400296951990863348 7.5610392135274721e-05
0.0403059926478086042 7.66598465612776479e-05
0.040584193004721901 7.77238802005674899e-05
0.0408643093754832223 7.88026962867711419e-05
0.0411463549560104891 7.98965009081625051e-05
0.0414303430331040834 8.10055030483682617e-05
0.0417162869850729798 8.21299146276718845e-05
0.0420042002823648661 8.32699505449230651e-05
0.0422940964882006221 8.44258287200624143e-05
0.0425859892592134817 8.55977701372730599e-05
0.042879892346092234 8.67859988887655423e-05
0.043175819594229066 8.79907422192084058e-05
0.0434737849443716587 8.92122305708124689e-05
0.0437738024332801345 9.04506976290817168e-05
0.0440758861943882085 9.17063803692380928e-05
0.0443800504584688921 9.29795191033320345e-05
0.0446863095543050676 9.42703575280504904e-05
0.0449946779093644417 9.55791427732317688e-05
0.0453051700504790641 9.69061254510979251e-05
0.0456178006045298845 9.82515597062185521e-05
0.0459325842991357147 9.96157032662145243e-05
0.0462495359633468897 0.000100998817493214071
0.046568670528344111 0.000102401167436074999
0.0468900030281416483 0.000103823021883382176
0.0472135486002956475 0.000105264653417234139
0.0475393224866171166 0.000106726338467831095
0.047867340033890142 0.000108208357368877551
0.0481976166945947762 0.000109710994413810903
0.0485301680276348443 0.00011123453791286994
0.0488650096990711491 0.00011277928025101788
0.04920215748285936 0.000114345517946731298
0.0495416272615929534 0.000115933551711669056
0.0498834350272517046 0.000117543686511238356
0.0502275968819549251 0.000119176231626067649
0.05057412903871987 0.000120831500714403461
0.0509230478222257449 0.00012250981187544681
0.0512743696695826187 0.000124211487713642117
0.0516281111311058111 0.0001259368554039348
0.0519842888710953868 0.00012768624675801323
0.0523429196686214446 0.000129459998291552188
0.0527040204183144428 0.000131258451292471149
0.0530676081311609316 0.000133081951890225261
0.0534336999353052094 0.000134930851126148222
0.0538023130768560259 0.000136805505024859079
0.0541734649206989591 0.000138706274666753856
0.0545471729513146777 0.000140633526261599789
0.0549234547736024564 0.000142587631223247942
0.0553023281137094563 0.000144568966245483096
0.0556838108198659601 0.000146577913379032404
0.0560679208632260881 0.000148614860109747053
0.0564546763387144268 0.00015068019943797998
0.0568440954658782777 0.000152774329959176326
0.0572361965897462757 0.000154897655945701162
0.0576309981816924138 0.000157050587429919075
0.0580285188403060759 0.000159233540288549521
0.0584287772922684953 0.000161446936328320961
0.0588317923932347928 0.00016369120337294052
0.0592375831287220919 0.000165966775351404015
0.059646168615004172 0.000168274092387669748
0.060057568100011921 0.000170613600891716228
0.0604718009642398677 0.000172985753652005994
0.06088888672165952 0.000175391009929385901
0.0613088450206384222 0.000177829835552437794
0.0617316956448658652 0.000180302703014312884
0.0621574585142846345 0.000182810091571067968
0.0625861536860298218 0.000185352487341536114
0.0630178013553733957 0.000187930383408749436
0.063452421856675531 0.000190544279922945538
0.0638900356643428147 0.000193194684206185138
0.0643306633937925643 0.000195882110858603743
0.0647743258024238849 0.000198607081866327768
0.0652210437905958729 0.00020137012671108648
0.0656708384026119668 0.000204171782481542106
0.0661237308277111691 0.000207012593986371065
0.0665797424010666078 0.00020989311386913014
0.0670388946047904277 0.000212813902724930028
0.0675012090689457722 0.000215775529218953626
0.0679667075725655934 0.000218778570206847381
0.0684354120446790115 0.000221823610857022877
0.0689073445653441558 0.000224911244774894962
0.0693825273666880682 0.000228042074129092807
0.069860982833954588 0.000231216709779683341
0.0703427335065584663 0.000234435771408432535
0.0708278020791472118 0.000237699887651146016
0.0713162114026704153 0.00024100969623212673
0.0718079844854560834 0.000244365844100781265
0.0723031444942943968 0.000247768987570415463
0.0728017147555294064 0.000251219792459260601
0.0733037187561576264 0.000254718934233763182
0.0738091801449346774 0.000258267098154183199
0.0743181227334889644 0.000261864979422538134
0.0748305704974439601 0.000265513283332940162
0.0753465475775473847 0.00026921272542436062
0.0758660782808081718 0.000272964031635869052
0.0763891870816421487 0.000276767938464396392
0.0769158986230245312 0.000280625193125054961
0.0774462377176508704 0.000284536553714071123
0.0779802293491061588 0.000288502789374375866
0.0785178986730416667 0.000292524680463895903
0.0790592710183597863 0.000296603018726597739
0.0796043718884076323 0.000300738607466336991
0.0801532269621781923 0.000304932261723556456
0.0807058620955201644 0.000309184808454890543
0.0812623033223557611 0.000313497086715723886
0.0818225768559074779 0.000317869947845765338
0.0823867090899328414 0.000322304255657683482
0.0829547265999674849 0.00032680088662886107
0.0835266561445775768 0.000331360730096334896
0.0841025246666201598 0.000335984688454965617
0.0846823592945121079 0.000340673677358902796
0.0852661873435086731 0.000345428625926413294
0.0858540363169899429 0.000350250476948119104
0.0864459339077562894 0.000355140187098718779
0.0870419079993334371 0.000360098727152259081
0.0876419866672856762 0.00036512708220101046
0.0882461981805386098 0.000370226251878024218
0.0888545710027105889 0.000375397250583433585
0.0894671337934540845 0.000380641107714575408
0.090083915409805454 0.000385958867899994162
0.0907049449075442993 0.000391351591237405619
0.0913302515425625377 0.000396820353535700374
0.0919598647722425361 0.000402366246561051933
0.092593814256844445 0.000407990378287209827
0.0932321298609039978 0.000413693873150067085
0.0938748416546391906 0.000419477872306567225
0.0945219799153664414 0.000425343533898037444
0.095173575128927615 0.000431292033318045266
0.0958296579911257079 0.000437324563484841851
0.0964902594091710947 0.000443442335118498111
0.0971554105031371407 0.00044964657702280898
0.0978251426074268765 0.000455938536372074005
0.0984994872722487064 0.000462319479002827626
0.099178476265102497 0.000468790689710624296
0.0998621415722766581 0.00047535347255198314
0.100550515400354673 0.000482009151151573231
0.101243630177732052 0.000488759069014752098
0.101941518556144542 0.000495604589845565586
0.102644213412205976 0.000502547097870300078
0.103351747848956926 0.000509587998166702435
0.104064155197424457 0.000516728716998985185
0.104781469018192214 0.000523970702158715299
0.105503723102981353 0.000531315423311707604
0.106230951476242216 0.000538764372351041663
0.106963188396757669 0.000546319063756323434
0.107700468359256715 0.000553981034959304488
0.108442826096039294 0.000561751846715991573
0.109190296578612858 0.000569633083485375242
0.10994291501933974 0.000577626353814901885
0.110700716873095587 0.000585733290732821021
0.111463737838940175 0.000593955552147555827
0.112232013861798846 0.000602294821254220733
0.113005581134155569 0.000610752806948431466
0.113784476097758477 0.000619331244247564865
0.114568735445336245 0.000628031894719597162
0.115358396122326734 0.000636856546919684118
0.116153495328617171 0.000645807016834629914
0.116954070520297104 0.000654885148335416123
0.117760159411422594 0.000664092813637931468
0.118571799975792688 0.000673431913772078563
0.119389030448738748 0.000682904379059431758
0.120211889328925556 0.000692512169599601886
0.12104041538016444 0.00070225727576548973
0.12187464763324013 0.000712141718707619796
0.122714625387749146 0.000722167550867715605
0.123560388213950753 0.000732336856501713618
0.124411975954631701 0.000742651752212415933
0.125269428726982823 0.000753114387491959024
0.126132786924489121 0.000763726945274312112
0.127002091218832047 0.000774491642497990664
0.127877382561806363 0.000785410730679227359
0.128758702187248886 0.000796486496495771258
0.129646091612980602 0.000807721262381552209
0.130539592642763297 0.000819117387132448234
0.131439247368268453 0.00083067726652334738
0.1323450981710598 0.000842403333936757944
0.133257187724590526 0.00085429806100320799
0.134175558996213307 0.000866363958253656965
0.135100255249204021 0.000878603575784173531
0.136031320044800508 0.000891019503933147437
0.136968797244254314 0.000903614373971264721
0.137912731010897016 0.00091639085880453107
0.13886316581222044 0.000929351673690599319
0.139820146421971936 0.000942499576968690344
0.140783717922263463 0.000955837370803368875
0.141753925705694839 0.000969367901942468036
0.142730815477492945 0.000983094062489471175
0.143714433257664476 0.000997018790690624643
0.144704825383163427 0.00101114507173708955
0.145702038510074711 0.00102547593858247593
0.146706119615811897 0.00104001447277604154
0.147717116001329613 0.00105476380531188013
0.148735075293352698 0.00106972711749447674
0.149760045446619416 0.00108490764182091345
0.150792074746140675 0.00110030866288010469
0.15183121180947412 0.00111593351826940368
0.152877505589015389 0.00113178559952896397
0.153931005374303709 0.00114786835309418976
0.154991760794343375 0.00116418528126666868
0.156059821819942712 0.00118073994320400198
0.157135238766067581 0.00119753595592886819
0.158218062294211231 0.00121457699535775974
0.159308343414781839 0.00123186679734981473
0.160406133489505026 0.00124940915877612326
0.161511484233843067 0.00126720793860995344
0.162624447719431964 0.00128526705903836544
0.163745076376533932 0.0013035905065956041
0.164873422996507563 0.00132218233331876721
0.16600954073429422 0.00134104665792619164
0.167153483110922957 0.00136018766701905968
0.168305304016031443 0.00137960961630667557
0.169465057710403988 0.00139931683185592058
0.170632798828528887 0.00141931371136541792
0.171808582381171498 0.00143960472546488211
0.17299246375796537 0.00146019441904018965
0.17418449873002248 0.00148108741258474769
0.175384743452560027 0.00150228840357764489
0.176593254467545507 0.00152380216788918594
0.177810088706361086 0.00154563356121438511
0.179035303492485059 0.00156778752053496903
0.18026895654419256 0.00159026906561051231
0.181511105977273934 0.00161308330049928514
0.182761810307773526 0.00163623541510947912
0.184021128454745719 0.00165973068678138295
0.18528911974303014 0.0016835744819011819
0.186565843906047329 0.00170777225754706243
0.18785136108861214 0.00173232956316823178
0.189145731849766685 0.00175725204229758097
0.190449017165634116 0.00178254543429869202
0.19176127843229071 0.00180821557614786526
0.193082577468657562 0.00183426840425189456
0.19441297651941386 0.00186070995630238786
0.195752538257928488 0.00188754637316729387
0.197101325789212772 0.00191478390082047722
0.198459402652892636 0.00194242889231006823
0.199826832826202894 0.00197048780976644654
0.201203680727000567 0.00199896722645060169
0.202590011216799148 0.00202787382884373271
0.203985889603824994 0.0020572144187789511
0.205391381646093468 0.00208699591561588771
0.206806553554506278 0.00211722535845912385
0.208231471995971557 0.00214790990842132897
0.209666204096543907 0.00217905685093199714
0.211110817444586013 0.00221067359809268499
0.212565380093954009 0.00224276769107977945
0.214029960567202332 0.00227534680259562378
0.215504627858812414 0.00230841873936907813
0.216989451438441838 0.0023419914447064291
0.218484501254198382 0.00237607300109374297
0.219989847735934468 0.00241067163285158415
0.221505561798564538 0.00244579570884320132
0.223031714845406848 0.00248145374523725841
0.224568378771546506 0.00251765440832611839
0.226115625967222067 0.00255440651740081702
0.227673529321236606 0.00259171904768387305
0.229242162224391061 0.0026296011333209802
0.230821598572940767 0.00266806207043277389
0.232411912772078011 0.00270711132022788533
0.234013179739436195 0.00274675851217836544
0.235625474908619625 0.00278701344725876482
0.237248874232756257 0.00282788610125002567
0.238883454188076993 0.00286938662810950823
0.24052929177751764 0.00291152536340829986
0.242186464534345863 0.00295431282783713452
0.243855050525815104 0.00299775973078227412
0.245535128356841298 0.00304187697397251223
0.24722677717370542 0.00308667565519874648
0.248930076667783134 0.00313216707210744929
0.250645107079298379 0.00317836272606933021
0.252371949201102785 0.00322527432612460929
0.254110684382482854 0.0032729137930063339
0.255861394532991338 0.00332129326324305052
0.257624162126306677 0.00337042509334235362
0.259399070204116899 0.00342032186405665656
0.261186202380033261 0.00347099638473276177
0.262985642843527989 0.00352246169774655732
0.264797476363901108 0.00357473108302444305
0.266621788294272966 0.00362781806265288342
0.268458664575605244 0.00368173640557768224
0.27030819174075138 0.00373650013239450011
0.272170456918529979 0.0037921235202319761
0.274045547837830916 0.00384862110772926777
0.275933552831749418 0.00390600770010940011
0.277834560841744682 0.00396429837434991543
0.279748661421830858 0.00402350848445257904
0.281675944742797724 0.0040836536668136577
0.283616501596455295 0.00414474984569616726
0.285570423399912288 0.0042068132388059622
0.287537802199884562 0.00426986036297313624
0.289518730677027436 0.00433390803994014584
0.291513302150305964 0.00439897340225863659
0.293521610581387371 0.0044650738992961167
0.295543750579069231 0.00453222730335443771
0.29757981740373779 0.00460045171590150927
0.299629906971852211 0.00466976557391766359
0.30169411586046524 0.00474018765635858021
0.303772541311773614 0.00481173709073609655
0.305865281237696574 0.00488443335981837961
0.307972434224489444 0.00495829630845122209
0.310094099537389922 0.00503334615050186895
0.312230377125290615 0.00510960347592665388
0.314381367625449659 0.00518708925796428858
0.316547172368232765 0.00526582486045602729
0.318727893381883898 0.00534583204529397171
0.320923633397333041 0.00542713297999922791
0.32313449585303744 0.00550975024543109027
0.325360584899851202 0.0055937068436283403
0.327602005405933427 0.00567902620578433163
0.329858862961689925 0.0057657322003567945
0.332131263884744121 0.00585384914131343442
0.334419315224947167 0.00594340179651471102
0.33672312476942301 0.0060344153962346922
0.339042801047642117 0.00612691564182070957
0.341378453336536214 0.00622092871449315445
0.343730191665647944 0.00631648128428601019
0.346098126822309948 0.00641360051912858321
0.348482370356868743 0.00651231409406975627
0.350883034587935461 0.00661265020064449264
0.35330023260767901 0.00671463755638371067
0.355734078287155253 0.00681830541446759586
0.358184686281667997 0.00692368357352234846
0.36065217203617167 0.00703080238756087668
0.363136651790712195 0.00713969277606728292
0.365638242585898554 0.00725038623422453662
0.368157062268418822 0.00736291484328567645
0.370693229496593168 0.00747731128108767955
0.3732468637459605 0.00759360883270715579
0.375818085314908235 0.00771184140125747743
0.378407015330341379 0.00783204351882613344
0.381013775753384965 0.00795425035755073853
0.383638489385131343 0.00807849774083286253
0.386281279872427163 0.00820482215468769892
0.38894227171369411 0.00833326075922738614
0.391621590264796149 0.00846385140027643493
0.394319361744946639 0.00859663262111653309
0.397035713242650357 0.00873164367435775614
0.399770772721692647 0.0088689245339337551
0.402524669027169602 0.00900851590721740009
0.405297531891553431 0.00915045924725287584
0.408089491940806348 0.00929479676510093673
0.410900680700536425 0.00944157144229272258
0.413731230602188138 0.00959082704338695864
0.416581274989287154 0.00974260812862654153
0.419450948123716971 0.00989696006668774886
0.422340385192045586 0.0100539290475170923
0.425249722311896672 0.0102135620952491634
0.428179096538356896 0.0103759070811980294
0.431128645870435423 0.0105410127369157634
0.434098509257566212 0.0107089286673095509
0.437088826606149894 0.0108797053638088805
0.440099738786146555 0.0110533942175741976
0.443131387637714425 0.0112300475327372778
0.446183915977886703 0.0114097185396624754
0.449257467607302674 0.0115924614082188269
0.452352187316983179 0.0117783312610508731
0.455468220895147935 0.0119673841868355967
0.458605715134085046 0.0121596772535130185
0.461764817837068742 0.012355268521476323
0.464945677825317816 0.0125542170567062693
0.468148444945007958 0.012756582943835193
0.471373270074334272 0.012962427299123792
0.474620305130613207 0.0131718122833326904
0.477889703077442107 0.0133848011144714688
0.481181617931907668 0.0136014580804052886
0.484496204771835859 0.0138218485512980379
0.48783361974310091 0.014046038991871684
0.491194020066982762 0.014274096973458418
0.494577564047568308 0.0145060911858212755
0.49798441107921515 0.014742091448719458
0.501414721654055096 0.0149821687231903155
0.50486865736955655 0.0152263951225214307
0.508346380936140485 0.0154748439228834626
0.51184805618483975 0.0157275895735921288
0.515373848075020069 0.0159847077069686858
0.51892392270215304 0.0162462751477643885
0.522498447305636327 0.0165123699221132354
0.526097590276673244 0.0167830712659769316
0.529721521166210185 0.0170584596330430258
0.533370410692916685 0.0173386167020346607
0.537044430751231205 0.0176236253833909513
0.540743754419462208 0.0179135698252730242
0.544468555967935086 0.0182085354188481728
0.548219010867204815 0.018508608802805443
0.55199529579632578 0.0188138778670509203
0.555797588651168128 0.0191244317555291296
0.559626068552801947 0.0194403608681166656
0.563480915855937514 0.0197617568615296134
0.567362312157416504 0.0200887126491838749
0.571270440304769367 0.0204213223999470429
0.575205484404831768 0.0207596815357155955
0.579167629832412101 0.0211038867277486761
0.583157063239026829 0.0214540358916886567
0.587173972561697122 0.0218102281811941474
0.591218547031794328 0.0221725639801071128
0.595290977183962955 0.0225411448930767817
0.599391454865089712 0.022916073734553951
0.603520173243343616 0.0232974545160714898
0.607677326817279595 0.0236853924317202563
0.611863111424994277 0.0240799938417258011
0.616077724253355052 0.0244813662540307592
0.620321363847292639 0.0248896183037810304
0.62459423011914772 0.0253048597306103629
0.628896524358091402 0.0257272013536164502
0.633228449239611968 0.0261567550439154688
0.637590208835054795 0.0265936336946567924
0.641982008621240219 0.0270379511883797018
0.646404055490146012 0.0274898223615851894
0.650856557758647369 0.027949362966392742
0.655339725178333832 0.0284166896291497585
0.659853768945393715 0.0288919198058536671
0.664398901710556489 0.0293751717342424432
0.66897533758911365 0.0298665643824070209
0.67358329217100954 0.0303662173937714677
0.678222982530989671 0.0308742510282813756
0.682894627238831209 0.0313907860996393423
0.68759844636964218 0.0319159439084177668
0.692334661514222738 0.0324498461708740832
0.697103495789506811 0.0329926149432912055
0.701905173849076691 0.0335443725416576383
0.706739921893738021 0.0341052414564956552
0.711607967682185261 0.0346753442626449929
0.716509540541722445 0.0352548035237968474
0.721444871379070429 0.035843741691574546
0.726414192691248073 0.0364422809989467036
0.731417738576518039 0.0370505433477532967
0.736455744745417307 0.0376686501901226239
0.741528448531866502 0.0382967224035488593
0.746636088904341633 0.0389348801593919353
0.751778906477136077 0.0395832427845621351
0.756957143521699294 0.0402419286161404405
0.762171043978041696 0.0409110548486804754
0.76742085346623079 0.0415907373739371269
0.772706819297966363 0.0422810906127561448
0.778029190488221722 0.0429822273388544354
0.783388217766979644 0.0436942584942199772
0.788784153591048032 0.044417292995850198
0.794217252155943187 0.0451514375335430179
0.799687769407870896 0.0458967963584556576
0.805195963055786113 0.0466534710621352017
0.810742092583526031 0.047421560345723035
0.816326419262037195 0.0482011597790344901
0.821949206161689205 0.0489923615492082673
0.827610718164658143 0.0497952541986153643
0.833311221977408922 0.050609922351721251
0.839050986143264899 0.0514364464305873126
0.844830281055047094 0.0522749023586947942
0.850649378967824998 0.0531253612527820968
0.856508554011731094 0.0539878891023733293
0.862408082204879078 0.0548625464366882254
0.868348241466372017 0.0557493879786177676
0.874329311629384986 0.0566484622854508957
0.880351574454352304 0.0575598113760472027
0.886415313642245795 0.0584834703441482959
0.89252081484793 0.0594194669575248413
0.898668365693624072 0.0603678212426690397
0.904858255782455267 0.0613285450547427016
0.911090776712093486 0.0623016416325003694
0.917366222088491168 0.0632871051379224475
0.923684887539721333 0.0642849201802993125
0.9300470707298929 0.0652950613245194128
0.936453071373179347 0.066317492583337162
0.942903191247942196 0.0673521668934054241
0.949397734210937538 0.0683990255748769121
0.955937006211635243 0.0694579977744066573
0.962521315306637537 0.0705289998914035432
0.969150971674179962 0.0716119349874051181
0.975826287628749123 0.0727066921784853548
0.982547577635800917 0.0738131460106288273
0.98931515832656336 0.0749311558180383863
0.996129348512958868 0.0760605650643894626
1.00299046920262747 0.0772012006670752537
1.00989884361403748 0.0783528723045324033
1.016854797191725 0.0795153717067939719
1.02385865762161421 0.0806884719294522074
1.03091075484645822 0.0818719266112860056
1.03801142108138866 0.0830654692158574598
1.04516099082955427 0.0842688122574482834
1.05235980089788472 0.0854816465117832491
1.05960819041296261 0.0867036402120563016
1.06690650083698868 0.087934438230854714
1.07425507598387227 0.089173661248670863
1.08165426203543413 0.0904209049097764034
1.08910440755770344 0.0916757389663307859
1.09660586351734346 0.0929377064117102442
1.10415898329819151 0.0942063226041476715
1.11176412271789449 0.0954810743818915036
1.11942164004467637 0.0967614191712291016
1.1271318960142227 0.0980467840888452347
1.13489525384666146 0.0993365650401290823
1.1427120792636809 0.100630125815205335
1.15058274050576292 0.101926797184613574
1.1585076083495196 0.103225875996734245
1.16648705612516523 0.104526624279243682
1.17452145973411026 0.105828268347064866
1.18261119766665646 0.107129997919476971
1.1907566510198333 0.108430965249269998
1.19895820351535809 0.109730284267039763
1.20721624151769702 0.111027029743953232
1.21553115405228396 0.112320236476569107
1.2239033328238309 0.113608898497537289
1.23233317223478811 0.114891968316287535
1.24082106940393033 0.116168356194085429
1.24936742418505098 0.117436929458130376
1.25797263918580571 0.11869651185968294
1.26663711978668481 0.119945882981520383
1.2753612741600977 0.121183777700351811
1.28414551328960691 0.12240888571017694
1.29299025098929765 0.123619851112924187
1.30189590392325605 0.124815272083072248
1.31086289162520631 0.125993700613353965
1.31989163651828068 0.127153642349028845
1.32898256393490533 0.128293556518616181
1.33813610213684386 0.12941185596941232
1.34735268233538008 0.130506907316536386
1.35663273871161705 0.131577031214687862
1.36597670843693786 0.132620502762259729
1.37538503169360782 0.133635552047899508
1.38485815169549564 0.134620364850073032
1.39439651470896098 0.135573083500666575
1.40400057007388401 0.136491807924122327
1.4136707702248188 0.137374596864081044
1.42340757071231394 0.138219469309980747
1.43321143022438102 0.139024406136522283
1.44308281060808552 0.139787351969374085
1.45302217689132229 0.140506217290943231
1.46302999730470673 0.141178880800464646
1.47310674330363889 0.141803192043086612
1.48325288959052193 0.142376974323010386
1.49346891413710736 0.142898027916108505
1.5037552982070217 0.143364133597767479
1.51411252637844407 0.143773056501980773
1.52454108656692022 0.144122550327943022
1.53504147004835301 0.144410361910568691
1.54561417148215696 0.144634236171451297
1.55625968893454147 0.144791921466795481
1.56697852390198511 0.144881175348781199
1.57777118133486671 0.144899770756631213
1.58863816966123794 0.144845502653353275
1.599580000810781 0.144716195123684083
1.61059719023893511 0.144509708948171084
1.62169025695116265 0.144223949667556944
1.63285972352740405 0.143856876150666585
1.64410611614670854 0.143406509677817401
1.65542996461200076 0.142870943550343688
1.6668318023750508 0.142248353235125718
1.67831216656161164 0.141537007051015185
1.68987159799670472 0.140735277401703357
1.70151064123010665 0.139841652556868756
1.71322984456201199 0.138854748980305587
1.7250297600688409 0.137773324200154479
1.73691094362927045 0.13659629021225278
1.74887395495040243 0.135322727402974269
1.76091935759413643 0.133951898972651751
1.77304771900373059 0.132483265834719671
1.7852596105305123 0.130916501959028403
1.79755560746080478 0.129251510120237501
1.80993628904303661 0.127488438003786952
1.82240223851501071 0.125627694612518104
1.83495404313138932 0.12366996690651183
1.84759229419136894 0.121616236597012956
1.86031758706651473 0.119467797002317258
1.87313052122882051 0.117226269859047813
1.88603170027895439 0.114893621966271467
1.89902173197467894 0.112472181522206185
1.91210122825948781 0.109964653993690639
1.92527080529144534 0.107374137337001865
1.93853108347219338 0.104704136364782693
1.95188268747618587 0.101958576027587608
1.96532624628012798 0.0991418133496751314
1.97886239319258661 0.0962586477269172514
1.99249176588383281 0.0933143292597841678
2.00621500641589323 0.0903145647560606862
2.02003276127277731 0.0872655209959370126
2.03394568139093934 0.0841738248060342614
2.04795442218995793 0.0810465594384854882
2.06205964360338356 0.0778912566959787667
2.07626201010985856 0.0747158841832221282
2.09056219076439209 0.0715288269992908482
2.10496085922989185 0.0683388631131126717
2.11945869380890795 0.0651551315855829483
2.13405637747556742 0.0619870927157738921
2.14875459790775691 0.0588444790948914054
2.16355404751953095 0.0557372364493367023
2.17845542349370769 0.0526754530427535339
2.19345942781472392 0.0496692762854834824
2.20856676730171486 0.0467288150676253913
2.2237781536417911 0.0438640261879698137
2.23909430342357307 0.041084583094481264
2.25451593817096496 0.0383997249816908914
2.27004378437711551 0.03581808410524321
2.28567857353866044 0.0333474889725887055
2.30142104219018861 0.0309947408502394446
2.31727193193891834 0.0287653607906207705
2.3332319894996445 0.0266633041237372935
2.34930196672992908 0.0246906390792111102
2.36548262066549286 0.0228471859006594488
2.38177471355589265 0.0211301124851609561
2.39817901290044277 0.019533482223514493
2.41469629148434395 0.0180478049583087316
2.4313273274151026 0.0166669949561537856
2.44807290415919843 0.0153841119449431643
2.46493381057896288 0.0141928238044097717
2.48191084096977521 0.0130871615698644542
2.49900479509745121 0.0120615019379831621
2.5162164782359322 0.0111105503840749891
2.53354670120523284 0.0102293248854695845
2.55099628040961113 0.00941314024447592601
2.56856603787604332 0.00865759300320029235
2.58625680129295965 0.00795854694146095991
2.6040694040492105 0.0073121191481346718
2.62200468527333941 0.00671466665541175893
2.64006348987312522 0.00616277362468078613
2.65824666857535963 0.00565323907212974576
2.67655507796593595 0.00518306512156578927
2.69498958053021731 0.00474944577145839254
2.71355104469363706 0.00434975616281644845
2.73224034486262513 0.00398154233416074619
2.75105836146581328 0.00364251144957472876
2.77000598099548245 0.00333052248562897826
2.78908409604933905 0.00304357736281947195
2.80829360537257955 0.00277981250706721634
2.82763541390019668 0.002537490826803939
2.84711043279962883 0.00231499409117312755
2.86671957951369549 0.0021108156949306324
2.8864637778037876 0.00192355379573600307
2.90634395779340204 0.0017519048096559691
2.92636105601196883 0.00159465725086827578
2.94651601543894071 0.00145068590176103797
2.96680978554825137 0.00131894629984302182
2.98724332235300905 0.00119846952813444218
3.00781758845055025 0.00108835729598033885
3.02853355306780125 0.000987777297516115056
3.04939219210690604 0.000895958835325684467
3.07039448819121263 0.000812188697150222245
3.0915414307115836 0.000735807273835778811
3.11283401587297037 0.000666204907051032367
3.13427324674135965 0.000602818455652411067
3.15586013329104409 0.000545128069925124043
3.17759569245216467 0.000492654163287281079
3.19948094815863815 0.00044495457140087503
3.22151693139640605 0.000401621888991521953
3.24370468025197134 0.000362280975038375703
3.26604523996131801 0.000326586617350226244
3.28853966295916722 0.000294221347896602369
3.31118900892852341 0.000264893400612398926
3.33399434485060953 0.000238334803737735667
3.35695674505515118 0.00021429959909286599
3.38007729127094736 0.000192562181020524651
3.4033570726768545 0.000172915748052524161
3.4267971859531059 0.000155170860674783254
3.45039873533294417 0.000139154098875067127
3.47416283265465609 0.000124706813458613926
3.49809059741397022 0.000111683965409492319
3.52218315681675032 9.99530478595019755e-05
3.54644164583214483 8.93930855027599722e-05
3.57086720724601214 7.98937065546990549e-05
3.59546099171477529 7.13542826194613571e-05
3.62022415781964479 6.36831320710223788e-05
3.64515787212116038 5.67967827847534222e-05
3.6702633092141661 5.06192903042861756e-05
3.69554165178316163 4.50816077287347788e-05
3.72099409065798081 4.01210038214789585e-05
3.74662182486990636 3.56805260527860526e-05
3.77242606170817796 3.17085054645751456e-05
3.79840801677682238 2.81581004416931711e-05
3.82456891405194277 2.49868766476992986e-05
3.85090998593939648 2.21564205458081885e-05
3.87743247333281227 1.96319840888521949e-05
3.90413762567206657 1.73821583117691375e-05
3.93102670100216622 1.53785737040250154e-05
3.95810096603246819 1.35956253756254925e-05
3.98536169619637626 1.20102211594309195e-05
4.01281017571144627 1.06015509146694007e-05
4.04044769763983957 9.35087541211673879e-06
4.06827556394925782 8.24133329054318067e-06
4.09629508557430455 7.25776467701453241e-06
4.1245075824781896 6.38655016076709381e-06
4.15291438371494248 5.61546390181525066e-06
4.18151682749203335 4.93353974149523933e-06
4.21031626123337333 4.33094926305485723e-06
4.23931404164284142 3.79889082633988015e-06
4.26851153476814815 3.32948867189996757e-06
4.29791011606521067 2.91570125663197276e-06
4.32751117046297207 2.55123804561387577e-06
4.35731609242859541 2.23048404330326098e-06
4.38732628603318098 1.9484314019501513e-06
4.41754316501793021 1.70061749613022371e-06
4.44796815286070313 1.48306889993652492e-06
4.47860268284309537 1.29225074774757588e-06
4.50944819811798503 1.12502100081098404e-06
4.54050615177746941 9.78589180319620014e-07
4.57177800692133918 8.50479163368836008e-07
4.60326523672603471 7.38495671335743924e-07
4.63496932451398713 6.40694110971060575e-07
4.66689176382352855 5.55353456978746091e-07
4.69903405847926958 4.80951891224740928e-07
4.73139772266289604 4.16144938097733982e-07
4.76398428098452786 3.59745858064239493e-07
4.79679526855455585 3.10708082242325947e-07
4.82983223105592252 2.6810948997744244e-07
4.8630967248169501 2.31138349046996204e-07
4.89659031688469248 1.99080754352135037e-07
4.93031458509869847 1.71309415873717435e-07
4.96427111816537092 1.47273660365364389e-07
4.99846151573283315 1.26490523817515815e-07
5.03288738846622596 1.08536823235478608e-07
5.06755035812365673 9.30421068067507016e-08
5.10245205763253029 7.9682391162732619e-08
5.13759413116650521 6.81746032345997136e-08
5.17297823422297665 5.8271652226229519e-08
5.20860603370100783 4.97580645392987457e-08
5.24447920797988143 4.24461211419080459e-08
5.28059944699819717 3.61724429251911157e-08
5.31696845233342508 3.07949750909582831e-08
5.35358793728209381 2.61903266025850054e-08
5.39045962694052694 2.22514252535524654e-08
5.42758525828605887 1.88854530024644908e-08
5.46496658025888138 1.60120299262382279e-08
5.50260535384447369 1.3561618488322928e-08
5.54050335215649259 1.14741228374657365e-08
5.5786623605203367 9.69766057343087557e-09
5.61708417655727565 8.18748686588160767e-09
5.65577061026908012 6.90505301589812101e-09
5.69472348412331364 5.81718352883295339e-09
5.73394463313921854 4.89535754320794801e-09
5.7734359049741002 4.11508205219549084e-09
5.81319916001040049 3.45534577933134719e-09
5.85323627144336545 2.898143844505007e-09
5.89354912536922804 2.42806449459617234e-09
5.93413962087409441 2.03193018870757191e-09
5.97500967012343231 1.69848623298450875e-09
6.01616119845208175 1.41813096560734351e-09
6.05759614445503924 1.18268220876878676e-09
6.09931646007870754 9.85175340486393395e-10
6.14132411071287976 8.19688903258884147e-10
6.18362107528336136 6.81194166382078851e-10
6.22620934634512757 5.65425501019221545e-10
6.26909093017622254 4.68768818018820275e-10
6.31226784687230946 3.88165663550019789e-10
6.35574213044176251 3.21030871887153295e-10
6.39951582890152437 2.65181942621532919e-10
6.44359100437361665 2.18778545260278015e-10
6.48796973318221504 1.80270761221145219e-10
6.53265410595150353 1.48354854903023621e-10
6.57764622770418317 1.21935524719334894e-10
6.62294821796058031 1.00093724330422212e-10
6.66856221083852052 8.20592661255404666e-11
6.71449035515390236 6.71875253585346015e-11
6.76073481452185465 5.49396560789032609e-11
6.8072977674587003 4.48658107618378555e-11
6.85418140748460925 3.65909257838030389e-11
6.90138794322687321 2.98026959058264521e-11
6.94891959852397711 2.42414138581072638e-11
6.99677861253040323 1.9691396978227072e-11
7.04496723982204198 1.59737625340461318e-11
7.0934877505024323 1.29403476485448436e-11
7.14234243030975069 1.04685993309330568e-11
7.19153358072439097 8.45728561606757555e-12
7.24106351907749612 6.82290075800193478e-12
7.29093457866002304 5.49665628304152922e-12
7.3411491088327141 4.42196589418897304e-12
7.39170947513679444 3.55234609197510817e-12
7.4426180594053486 2.84966625046334854e-12
7.49387725987554987 2.28269203550898617e-12
7.54548949130168989 1.82587471363722276e-12
7.59745718506884682 1.45834628151095086e-12
7.64978278930746658 1.16308662790580665e-12
7.70246876900873456 9.26234278470671758e-13
7.7555176061406117 7.36516803436763836e-13
7.80893179976480489 5.84780806622288547e-13
7.86271386615452528 4.63604661365552011e-13
7.91686633891295788 3.66979902270341897e-13
7.97139176909264169 2.90049495605452469e-13
8.02629272531570415 2.28893160085974564e-13
8.08157179389476887 1.80351548664823277e-13
8.13723157895484306 1.41882478059978918e-13
8.19327470255603352 1.11443546385487618e-13
8.24970380481698484 8.73964448914826922e-14
8.30652154403929366 6.84290768151766936e-14
8.36373059683278619 5.34922696941150024e-14
8.42133365824150992 4.17484284305312688e-14
8.479333441870752 3.25299429355397636e-14
8.53773268001491026 2.53055515812356568e-14
8.59653412378610682 1.9653182847278638e-14
8.65574054324390119 1.5238063354786789e-14
8.71535472752569795 1.17951001104594826e-14
8.77537948497815989 9.11472595699038801e-15
8.83581764328957142 7.03154642495417299e-15
8.896672049622941 5.41524884178115957e-15
8.95794557075018716 4.16333522410657124e-15
9.01964109318722329 3.19532296139784563e-15
9.08176152332984898 2.44812476117920463e-15
9.144309787590716 1.87237440846334085e-15
9.20728883253723041 1.42950978749156774e-15
9.27070162503026651 1.08946114213758226e-15
9.33455115236398569 8.28822219134723145e-16
9.39884042240660378 6.29405991183891521e-16
9.4635724637419969 4.77106122683296549e-16
9.52875032581242287 3.61001065691042108e-16
9.59437707906221782 2.72650353598408089e-16
9.66045581508235429 2.05542865797175484e-16
9.7269896467561221 1.54665035979385643e-16
9.79398170840582871 1.16163551876518877e-16
9.8614351559403417 8.70823571266288391e-17
9.92935316700382486 6.51579705570430382e-17
9.99773894112547623 4.86604909477465599e-17
10.0665956998701471 3.62703237885316943e-17
10.1359266869901674 2.69827862764106475e-17
10.2057351685781938 2.00344274103333825e-17
10.2760244332209663 1.48462299152781334e-17
10.3467977921543479 1.09799110126094181e-17
10.4180585794192133 8.10436690153047807e-18
10.4898101520185421 5.96995704844619306e-18
10.5620558900756301 4.38883565909580231e-18
10.6347991969932121 3.21993830683365986e-18
10.7080434996138418 2.35754493728117342e-18
10.7817922483813877 1.7225849160313892e-18
10.8560489175034594 1.25604015446675295e-18
10.9308170051151397 9.13950298497555613e-19
11.0061000334438237 6.6363871071380549e-19
11.0819015489750399 4.80866785127232446e-19
11.1582251226195712 3.4769272444639462e-19
11.2350743498817387 2.50863774003128775e-19
11.312452851028663 1.80611563532158858e-19
11.3903642712608697 1.29751410220069819e-19
11.4688122808840678 9.30103311499045179e-20
11.5478005754819382 6.65267723741175045e-20
11.627332876090275 4.74789842395474853e-20
11.7074129293723637 3.38095650495312775e-20
11.7880445077953286 2.4021736402863307e-20
11.8692314098079343 1.70290045397154429e-20
11.9509774600195815 1.20444654713086839e-20
12.0332865093803481 8.49948305784637258e-21
12.1161624353624706 5.98408100942917684e-21
12.1996091421430712 4.20335039937951318e-21
12.283630560787925 2.94564269375206343e-21
12.3682306494368248 2.05941554739603235e-21
12.4534133934898854 1.43641661566295258e-21
12.5391828057953649 9.99499028049455389e-22
12.6255429268387616 6.93813611442197551e-22
12.7124978249330312 4.80457136785691583e-22
12.8000515964103005 3.31902661049321261e-22
12.888208365814906 2.28719861735606699e-22
12.976972286097574 1.57226896048449152e-22
13.0663475388111081 1.07813295367982476e-22
13.1563383343074616 7.37450663541376573e-23
13.2469489119359451 5.03154532467482191e-23
13.3381835402429889 3.42428671679497389e-23
13.4300465171733077 2.32451128061475467e-23
13.5225421702722457 1.57390472038132621e-23
13.6156748568896848 1.06292554397412378e-23
13.7094489643854036 7.15973924140256432e-24
13.803868910335618 4.81009657965205372e-24
13.8989391427411419 3.22303361899616515e-24
13.9946641402370204 2.15388487290682644e-24
14.0910484123033548 1.43555175784629601e-24
14.18809649947781 9.5421446087660112e-25
14.2858129735695982 6.32551508951631082e-25
14.384202437874686 4.18177343367771003e-25
14.4832695273927445 2.75696772133642041e-25
14.5830189090455562 1.81259703109943222e-25
14.6834552818966966 1.18839559750909697e-25
14.7845833773731101 7.76967073948745088e-26
14.8864079594878103 5.06544511060341219e-26
14.9889338250643984 3.29305832052318989e-26
15.0921658039630966 2.13470450972082898e-26
15.1961087593081388 1.37981798162513281e-26
15.3007675877169227 8.89294645068207827e-27
15.4061472195307854 5.71479129362624161e-27
15.5122526190470893 3.66165291226203706e-27
15.619088784753167 2.33919970771825033e-27
15.7266607495618835 1.48991643692434425e-27
15.8349735810485619 9.46132810040847857e-28
15.9440323816897767 5.99002880348440059e-28
16.0538422891038373 3.78079652150087007e-28
16.1644084762926283 2.37906436741363074e-28
16.2757361518853862 1.49241091532706356e-28
16.3878305603841667 9.33298905427455416e-29
16.5006969824107195 5.81827072564081546e-29
16.6143407349553698 3.6157514686668487e-29
16.7287671716275312 2.23988270935675787e-29
16.8439816829077778 1.38313496285519515e-29
16.9599896964018555 8.51347505661863502e-30
17.0767966770964428 5.22327131484424779e-30
17.1944081276164518 3.19419942052662388e-30
17.3128295884843055 1.94695287343756719e-30
17.432066638381059 1.18280459437386879e-30
17.5521248944089869 7.16184350429929671e-31
17.673010012356432 4.32196208488604227e-31
17.7947276869640341 2.59938944652286156e-31
17.917283652193106 1.55806626426493346e-31
18.0406836814958247 9.30710260155219996e-32
18.1649335880870346 5.5404730032561148e-32
18.2900392252181909 3.28679514241205348e-32
18.4160064864532096 1.9430389105334674e-32
18.5428413059458848 1.14462432268652209e-32
18.6705496587195654 6.71902913767065021e-33
18.7991375609487044 3.93008150733848583e-33
18.9286110702420984 2.29053742624775793e-33
19.0589762859283276 1.33015814390824869e-33
19.1902393493432122 7.69641340906587835e-34
19.3224064441189007 4.43692226710724989e-34
19.455483796475292 2.54842934885376931e-34
19.5894776755134323 1.45830937304372969e-34
19.7243943935106429 8.31384449205958807e-35
19.8602403062179995 4.72191406434606053e-35
19.9970218131598187 2.67169530409837909e-35
20.1347453579349569 1.50590327152726036e-35
20.2734174285204354 8.45545698087996373e-36
20.413044557577205 4.72928434589252132e-36
20.5536333227576691 2.63487793304403468e-36
20.6951903470156608 1.4622466052476381e-36
20.8377222989185462 8.08284082000526912e-37
20.9812358929611165 4.45019320829767473e-37
21.125737889882199 2.44035616029844252e-37
21.2712350969828776 1.33283091614198332e-37
21.4177343684473023 7.24990478213546581e-38
21.5652426056656772 3.92746908706722179e-38
21.7137667575591564 2.11886931514238108e-38
21.8633138209073223 1.1383979841330124e-38
22.0138908406778881 6.0907635462127281e-39
22.1655049103583686 3.24506133066378226e-39
22.318163172290344 1.72160098699807302e-39
22.4718728180060587 9.09475160350831815e-40
22.6266410885669522 4.78392874325491962e-40
22.7824752749049075 2.50553924452282271e-40
22.9393827181658345 1.30655411149756407e-40
23.0973708100552635 6.78344367527346797e-41
23.2564469931866675 3.50636023924898269e-41
23.4166187614322112 1.8044011495669154e-41
23.5778936602755174 9.24414146791698802e-42
23.7402792871672794 4.71458618141628132e-42
23.9037832918832329 2.39359444275752607e-42
24.0684133768843473 1.20968963469405491e-42
24.23417729767975 6.08555262577630484e-43
24.4010828631922259 3.04729866474052029e-43
24.5691379361258448 1.51881572503835613e-43
24.7383504333364499 7.53452582158411521e-44
24.9087283262047912 3.72009085190174951e-44
25.0802796410117033 1.82803282073871721e-44
25.2530124593165901 8.93990646369406334e-45
25.4269349183377997 4.35096995908446741e-45
25.6020552113361219 2.10731188966912853e-45
25.7783815880008724 1.01565586153886808e-45
25.9559223548382683 4.87107347215986728e-46
26.1346858755628659 2.32460052603551742e-46
26.3146805714917029 1.10383114555802787e-46
26.4959149219407522 5.21521988704249031e-47
26.6783974646244815 2.45156366453898246e-47
26.8621367960582234 1.14656610219353749e-47
27.0471415719628503 5.33488525535115283e-48
27.2334205076726761 2.46948116033333947e-48
27.4209823785461708 1.13717022522780625e-48
27.6098360203790634 5.2091725295456177e-49
27.7999903298207371 2.37366684790259259e-49
27.9914542647934752 1.07587718917753573e-49
28.1842368449141851 4.85044505706172415e-50
28.378347151919403 2.17500552193429613e-50
28.5737943300933281 0
28.7705875866982552 0
28.968736192408489 0
29.1682494817472282 0
29.3691368535259727 0
29.5714077712874648 0
29.7750717637516615 0
29.9801384252642364 0
30.1866174162489962 0
30.3945184636625996 0
30.6038513614529109 0
30.8146259710205896 0
31.0268522216832814 0
31.2405401111435701 0
31.4556997059601002 0
31.6723411420214731 0
31.8904746250239022 0
32.1101104309521617 0
32.331258906563356 0
32.5539304698744516 0
32.7781356106533011 0
33.0038848909123956 0
33.2311889454066574 0
33.4600584821345635 0
33.6905042828422339 0
33.9225372035315544 0
34.1561681749717394 0
34.3914082032139135 0
34.6282683701097724 0
34.8667598338338252 0
35.1068938294086763 0
35.3486816692344377 0
35.5921347436219051 0
35.8372645213286205 0
36.0840825500997013 0
36.3326004572114059 0
36.5828299500190113 0
36.8347828165086071 0
37.0884709258519436 0
37.3439062289658281 0
37.6011007590752868 0
37.8600666322800379 0
38.1208160481254694 0
38.3833612901775467 0
38.6477147266010661 0
38.9138888107425203 0
39.1818960817169426 0
39.4517491649982048 0
39.7234607730140041 0
39.9970437057449217 0
40.2725108513270129 0
40.5498751866591363 0
40.8291497780145107 0
41.1103477816558183 0
41.3934824444552021 0
41.6785671045184927 0
41.9656151918131499 0
42.2546402288011436 0
42.5456558310761892 0
42.8386757080046365 0
43.1337136633719211 0
43.4307835960322919 0
43.7298995005638176 0
44.0310754679278489 0
44.3343256861324093 0
44.6396644409007664 0
44.9471061163446635 0
45.2566651956414816 0
45.5683562617167226 0
45.8821939979312745 0
46.1981931887725921 0
46.516368720551462 0
46.8367355821035289 0
47.1593088654948431 0
47.484103766733142 0
47.8111355864839567 0
48.1404197307908532 0
48.4719717118015012 0
48.8058071484986371 0
49.1419417674354122 0
49.4803914034764247 0
49.8211720005439958 0
50.1642996123687155 0
50.5097904032459937 0
50.8576606487977827 0
51.2079267367387203 0
51.5606051676488093 0
51.9157125557501118 0
52.2732656296897318 0
52.6332812333280629 0
52.9957763265318818 0
53.3607679859734247 0
53.7282734059352194 0
54.0983098991195135 0
54.470894897464099 0
54.8460459529638271 0
55.2237807384968988 0
55.6041170486576206 0
55.9870728005950795 0
56.3726660348565645 0
56.7609149162376951 0
57.1518377346384838 0
57.545452905924364 0
57.9417789727939621 0
58.3408346056530149 0
58.7426386034932406 0
59.1472098947782712 0
59.5545675383356112 0
59.9647307242539114 0
60.3777187747872759 0
60.7935511452658019 0
61.2122474250113839 0
61.6338273382614048 0
62.058310745097117 0
62.4857176423795977 0
62.9160681646920921 0
63.3493825852878345 0
63.7856813170454657 0
64.2249849134310011 0
64.6673140694653341 0
65.112689622699591 0
65.561132554197016 0
66.0126639895207177 0
66.4673051997291964 0
66.9250776023787637 0
67.3860027625317883 0
67.8501023937729144 0
68.317398359232385 0
68.7879126726151924 0
69.2616674992385555 0
69.7386851570763753 0
70.2189881178099853 0
70.7025990078869739 0
71.1895406095876382 0
71.6798358620973488 0
72.1735078625876127 0
72.6705798673044967 0
73.1710752926633887 0
73.6750177163530395 0
74.1824308784454445 0
74.6933386825145362 0
75.2077651967627219 0
75.7257346551538717 0
76.2472714585552893 0
76.772400175887725 0
77.3011455452818979 0
77.833532475244283 0
78.3695860458309852 0
78.9093315098283199 0
79.4527942939429579 0
80.0000000000000284 0
