0.00000000000000000 0.04168365420101912
0.00000060603270582 0.04168365420101864
0.00000121623926342 0.04168365420101700
0.00000183064841884 0.04168365420101423
0.00000244928911611 0.04168365420101033
0.00000307219049857 0.04168365420100527
0.00000369938191031 0.04168365420099897
0.00000433089289749 0.04168365420099149
0.00000496675320978 0.04168365420098277
0.00000560699280172 0.04168365420097275
0.00000625164183417 0.04168365420096147
0.00000690073067572 0.04168365420094887
0.00000755428990408 0.04168365420093490
0.00000821235030760 0.04168365420091959
0.00000887494288662 0.04168365420090286
0.00000954209885504 0.04168365420088471
0.00001021384964169 0.04168365420086512
0.00001089022689190 0.04168365420084404
0.00001157126246890 0.04168365420082144
0.00001225698845539 0.04168365420079730
0.00001294743715505 0.04168365420077159
0.00001364264109400 0.04168365420074430
0.00001434263302241 0.04168365420071537
0.00001504744591597 0.04168365420068477
0.00001575711297752 0.04168365420065248
0.00001647166763854 0.04168365420061847
0.00001719114356077 0.04168365420058270
0.00001791557463778 0.04168365420054514
0.00001864499499659 0.04168365420050574
0.00001937943899923 0.04168365420046449
0.00002011894124442 0.04168365420042135
0.00002086353656913 0.04168365420037629
0.00002161326005029 0.04168365420032927
0.00002236814700639 0.04168365420028022
0.00002312823299918 0.04168365420022913
0.00002389355383531 0.04168365420017599
0.00002466414556806 0.04168365420012073
0.00002544004449901 0.04168365420006332
0.00002622128717973 0.04168365420000369
0.00002700791041356 0.04168365419994187
0.00002779995125730 0.04168365419987775
0.00002859744702296 0.04168365419981131
0.00002940043527952 0.04168365419974254
0.00003020895385472 0.04168365419967134
0.00003102304083682 0.04168365419959772
0.00003184273457640 0.04168365419952162
0.00003266807368816 0.04168365419944298
0.00003349909705276 0.04168365419936176
0.00003433584381862 0.04168365419927793
0.00003517835340380 0.04168365419919143
0.00003602666549782 0.04168365419910221
0.00003688082006357 0.04168365419901025
0.00003774085733916 0.04168365419891547
0.00003860681783982 0.04168365419881780
0.00003947874235983 0.04168365419871724
0.00004035667197442 0.04168365419861374
0.00004124064804171 0.04168365419850720
0.00004213071220466 0.04168365419839760
0.00004302690639304 0.04168365419828488
0.00004392927282539 0.04168365419816897
0.00004483785401101 0.04168365419804985
0.00004575269275200 0.04168365419792747
0.00004667383214520 0.04168365419780171
0.00004760131558430 0.04168365419767257
0.00004853518676184 0.04168365419753999
0.00004947548967128 0.04168365419740388
0.00005042226860905 0.04168365419726418
0.00005137556817669 0.04168365419712085
0.00005233543328290 0.04168365419697382
0.00005330190914567 0.04168365419682302
0.00005427504129443 0.04168365419666843
0.00005525487557217 0.04168365419650990
0.00005624145813759 0.04168365419634743
0.00005723483546734 0.04168365419618093
0.00005823505435811 0.04168365419601036
0.00005924216192892 0.04168365419583562
0.00006025620562330 0.04168365419565665
0.00006127723321152 0.04168365419547336
0.00006230529279288 0.04168365419528573
0.00006334043279791 0.04168365419509364
0.00006438270199072 0.04168365419489701
0.00006543214947126 0.04168365419469582
0.00006648882467762 0.04168365419448991
0.00006755277738841 0.04168365419427929
0.00006862405772505 0.04168365419406384
0.00006970271615417 0.04168365419384344
0.00007078880348996 0.04168365419361809
0.00007188237089658 0.04168365419338765
0.00007298346989057 0.04168365419315206
0.00007409215234328 0.04168365419291122
0.00007520847048328 0.04168365419266506
0.00007633247689889 0.04168365419241352
0.00007746422454057 0.04168365419215643
0.00007860376672349 0.04168365419189377
0.00007975115712999 0.04168365419162541
0.00008090644981215 0.04168365419135130
0.00008206969919430 0.04168365419107127
0.00008324096007561 0.04168365419078532
0.00008442028763265 0.04168365419049327
0.00008560773742201 0.04168365419019506
0.00008680336538291 0.04168365418989062
0.00008800722783983 0.04168365418957980
0.00008921938150515 0.04168365418926250
0.00009043988348186 0.04168365418893865
0.00009166879126623 0.04168365418860813
0.00009290616275050 0.04168365418827080
0.00009415205622562 0.04168365418792659
0.00009540653038403 0.04168365418757539
0.00009666964432236 0.04168365418721706
0.00009794145754428 0.04168365418685150
0.00009922202996325 0.04168365418647859
0.00010051142190536 0.04168365418609823
0.00010180969411221 0.04168365418571027
0.00010311690774369 0.04168365418531464
0.00010443312438095 0.04168365418491116
0.00010575840602925 0.04168365418449974
0.00010709281512086 0.04168365418408026
0.00010843641451808 0.04168365418365255
0.00010978926751612 0.04168365418321651
0.00011115143784613 0.04168365418277201
0.00011252298967817 0.04168365418231891
0.00011390398762428 0.04168365418185709
0.00011529449674147 0.04168365418138639
0.00011669458253481 0.04168365418090667
0.00011810431096053 0.04168365418041779
0.00011952374842909 0.04168365417991963
0.00012095296180836 0.04168365417941201
0.00012239201842671 0.04168365417889481
0.00012384098607623 0.04168365417836787
0.00012529993301590 0.04168365417783102
0.00012676892797482 0.04168365417728415
0.00012824804015542 0.04168365417672704
0.00012973733923676 0.04168365417615958
0.00013123689537777 0.04168365417558158
0.00013274677922061 0.04168365417499290
0.00013426706189393 0.04168365417439337
0.00013579781501627 0.04168365417378279
0.00013733911069942 0.04168365417316103
0.00013889102155182 0.04168365417252790
0.00014045362068197 0.04168365417188322
0.00014202698170187 0.04168365417122680
0.00014361117873053 0.04168365417055847
0.00014520628639740 0.04168365416987807
0.00014681237984592 0.04168365416918538
0.00014842953473709 0.04168365416848022
0.00015005782725295 0.04168365416776240
0.00015169733410024 0.04168365416703173
0.00015334813251402 0.04168365416628798
0.00015501030026123 0.04168365416553101
0.00015668391564445 0.04168365416476056
0.00015836905750551 0.04168365416397645
0.00016006580522926 0.04168365416317849
0.00016177423874727 0.04168365416236641
0.00016349443854163 0.04168365416154004
0.00016522648564871 0.04168365416069913
0.00016697046166299 0.04168365415984350
0.00016872644874093 0.04168365415897288
0.00017049452960478 0.04168365415808708
0.00017227478754653 0.04168365415718582
0.00017406730643183 0.04168365415626892
0.00017587217070391 0.04168365415533611
0.00017768946538756 0.04168365415438718
0.00017951927609319 0.04168365415342184
0.00018136168902080 0.04168365415243985
0.00018321679096405 0.04168365415144096
0.00018508466931440 0.04168365415042494
0.00018696541206516 0.04168365414939152
0.00018885910781567 0.04168365414834040
0.00019076584577548 0.04168365414727133
0.00019268571576853 0.04168365414618408
0.00019461880823741 0.04168365414507835
0.00019656521424759 0.04168365414395384
0.00019852502549171 0.04168365414281027
0.00020049833429394 0.04168365414164737
0.00020248523361429 0.04168365414046483
0.00020448581705300 0.04168365413926237
0.00020650017885496 0.04168365413803970
0.00020852841391413 0.04168365413679650
0.00021057061777803 0.04168365413553245
0.00021262688665221 0.04168365413424725
0.00021469731740485 0.04168365413294058
0.00021678200757123 0.04168365413161212
0.00021888105535840 0.04168365413026155
0.00022099455964977 0.04168365412888853
0.00022312262000977 0.04168365412749270
0.00022526533668857 0.04168365412607378
0.00022742281062675 0.04168365412463136
0.00022959514346012 0.04168365412316513
0.00023178243752444 0.04168365412167471
0.00023398479586029 0.04168365412015976
0.00023620232221791 0.04168365411861991
0.00023843512106208 0.04168365411705476
0.00024068329757706 0.04168365411546397
0.00024294695767150 0.04168365411384714
0.00024522620798350 0.04168365411220388
0.00024752115588558 0.04168365411053379
0.00024983190948974 0.04168365410883650
0.00025215857765257 0.04168365410711158
0.00025450126998040 0.04168365410535864
0.00025686009683441 0.04168365410357724
0.00025923516933586 0.04168365410176696
0.00026162659937133 0.04168365409992740
0.00026403449959799 0.04168365409805810
0.00026645898344887 0.04168365409615862
0.00026890016513825 0.04168365409422852
0.00027135815966704 0.04168365409226733
0.00027383308282816 0.04168365409027466
0.00027632505121202 0.04168365408824993
0.00027883418221200 0.04168365408619275
0.00028136059403001 0.04168365408410261
0.00028390440568202 0.04168365408197903
0.00028646573700369 0.04168365407982155
0.00028904470865600 0.04168365407762959
0.00029164144213096 0.04168365407540271
0.00029425605975730 0.04168365407314039
0.00029688868470626 0.04168365407084205
0.00029953944099738 0.04168365406850724
0.00030220845350433 0.04168365406613538
0.00030489584796083 0.04168365406372591
0.00030760175096652 0.04168365406127832
0.00031032628999299 0.04168365405879201
0.00031306959338972 0.04168365405626644
0.00031583179039017 0.04168365405370103
0.00031861301111784 0.04168365405109517
0.00032141338659243 0.04168365404844829
0.00032423304873599 0.04168365404575979
0.00032707213037912 0.04168365404302905
0.00032993076526727 0.04168365404025546
0.00033280908806701 0.04168365403743838
0.00033570723437240 0.04168365403457718
0.00033862534071132 0.04168365403167123
0.00034156354455197 0.04168365402871986
0.00034452198430932 0.04168365402572238
0.00034750079935162 0.04168365402267817
0.00035050013000696 0.04168365401958653
0.00035352011756991 0.04168365401644675
0.00035656090430816 0.04168365401325814
0.00035962263346922 0.04168365401001998
0.00036270544928716 0.04168365400673154
0.00036580949698943 0.04168365400339212
0.00036893492280368 0.04168365400000094
0.00037208187396465 0.04168365399655728
0.00037525049872113 0.04168365399306036
0.00037844094634289 0.04168365398950941
0.00038165336712778 0.04168365398590362
0.00038488791240876 0.04168365398224222
0.00038814473456106 0.04168365397852440
0.00039142398700932 0.04168365397474931
0.00039472582423487 0.04168365397091619
0.00039805040178297 0.04168365396702413
0.00040139787627014 0.04168365396307227
0.00040476840539154 0.04168365395905978
0.00040816214792842 0.04168365395498577
0.00041157926375558 0.04168365395084935
0.00041501991384890 0.04168365394664961
0.00041848426029293 0.04168365394238564
0.00042197246628852 0.04168365393805649
0.00042548469616053 0.04168365393366127
0.00042902111536552 0.04168365392919894
0.00043258189049963 0.04168365392466859
0.00043616718930631 0.04168365392006922
0.00043977718068435 0.04168365391539984
0.00044341203469574 0.04168365391065943
0.00044707192257372 0.04168365390584697
0.00045075701673086 0.04168365390096142
0.00045446749076714 0.04168365389600170
0.00045820351947816 0.04168365389096677
0.00046196527886340 0.04168365388585554
0.00046575294613442 0.04168365388066690
0.00046956669972332 0.04168365387539974
0.00047340671929107 0.04168365387005291
0.00047727318573598 0.04168365386462530
0.00048116628120228 0.04168365385911574
0.00048508618908861 0.04168365385352301
0.00048903309405675 0.04168365384784594
0.00049300718204025 0.04168365384208332
0.00049700864025323 0.04168365383623392
0.00050103765719918 0.04168365383029646
0.00050509442267985 0.04168365382426974
0.00050917912780418 0.04168365381815241
0.00051329196499732 0.04168365381194322
0.00051743312800967 0.04168365380564080
0.00052160281192606 0.04168365379924384
0.00052580121317485 0.04168365379275100
0.00053002852953727 0.04168365378616089
0.00053428496015669 0.04168365377947207
0.00053857070554804 0.04168365377268318
0.00054288596760719 0.04168365376579278
0.00054723094962053 0.04168365375879940
0.00055160585627451 0.04168365375170156
0.00055601089366530 0.04168365374449777
0.00056044626930847 0.04168365373718650
0.00056491219214880 0.04168365372976626
0.00056940887257012 0.04168365372223543
0.00057393652240518 0.04168365371459245
0.00057849535494568 0.04168365370683573
0.00058308558495229 0.04168365369896362
0.00058770742866478 0.04168365369097448
0.00059236110381219 0.04168365368286663
0.00059704682962311 0.04168365367463839
0.00060176482683598 0.04168365366628804
0.00060651531770952 0.04168365365781381
0.00061129852603317 0.04168365364921394
0.00061611467713765 0.04168365364048664
0.00062096399790559 0.04168365363163012
0.00062584671678217 0.04168365362264252
0.00063076306378593 0.04168365361352193
0.00063571327051958 0.04168365360426649
0.00064069757018092 0.04168365359487424
0.00064571619757383 0.04168365358534330
0.00065076938911931 0.04168365357567166
0.00065585738286665 0.04168365356585729
0.00066098041850462 0.04168365355589817
0.00066613873737275 0.04168365354579222
0.00067133258247275 0.04168365353553742
0.00067656219847990 0.04168365352513157
0.00068182783175460 0.04168365351457257
0.00068712973035400 0.04168365350385821
0.00069246814404364 0.04168365349298631
0.00069784332430924 0.04168365348195463
0.00070325552436855 0.04168365347076085
0.00070870499918329 0.04168365345940271
0.00071419200547112 0.04168365344787784
0.00071971680171777 0.04168365343618394
0.00072527964818920 0.04168365342431852
0.00073088080694388 0.04168365341227920
0.00073652054184512 0.04168365340006351
0.00074219911857348 0.04168365338766888
0.00074791680463933 0.04168365337509287
0.00075367386939543 0.04168365336233286
0.00075947058404960 0.04168365334938621
0.00076530722167754 0.04168365333625031
0.00077118405723566 0.04168365332292247
0.00077710136757402 0.04168365330939995
0.00078305943144943 0.04168365329568003
0.00078905852953852 0.04168365328175989
0.00079509894445100 0.04168365326763668
0.00080118096074297 0.04168365325330751
0.00080730486493030 0.04168365323876954
0.00081347094550215 0.04168365322401972
0.00081967949293455 0.04168365320905511
0.00082593079970410 0.04168365319387262
0.00083222516030174 0.04168365317846921
0.00083856287124660 0.04168365316284176
0.00084494423109999 0.04168365314698708
0.00085136954047950 0.04168365313090193
0.00085783910207307 0.04168365311458310
0.00086435322065335 0.04168365309802727
0.00087091220309199 0.04168365308123108
0.00087751635837411 0.04168365306419113
0.00088416599761289 0.04168365304690402
0.00089086143406418 0.04168365302936618
0.00089760298314128 0.04168365301157415
0.00090439096242980 0.04168365299352427
0.00091122569170262 0.04168365297521295
0.00091810749293494 0.04168365295663647
0.00092503669031947 0.04168365293779113
0.00093201361028169 0.04168365291867308
0.00093903858149521 0.04168365289927851
0.00094611193489729 0.04168365287960348
0.00095323400370442 0.04168365285964411
0.00096040512342800 0.04168365283939634
0.00096762563189013 0.04168365281885610
0.00097489586923960 0.04168365279801925
0.00098221617796781 0.04168365277688166
0.00098958690292501 0.04168365275543907
0.00099700839133644 0.04168365273368720
0.00100448099281878 0.04168365271162167
0.00101200505939656 0.04168365268923806
0.00101958094551878 0.04168365266653191
0.00102720900807557 0.04168365264349869
0.00103488960641504 0.04168365262013378
0.00104262310236019 0.04168365259643250
0.00105040986022595 0.04168365257239014
0.00105825024683636 0.04168365254800187
0.00106614463154184 0.04168365252326287
0.00107409338623658 0.04168365249816820
0.00108209688537607 0.04168365247271282
0.00109015550599474 0.04168365244689171
0.00109826962772375 0.04168365242069971
0.00110643963280880 0.04168365239413159
0.00111466590612820 0.04168365236718209
0.00112294883521100 0.04168365233984587
0.00113128881025522 0.04168365231211744
0.00113968622414621 0.04168365228399133
0.00114814147247525 0.04168365225546198
0.00115665495355806 0.04168365222652370
0.00116522706845369 0.04168365219717076
0.00117385822098330 0.04168365216739735
0.00118254881774927 0.04168365213719754
0.00119129926815430 0.04168365210656538
0.00120010998442074 0.04168365207549479
0.00120898138160997 0.04168365204397961
0.00121791387764197 0.04168365201201368
0.00122690789331501 0.04168365197959061
0.00123596385232548 0.04168365194670400
0.00124508218128781 0.04168365191334738
0.00125426330975463 0.04168365187951414
0.00126350767023696 0.04168365184519766
0.00127281569822460 0.04168365181039108
0.00128218783220664 0.04168365177508763
0.00129162451369212 0.04168365173928028
0.00130112618723083 0.04168365170296204
0.00131069330043425 0.04168365166612571
0.00132032630399665 0.04168365162876406
0.00133002565171628 0.04168365159086976
0.00133979180051682 0.04168365155243533
0.00134962521046882 0.04168365151345322
0.00135952634481143 0.04168365147391579
0.00136949566997423 0.04168365143381528
0.00137953365559914 0.04168365139314377
0.00138964077456262 0.04168365135189335
0.00139981750299789 0.04168365131005589
0.00141006432031739 0.04168365126762318
0.00142038170923537 0.04168365122458695
0.00143077015579059 0.04168365118093871
0.00144123014936926 0.04168365113666996
0.00145176218272806 0.04168365109177204
0.00146236675201740 0.04168365104623616
0.00147304435680474 0.04168365100005339
0.00148379550009815 0.04168365095321471
0.00149462068837002 0.04168365090571102
0.00150552043158087 0.04168365085753298
0.00151649524320343 0.04168365080867121
0.00152754564024681 0.04168365075911617
0.00153867214328084 0.04168365070885822
0.00154987527646060 0.04168365065788756
0.00156115556755113 0.04168365060619422
0.00157251354795226 0.04168365055376817
0.00158394975272368 0.04168365050059916
0.00159546472061013 0.04168365044667689
0.00160705899406676 0.04168365039199084
0.00161873311928472 0.04168365033653038
0.00163048764621685 0.04168365028028473
0.00164232312860364 0.04168365022324295
0.00165424012399926 0.04168365016539400
0.00166623919379787 0.04168365010672660
0.00167832090326005 0.04168365004722939
0.00169048582153940 0.04168364998689084
0.00170273452170940 0.04168364992569924
0.00171506758079040 0.04168364986364271
0.00172748557977676 0.04168364980070920
0.00173998910366426 0.04168364973688660
0.00175257874147765 0.04168364967216254
0.00176525508629839 0.04168364960652447
0.00177801873529259 0.04168364953995966
0.00179087028973917 0.04168364947245530
0.00180381035505814 0.04168364940399830
0.00181683954083913 0.04168364933457545
0.00182995846087016 0.04168364926417338
0.00184316773316647 0.04168364919277845
0.00185646797999970 0.04168364912037693
0.00186985982792719 0.04168364904695480
0.00188334390782146 0.04168364897249796
0.00189692085489999 0.04168364889699201
0.00191059130875509 0.04168364882042246
0.00192435591338407 0.04168364874277451
0.00193821531721954 0.04168364866403326
0.00195217017315999 0.04168364858418355
0.00196622113860054 0.04168364850321001
0.00198036887546389 0.04168364842109709
0.00199461405023152 0.04168364833782900
0.00200895733397509 0.04168364825338979
0.00202339940238804 0.04168364816776320
0.00203794093581742 0.04168364808093279
0.00205258261929597 0.04168364799288195
0.00206732514257435 0.04168364790359379
0.00208216920015365 0.04168364781305117
0.00209711549131812 0.04168364772123677
0.00211216472016810 0.04168364762813299
0.00212731759565318 0.04168364753372203
0.00214257483160563 0.04168364743798580
0.00215793714677397 0.04168364734090603
0.00217340526485689 0.04168364724246416
0.00218897991453733 0.04168364714264135
0.00220466182951677 0.04168364704141854
0.00222045174854982 0.04168364693877643
0.00223635041547903 0.04168364683469541
0.00225235857926994 0.04168364672915565
0.00226847699404630 0.04168364662213702
0.00228470641912567 0.04168364651361915
0.00230104761905517 0.04168364640358133
0.00231750136364746 0.04168364629200264
0.00233406842801705 0.04168364617886183
0.00235074959261680 0.04168364606413741
0.00236754564327467 0.04168364594780755
0.00238445737123077 0.04168364582985012
0.00240148557317460 0.04168364571024276
0.00241863105128260 0.04168364558896275
0.00243589461325595 0.04168364546598705
0.00245327707235861 0.04168364534129236
0.00247077924745560 0.04168364521485505
0.00248840196305164 0.04168364508665112
0.00250614604932993 0.04168364495665636
0.00252401234219130 0.04168364482484609
0.00254200168329356 0.04168364469119538
0.00256011492009119 0.04168364455567902
0.00257835290587520 0.04168364441827135
0.00259671649981338 0.04168364427894639
0.00261520656699076 0.04168364413767786
0.00263382397845036 0.04168364399443907
0.00265256961123421 0.04168364384920305
0.00267144434842469 0.04168364370194236
0.00269044907918612 0.04168364355262932
0.00270958469880665 0.04168364340123572
0.00272885210874043 0.04168364324773315
0.00274825221665007 0.04168364309209264
0.00276778593644944 0.04168364293428501
0.00278745418834666 0.04168364277428055
0.00280725789888750 0.04168364261204920
0.00282719800099900 0.04168364244756054
0.00284727543403344 0.04168364228078369
0.00286749114381257 0.04168364211168733
0.00288784608267220 0.04168364194023986
0.00290834120950700 0.04168364176640912
0.00292897748981576 0.04168364159016251
0.00294975589574679 0.04168364141146717
0.00297067740614377 0.04168364123028957
0.00299174300659185 0.04168364104659594
0.00301295368946406 0.04168364086035190
0.00303431045396808 0.04168364067152276
0.00305581430619332 0.04168364048007323
0.00307746625915828 0.04168364028596763
0.00309926733285830 0.04168364008916983
0.00312121855431360 0.04168363988964314
0.00314332095761769 0.04168363968735046
0.00316557558398603 0.04168363948225416
0.00318798348180513 0.04168363927431613
0.00321054570668190 0.04168363906349772
0.00323326332149341 0.04168363884975985
0.00325613739643695 0.04168363863306285
0.00327916900908044 0.04168363841336651
0.00330235924441319 0.04168363819063018
0.00332570919489702 0.04168363796481264
0.00334921996051774 0.04168363773587207
0.00337289264883693 0.04168363750376618
0.00339672837504414 0.04168363726845208
0.00342072826200945 0.04168363702988634
0.00344489344033629 0.04168363678802493
0.00346922504841481 0.04168363654282328
0.00349372423247539 0.04168363629423621
0.00351839214664275 0.04168363604221800
0.00354322995299023 0.04168363578672225
0.00356823882159458 0.04168363552770202
0.00359341993059108 0.04168363526510974
0.00361877446622901 0.04168363499889721
0.00364430362292757 0.04168363472901565
0.00367000860333214 0.04168363445541556
0.00369589061837089 0.04168363417804690
0.00372195088731191 0.04168363389685887
0.00374819063782055 0.04168363361180014
0.00377461110601734 0.04168363332281861
0.00380121353653618 0.04168363302986153
0.00382799918258295 0.04168363273287552
0.00385496930599461 0.04168363243180649
0.00388212517729859 0.04168363212659959
0.00390946807577267 0.04168363181719933
0.00393699928950523 0.04168363150354954
0.00396472011545594 0.04168363118559323
0.00399263185951686 0.04168363086327277
0.00402073583657394 0.04168363053652975
0.00404903337056898 0.04168363020530497
0.00407752579456202 0.04168362986953859
0.00410621445079408 0.04168362952916992
0.00413510069075045 0.04168362918413751
0.00416418587522431 0.04168362883437914
0.00419347137438088 0.04168362847983180
0.00422295856782194 0.04168362812043167
0.00425264884465081 0.04168362775611413
0.00428254360353781 0.04168362738681377
0.00431264425278616 0.04168362701246433
0.00434295221039828 0.04168362663299870
0.00437346890414265 0.04168362624834889
0.00440419577162101 0.04168362585844618
0.00443513426033611 0.04168362546322091
0.00446628582775994 0.04168362506260249
0.00449765194140230 0.04168362465651956
0.00452923407888002 0.04168362424489985
0.00456103372798652 0.04168362382767007
0.00459305238676189 0.04168362340475616
0.00462529156356352 0.04168362297608308
0.00465775277713708 0.04168362254157489
0.00469043755668813 0.04168362210115464
0.00472334744195411 0.04168362165474448
0.00475648398327694 0.04168362120226565
0.00478984874167595 0.04168362074363833
0.00482344328892152 0.04168362027878178
0.00485726920760908 0.04168361980761420
0.00489132809123367 0.04168361933005291
0.00492562154426498 0.04168361884601412
0.00496015118222299 0.04168361835541303
0.00499491863175403 0.04168361785816386
0.00502992553070742 0.04168361735417975
0.00506517352821265 0.04168361684337277
0.00510066428475703 0.04168361632565402
0.00513639947226393 0.04168361580093344
0.00517238077417156 0.04168361526911992
0.00520860988551227 0.04168361473012127
0.00524508851299234 0.04168361418384414
0.00528181837507249 0.04168361363019416
0.00531880120204874 0.04168361306907574
0.00535603873613397 0.04168361250039226
0.00539353273153997 0.04168361192404586
0.00543128495456009 0.04168361133993761
0.00546929718365248 0.04168361074796732
0.00550757120952378 0.04168361014803373
0.00554610883521359 0.04168360954003434
0.00558491187617932 0.04168360892386543
0.00562398216038176 0.04168360829942212
0.00566332152837118 0.04168360766659834
0.00570293183337404 0.04168360702528667
0.00574281494138029 0.04168360637537862
0.00578297273123128 0.04168360571676435
0.00582340709470825 0.04168360504933276
0.00586411993662146 0.04168360437297153
0.00590511317489996 0.04168360368756707
0.00594638874068188 0.04168360299300446
0.00598794857840543 0.04168360228916747
0.00602979464590051 0.04168360157593865
0.00607192891448094 0.04168360085319915
0.00611435336903731 0.04168360012082886
0.00615707000813049 0.04168359937870629
0.00620008084408578 0.04168359862670863
0.00624338790308773 0.04168359786471172
0.00628699322527555 0.04168359709259001
0.00633089886483926 0.04168359631021664
0.00637510689011644 0.04168359551746332
0.00641961938368965 0.04168359471420040
0.00646443844248456 0.04168359390029677
0.00650956617786875 0.04168359307562002
0.00655500471575113 0.04168359224003624
0.00660075619668212 0.04168359139341022
0.00664682277595447 0.04168359053560518
0.00669320662370483 0.04168358966648297
0.00673990992501593 0.04168358878590405
0.00678693488001954 0.04168358789372735
0.00683428370400013 0.04168358698981037
0.00688195862749922 0.04168358607400920
0.00692996189642044 0.04168358514617839
0.00697829577213536 0.04168358420617108
0.00702696253158998 0.04168358325383890
0.00707596446741206 0.04168358228903200
0.00712530388801904 0.04168358131159906
0.00717498311772688 0.04168358032138728
0.00722500449685944 0.04168357931824232
0.00727537038185885 0.04168357830200839
0.00732608314539645 0.04168357727252817
0.00737714517648455 0.04168357622964287
0.00742855888058902 0.04168357517319217
0.00748032667974261 0.04168357410301422
0.00753245101265898 0.04168357301894576
0.00758493433484768 0.04168357192082191
0.00763777911872974 0.04168357080847635
0.00769098785375419 0.04168356968174122
0.00774456304651533 0.04168356854044723
0.00779850722087083 0.04168356738442345
0.00785282291806056 0.04168356621349759
0.00790751269682637 0.04168356502749578
0.00796257913353260 0.04168356382624267
0.00801802482228748 0.04168356260956151
0.00807385237506527 0.04168356137727391
0.00813006442182937 0.04168356012920015
0.00818666361065620 0.04168355886515896
0.00824365260785992 0.04168355758496764
0.00830103409811806 0.04168355628844204
0.00835881078459801 0.04168355497539658
0.00841698538908430 0.04168355364564418
0.00847556065210689 0.04168355229899648
0.00853453933307024 0.04168355093526357
0.00859392421038329 0.04168354955425425
0.00865371808159037 0.04168354815577590
0.00871392376350298 0.04168354673963456
0.00877454409233250 0.04168354530563495
0.00883558192382376 0.04168354385358041
0.00889704013338961 0.04168354238327302
0.00895892161624638 0.04168354089451356
0.00902122928755021 0.04168353938710161
0.00908396608253449 0.04168353786083542
0.00914713495664801 0.04168353631551214
0.00921073888569427 0.04168353475092769
0.00927478086597164 0.04168353316687681
0.00933926391441452 0.04168353156315319
0.00940419106873544 0.04168352993954936
0.00946956538756820 0.04168352829585688
0.00953538995061192 0.04168352663186623
0.00960166785877617 0.04168352494736696
0.00966840223432696 0.04168352324214763
0.00973559622103396 0.04168352151599597
0.00980325298431847 0.04168351976869882
0.00987137571140260 0.04168351800004219
0.00993996761145943 0.04168351620981141
0.01000903191576417 0.04168351439779106
0.01007857187784633 0.04168351256376508
0.01014859077364310 0.04168351070751675
0.01021909190165358 0.04168350882882894
0.01029007858309422 0.04168350692748398
0.01036155416205525 0.04168350500326375
0.01043352200565821 0.04168350305594987
0.01050598550421464 0.04168350108532361
0.01057894807138568 0.04168349909116609
0.01065241314434297 0.04168349707325830
0.01072638418393055 0.04168349503138114
0.01080086467482788 0.04168349296531559
0.01087585812571401 0.04168349087484275
0.01095136806943289 0.04168348875974392
0.01102739806315972 0.04168348661980070
0.01110395168856863 0.04168348445479515
0.01118103255200134 0.04168348226450974
0.01125864428463708 0.04168348004872763
0.01133679054266361 0.04168347780723263
0.01141547500744952 0.04168347553980947
0.01149470138571760 0.04168347324624375
0.01157447340971946 0.04168347092632219
0.01165479483741141 0.04168346857983268
0.01173566945263146 0.04168346620656447
0.01181710106527750 0.04168346380630824
0.01189909351148690 0.04168346137885638
0.01198165065381718 0.04168345892400288
0.01206477638142790 0.04168345644154382
0.01214847461026398 0.04168345393127725
0.01223274928324013 0.04168345139300349
0.01231760437042657 0.04168344882652521
0.01240304386923608 0.04168344623164774
0.01248907180461233 0.04168344360817924
0.01257569222921947 0.04168344095593064
0.01266290922363301 0.04168343827471622
0.01275072689653214 0.04168343556435352
0.01283914938489322 0.04168343282466370
0.01292818085418463 0.04168343005547169
0.01301782549856311 0.04168342725660648
0.01310808754107126 0.04168342442790127
0.01319897123383649 0.04168342156919383
0.01329048085827137 0.04168341868032660
0.01338262072527526 0.04168341576114705
0.01347539517543749 0.04168341281150805
0.01356880857924170 0.04168340983126789
0.01366286533727186 0.04168340682029079
0.01375756988041951 0.04168340377844711
0.01385292667009247 0.04168340070561360
0.01394894019842510 0.04168339760167396
0.01404561498848984 0.04168339446651880
0.01414295559451028 0.04168339130004630
0.01424096660207578 0.04168338810216245
0.01433965262835744 0.04168338487278135
0.01443901832232557 0.04168338161182567
0.01453906836496878 0.04168337831922703
0.01463980746951446 0.04168337499492638
0.01474124038165079 0.04168337163887439
0.01484337187975032 0.04168336825103198
0.01494620677509509 0.04168336483137061
0.01504974991210328 0.04168336137987293
0.01515400616855738 0.04168335789653303
0.01525898045583403 0.04168335438135711
0.01536467771913538 0.04168335083436392
0.01547110293772201 0.04168334725558528
0.01557826112514755 0.04168334364506660
0.01568615732949484 0.04168334000286744
0.01579479663361371 0.04168333632906215
0.01590418415536049 0.04168333262374038
0.01601432504783903 0.04168332888700765
0.01612522449964356 0.04168332511898620
0.01623688773510297 0.04168332131981529
0.01634932001452705 0.04168331748965225
0.01646252663445428 0.04168331362867289
0.01657651292790123 0.04168330973707229
0.01669128426461396 0.04168330581506566
0.01680684605132086 0.04168330186288888
0.01692320373198737 0.04168329788079955
0.01704036278807250 0.04168329386907747
0.01715832873878701 0.04168328982802579
0.01727710714135337 0.04168328575797168
0.01739670359126766 0.04168328165926728
0.01751712372256306 0.04168327753229059
0.01763837320807536 0.04168327337744644
0.01776045775971008 0.04168326919516747
0.01788338312871166 0.04168326498591507
0.01800715510593438 0.04168326075018046
0.01813177952211507 0.04168325648848577
0.01825726224814788 0.04168325220138511
0.01838360919536085 0.04168324788946568
0.01851082631579428 0.04168324355334901
0.01863891960248128 0.04168323919369211
0.01876789508972999 0.04168323481118863
0.01889775885340782 0.04168323040657037
0.01902851701122779 0.04168322598060834
0.01916017572303663 0.04168322153411429
0.01929274119110504 0.04168321706794191
0.01942621966041975 0.04168321258298865
0.01956061741897786 0.04168320808019674
0.01969594079808299 0.04168320356055501
0.01983219617264347 0.04168319902510044
0.01996938996147281 0.04168319447491962
0.02010752862759195 0.04168318991115073
0.02024661867853376 0.04168318533498482
0.02038666666664964 0.04168318074766808
0.02052767918941817 0.04168317615050322
0.02066966288975585 0.04168317154485178
0.02081262445633016 0.04168316693213562
0.02095657062387454 0.04168316231383933
0.02110150817350574 0.04168315769151193
0.02124744393304316 0.04168315306676932
0.02139438477733065 0.04168314844129625
0.02154233762856028 0.04168314381684859
0.02169130945659838 0.04168313919525573
0.02184130727931404 0.04168313457842290
0.02199233816290960 0.04168312996833359
0.02214440922225352 0.04168312536705224
0.02229752762121561 0.04168312077672663
0.02245170057300452 0.04168311619959069
0.02260693534050743 0.04168311163796728
0.02276323923663236 0.04168310709427090
0.02292061962465255 0.04168310257101079
0.02307908391855340 0.04168309807079375
0.02323863958338165 0.04168309359632744
0.02339929413559715 0.04168308915042346
0.02356105514342692 0.04168308473600060
0.02372393022722160 0.04168308035608836
0.02388792705981457 0.04168307601383028
0.02405305336688331 0.04168307171248762
0.02421931692731334 0.04168306745544307
0.02438672557356476 0.04168306324620443
0.02455528719204117 0.04168305908840871
0.02472500972346112 0.04168305498582595
0.02489590116323235 0.04168305094236353
0.02506796956182830 0.04168304696207028
0.02524122302516745 0.04168304304914108
0.02541566971499507 0.04168303920792116
0.02559131784926784 0.04168303544291086
0.02576817570254092 0.04168303175877043
0.02594625160635771 0.04168302816032490
0.02612555394964243 0.04168302465256916
0.02630609117909530 0.04168302124067321
0.02648787179959031 0.04168301792998753
0.02667090437457610 0.04168301472604852
0.02685519752647922 0.04168301163458431
0.02704075993711031 0.04168300866152044
0.02722760034807320 0.04168300581298613
0.02741572756117663 0.04168300309532017
0.02760515043884895 0.04168300051507757
0.02779587790455549 0.04168299807903592
0.02798791894321911 0.04168299579420226
0.02818128260164339 0.04168299366781991
0.02837597798893873 0.04168299170737572
0.02857201427695161 0.04168298992060736
0.02876940070069660 0.04168298831551089
0.02896814655879134 0.04168298690034854
0.02916826121389472 0.04168298568365676
0.02936975409314790 0.04168298467425430
0.02957263468861828 0.04168298388125086
0.02977691255774686 0.04168298331405575
0.02998259732379836 0.04168298298238678
0.03018969867631460 0.04168298289627954
0.03039822637157088 0.04168298306609695
0.03060819023303571 0.04168298350253887
0.03081960015183355 0.04168298421665228
0.03103246608721064 0.04168298521984150
0.03124679806700435 0.04168298652387889
0.03146260618811551 0.04168298814091576
0.03167990061698394 0.04168299008349360
0.03189869159006760 0.04168299236455561
0.03211898941432467 0.04168299499745865
0.03234080446769906 0.04168299799598545
0.03256414719960946 0.04168300137435718
0.03278902813144147 0.04168300514724639
0.03301545785704333 0.04168300932979035
0.03324344704322482 0.04168301393760475
0.03347300643026002 0.04168301898679770
0.03370414683239309 0.04168302449398430
0.03393687913834766 0.04168303047630154
0.03417121431184000 0.04168303695142351
0.03440716339209538 0.04168304393757732
0.03464473749436801 0.04168305145355909
0.03488394781046485 0.04168305951875090
0.03512480560927281 0.04168306815313765
0.03536732223728946 0.04168307737732488
0.03561150911915772 0.04168308721255680
0.03585737775820400 0.04168309768073498
0.03610493973698011 0.04168310880443744
0.03635420671780883 0.04168312060693849
0.03660519044333343 0.04168313311222897
0.03685790273707081 0.04168314634503698
0.03711235550396835 0.04168316033084950
0.03736856073096499 0.04168317509593428
0.03762653048755576 0.04168319066736267
0.03788627692636030 0.04168320707303277
0.03814781228369551 0.04168322434169351
0.03841114888015196 0.04168324250296933
0.03867629912117412 0.04168326158738538
0.03894327549764499 0.04168328162639378
0.03921209058647443 0.04168330265240029
0.03948275705119166 0.04168332469879183
0.03975528764254173 0.04168334779996504
0.04002969519908633 0.04168337199135516
0.04030599264780860 0.04168339730946619
0.04058419300472190 0.04168342379190148
0.04086430937548322 0.04168345147739570
0.04114635495601049 0.04168348040584709
0.04143034303310408 0.04168351061835118
0.04171628698507298 0.04168354215723512
0.04200420028236487 0.04168357506609312
0.04229409648820062 0.04168360938982266
0.04258598925921348 0.04168364517466228
0.04287989234609223 0.04168368246822967
0.04317581959422907 0.04168372131956143
0.04347378494437166 0.04168376177915371
0.04377380243328013 0.04168380389900397
0.04407588619438821 0.04168384773265396
0.04438005045846889 0.04168389333523395
0.04468630955430507 0.04168394076350820
0.04499467790936444 0.04168399007592145
0.04530517005047906 0.04168404133264726
0.04561780060452988 0.04168409459563707
0.04593258429913571 0.04168414992867112
0.04624953596334689 0.04168420739741054
0.04656867052834411 0.04168426706945110
0.04689000302814165 0.04168432901437809
0.04721354860029565 0.04168439330382328
0.04753932248661712 0.04168446001152300
0.04786734003389014 0.04168452921337808
0.04819761669459478 0.04168460098751543
0.04853016802763484 0.04168467541435136
0.04886500969907115 0.04168475257665653
0.04920215748285936 0.04168483255962295
0.04954162726159295 0.04168491545093261
0.04988343502725170 0.04168500134082831
0.05022759688195493 0.04168509032218613
0.05057412903871987 0.04168518249059017
0.05092304782222574 0.04168527794440936
0.05127436966958262 0.04168537678487621
0.05162811113110581 0.04168547911616809
0.05198428887109539 0.04168558504549044
0.05234291966862144 0.04168569468316244
0.05270402041831444 0.04168580814270524
0.05306760813116093 0.04168592554093233
0.05343369993530521 0.04168604699804258
0.05380231307685603 0.04168617263771601
0.05417346492069896 0.04168630258721195
0.05454717295131468 0.04168643697747013
0.05492345477360246 0.04168657594321448
0.05530232811370946 0.04168671962305988
0.05568381081986596 0.04168686815962191
0.05606792086322609 0.04168702169962956
0.05645467633871443 0.04168718039404101
0.05684409546587828 0.04168734439816284
0.05723619658974628 0.04168751387177247
0.05763099818169241 0.04168768897924378
0.05802851884030608 0.04168786988967667
0.05842877729226850 0.04168805677702962
0.05883179239323479 0.04168824982025648
0.05923758312872209 0.04168844920344681
0.05964616861500417 0.04168865511597006
0.06005756810001192 0.04168886775262378
0.06047180096423987 0.04168908731378599
0.06088888672165952 0.04168931400557185
0.06130884502063842 0.04168954803999440
0.06173169564486587 0.04168978963512997
0.06215745851428463 0.04169003901528816
0.06258615368602982 0.04169029641118639
0.06301780135537340 0.04169056206012939
0.06345242185667553 0.04169083620619363
0.06389003566434281 0.04169111910041675
0.06433066339379256 0.04169141100099243
0.06477432580242388 0.04169171217347039
0.06522104379059587 0.04169202289096214
0.06567083840261197 0.04169234343435220
0.06612373082771117 0.04169267409251536
0.06657974240106661 0.04169301516253970
0.06703889460479043 0.04169336694995603
0.06750120906894577 0.04169372976897335
0.06796670757256559 0.04169410394272106
0.06843541204467901 0.04169448980349767
0.06890734456534416 0.04169488769302646
0.06938252736668807 0.04169529796271811
0.06986098283395459 0.04169572097394062
0.07034273350655847 0.04169615709829654
0.07082780207914721 0.04169660671790798
0.07131621140267042 0.04169707022570933
0.07180798448545608 0.04169754802574802
0.07230314449429440 0.04169804053349376
0.07280171475552941 0.04169854817615585
0.07330371875615763 0.04169907139300959
0.07380918014493468 0.04169961063573154
0.07431812273348896 0.04170016636874381
0.07483057049744396 0.04170073906956794
0.07534654757754738 0.04170132922918852
0.07586607828080817 0.04170193735242673
0.07638918708164215 0.04170256395832385
0.07691589862302453 0.04170320958053575
0.07744623771765087 0.04170387476773789
0.07798022934910616 0.04170456008404126
0.07851789867304167 0.04170526610942006
0.07905927101835979 0.04170599344015071
0.07960437188840763 0.04170674268926317
0.08015322696217819 0.04170751448700433
0.08070586209552016 0.04170830948131410
0.08126230332235576 0.04170912833831471
0.08182257685590748 0.04170997174281301
0.08238670908993284 0.04171084039881680
0.08295472659996748 0.04171173503006486
0.08352665614457758 0.04171265638057185
0.08410252466662016 0.04171360521518760
0.08468235929451211 0.04171458232017217
0.08526618734350867 0.04171558850378573
0.08585403631698994 0.04171662459689553
0.08644593390775629 0.04171769145359840
0.08704190799933344 0.04171878995186073
0.08764198666728568 0.04171992099417571
0.08824619818053861 0.04172108550823823
0.08885457100271059 0.04172228444763838
0.08946713379345408 0.04172351879257348
0.09008391540980545 0.04172478955057961
0.09070494490754430 0.04172609775728275
0.09133025154256254 0.04172744447717048
0.09195986477224254 0.04172883080438450
0.09259381425684444 0.04173025786353431
0.09323212986090400 0.04173172681053339
0.09387484165463919 0.04173323883345754
0.09452197991536644 0.04173479515342655
0.09517357512892761 0.04173639702550968
0.09582965799112571 0.04173804573965565
0.09649025940917109 0.04173974262164745
0.09715541050313714 0.04174148903408311
0.09782514260742688 0.04174328637738277
0.09849948727224871 0.04174513609082291
0.09917847626510250 0.04174703965359833
0.09986214157227666 0.04174899858591269
0.10055051540035467 0.04175101445009842
0.10124363017773205 0.04175308885176662
0.10194151855614454 0.04175522344098784
0.10264421341220598 0.04175741991350451
0.10335174784895693 0.04175968001197587
0.10406415519742446 0.04176200552725618
0.10478146901819221 0.04176439829970741
0.10550372310298135 0.04176686022054648
0.10623095147624222 0.04176939323322926
0.10696318839675767 0.04177199933487066
0.10770046835925672 0.04177468057770352
0.10844282609603929 0.04177743907057574
0.10919029657861286 0.04178027698048763
0.10994291501933974 0.04178319653417009
0.11070071687309559 0.04178620001970489
0.11146373783894017 0.04178928978818792
0.11223201386179885 0.04179246825543680
0.11300558113415557 0.04179573790374357
0.11378447609775848 0.04179910128367430
0.11456873544533624 0.04180256101591592
0.11535839612232673 0.04180611979317247
0.11615349532861717 0.04180978038211110
0.11695407052029710 0.04181354562535979
0.11776015941142259 0.04181741844355797
0.11857179997579269 0.04182140183746100
0.11938903044873875 0.04182549889010025
0.12021188932892556 0.04182971276900038
0.12104041538016444 0.04183404672845469
0.12187464763324013 0.04183850411186039
0.12271462538774915 0.04184308835411562
0.12356038821395075 0.04184780298407882
0.12441197595463170 0.04185265162709312
0.12526942872698282 0.04185763800757686
0.12613278692448912 0.04186276595168166
0.12700209121883205 0.04186803939002032
0.12787738256180636 0.04187346236046593
0.12875870218724889 0.04187903901102405
0.12964609161298060 0.04188477360277997
0.13053959264276330 0.04189067051292236
0.13143924736826845 0.04189673423784614
0.13234509817105980 0.04190296939633575
0.13325718772459053 0.04190938073283116
0.13417555899621331 0.04191597312077852
0.13510025524920402 0.04192275156606781
0.13603132004480051 0.04192972121055943
0.13696879724425431 0.04193688733570190
0.13791273101089702 0.04194425536624304
0.13886316581222044 0.04195183087403695
0.13982014642197194 0.04195961958194887
0.14078371792226346 0.04196762736786080
0.14175392570569484 0.04197586026877975
0.14273081547749294 0.04198432448505170
0.14371443325766448 0.04199302638468338
0.14470482538316343 0.04200197250777481
0.14570203851007471 0.04201116957106501
0.14670611961581190 0.04202062447259391
0.14771711600132961 0.04203034429648299
0.14873507529335270 0.04204033631783769
0.14976004544661942 0.04205060800777428
0.15079207474614068 0.04206116703857468
0.15183121180947412 0.04207202128897132
0.15287750558901539 0.04208317884956650
0.15393100537430371 0.04209464802838794
0.15499176079434338 0.04210643735658498
0.15605982181994271 0.04211855559426801
0.15713523876606758 0.04213101173649487
0.15821806229421123 0.04214381501940723
0.15930834341478184 0.04215697492652125
0.16040613348950503 0.04217050119517506
0.16151148423384307 0.04218440382313766
0.16262444771943196 0.04219869307538241
0.16374507637653393 0.04221337949102900
0.16487342299650756 0.04222847389045804
0.16600954073429422 0.04224398738260178
0.16715348311092296 0.04225993137241543
0.16830530401603144 0.04227631756853277
0.16946505771040399 0.04229315799111076
0.17063279882852889 0.04231046497986657
0.17180858238117150 0.04232825120231246
0.17299246375796537 0.04234652966219191
0.17418449873002248 0.04236531370812203
0.17538474345256003 0.04238461704244697
0.17659325446754551 0.04240445373030628
0.17781008870636109 0.04242483820892386
0.17903530349248506 0.04244578529712172
0.18026895654419256 0.04246731020506336
0.18151110597727393 0.04248942854423250
0.18276181030777353 0.04251215633765138
0.18402112845474572 0.04253551003034415
0.18528911974303014 0.04255950650005075
0.18656584390604733 0.04258416306819639
0.18785136108861214 0.04260949751112177
0.18914573184976669 0.04263552807158030
0.19044901716563412 0.04266227347050705
0.19176127843229071 0.04268975291906547
0.19308257746865756 0.04271798613097774
0.19441297651941386 0.04274699333514411
0.19575253825792849 0.04277679528855782
0.19710132578921277 0.04280741328952069
0.19845940265289264 0.04283886919116621
0.19982683282620289 0.04287118541529586
0.20120368072700057 0.04290438496653487
0.20259001121679915 0.04293849144681387
0.20398588960382499 0.04297352907018264
0.20539138164609347 0.04300952267796247
0.20680655355450628 0.04304649775424344
0.20823147199597156 0.04308448044173355
0.20966620409654391 0.04312349755796583
0.21111081744458601 0.04316357661187065
0.21256538009395401 0.04320474582071940
0.21402996056720233 0.04324703412744701
0.21550462785881241 0.04329047121835943
0.21698945143844184 0.04333508754123358
0.21848450125419838 0.04338091432381645
0.21998984773593447 0.04342798359273029
0.22150556179856454 0.04347632819279117
0.22303171484540685 0.04352598180674774
0.22456837877154651 0.04357697897544713
0.22611562596722207 0.04362935511843571
0.22767352932123661 0.04368314655500130
0.22924216222439106 0.04373839052566401
0.23082159857294077 0.04379512521412302
0.23241191277207801 0.04385338976966654
0.23401317973943619 0.04391322433005164
0.23562547490861963 0.04397467004486180
0.23724887423275626 0.04403776909934812
0.23888345418807699 0.04410256473876272
0.24052929177751764 0.04416910129318993
0.24218646453434586 0.04423742420288320
0.24385505052581510 0.04430758004411400
0.24553512835684130 0.04437961655554011
0.24722677717370542 0.04445358266509921
0.24893007666778313 0.04452952851743548
0.25064510707929838 0.04460750550186459
0.25237194920110279 0.04468756628088422
0.25411068438248285 0.04476976481923631
0.25586139453299134 0.04485415641352667
0.25762416212630668 0.04494079772240839
0.25939907020411690 0.04502974679733444
0.26118620238003326 0.04512106311388547
0.26298564284352799 0.04521480760367722
0.26479747636390111 0.04531104268685392
0.26662178829427297 0.04540983230517120
0.26845866457560524 0.04551124195567400
0.27030819174075138 0.04561533872497340
0.27217045691852998 0.04572219132412573
0.27404554783783092 0.04583187012411896
0.27593355283174942 0.04594444719196794
0.27783456084174468 0.04605999632742230
0.27974866142183086 0.04617859310028918
0.28167594474279772 0.04630031488837261
0.28361650159645529 0.04642524091603101
0.28557042339991229 0.04655345229335385
0.28753780219988456 0.04668503205595781
0.28951873067702744 0.04682006520540211
0.29151330215030596 0.04695863875022262
0.29352161058138737 0.04710084174758265
0.29554375057906923 0.04724676534553905
0.29757981740373779 0.04739650282592039
0.29962990697185221 0.04755014964781335
0.30169411586046524 0.04770780349165345
0.30377254131177361 0.04786956430391469
0.30586528123769657 0.04803553434239138
0.30797243422448944 0.04820581822206615
0.31009409953738992 0.04838052296155525
0.31223037712529061 0.04855975803012182
0.31438136762544966 0.04874363539524783
0.31654717236823277 0.04893226957075279
0.31872789338188390 0.04912577766544621
0.32092363339733304 0.04932427943230099
0.32313449585303744 0.04952789731813189
0.32536058489985120 0.04973675651376249
0.32760200540593343 0.04995098500466332
0.32985886296168992 0.05017071362204107
0.33213126388474412 0.05039607609435793
0.33441931522494717 0.05062720909925833
0.33672312476942301 0.05086425231587917
0.33904280104764212 0.05110734847751608
0.34137845333653621 0.05135664342461904
0.34373019166564794 0.05161228615808592
0.34609812682230995 0.05187442889282280
0.34848237035686874 0.05214322711153634
0.35088303458793546 0.05241883961872126
0.35330023260767901 0.05270142859480548
0.35573407828715525 0.05299115965041060
0.35818468628166800 0.05328820188068324
0.36065217203617167 0.05359272791965373
0.36313665179071219 0.05390491399457047
0.36563824258589855 0.05422493998015862
0.36815706226841882 0.05455298945274995
0.37069322949659317 0.05488924974422478
0.37324686374596050 0.05523391199570506
0.37581808531490823 0.05558717121093517
0.37840701533034138 0.05594922630928330
0.38101377575338496 0.05632028017829094
0.38363848938513134 0.05670053972569774
0.38628127987242716 0.05709021593086291
0.38894227171369411 0.05748952389549994
0.39162159026479615 0.05789868289364045
0.39431936174494664 0.05831791642073615
0.39703571324265036 0.05874745224180351
0.39977077272169265 0.05918752243851393
0.40252466902716960 0.05963836345512587
0.40529753189155343 0.06010021614314923
0.40808949194080635 0.06057332580463149
0.41090068070053642 0.06105794223394711
0.41373123060218814 0.06155431975796581
0.41658127498928715 0.06206271727447451
0.41945094812371697 0.06258339828871669
0.42234038519204559 0.06311663094791299
0.42524972231189667 0.06366268807361589
0.42817909653835690 0.06422184719174880
0.43112864587043542 0.06479439056017397
0.43409850925756621 0.06538060519362676
0.43708882660614989 0.06598078288584433
0.44009973878614655 0.06659522022871754
0.44313138763771442 0.06722421862828257
0.44618391597788670 0.06786808431736152
0.44925746760730267 0.06852712836465988
0.45235218731698318 0.06920166668011711
0.45546822089514793 0.06989202001629853
0.45860571513408505 0.07059851396561527
0.46176481783706874 0.07132147895314501
0.46494567782531782 0.07206125022482233
0.46814844494500796 0.07281816783075931
0.47137327007433427 0.07359257660344960
0.47462030513061321 0.07438482613059764
0.47788970307744211 0.07519527072231384
0.48118161793190767 0.07602426937240074
0.48449620477183586 0.07687218571345152
0.48783361974310091 0.07773938796547299
0.49119402006698276 0.07862624887773814
0.49457756404756831 0.07953314566355767
0.49798441107921515 0.08046045992766679
0.50141472165405510 0.08140857758589395
0.50486865736955655 0.08237788877679110
0.50834638093614049 0.08336878776488152
0.51184805618483975 0.08438167283517685
0.51537384807502007 0.08541694617861012
0.51892392270215304 0.08647501376802078
0.52249844730563633 0.08755628522431427
0.52609759027667324 0.08866117367241975
0.52972152116621019 0.08979009558665565
0.53337041069291669 0.09094347062510266
0.53704443075123121 0.09212172145258267
0.54074375441946221 0.09332527355182980
0.54446855596793509 0.09455455502242936
0.54821901086720481 0.09580999636710247
0.55199529579632578 0.09709203026489995
0.55579758865116813 0.09840109133086002
0.55962606855280195 0.09973761586168850
0.56348091585593751 0.10110204156700589
0.56736231215741650 0.10249480728569868
0.57127044030476937 0.10391635268691890
0.57520548440483177 0.10536711795525507
0.57916762983241210 0.10684754345961057
0.58315706323902683 0.10835806940530739
0.58717397256169712 0.10989913546894471
0.59121854703179433 0.11147118041552305
0.59529097718396295 0.11307464169736854
0.59939145486508971 0.11470995503435535
0.60352017324334362 0.11637755397496964
0.60767732681727959 0.11807786943772314
0.61186311142499428 0.11981132923243967
0.61607772425335505 0.12157835756095536
0.62032136384729264 0.12337937449675343
0.62459423011914772 0.12521479544308262
0.62889652435809140 0.12708503056910389
0.63322844923961197 0.12899048422362416
0.63759020883505479 0.13093155432598402
0.64198200862124022 0.13290863173367912
0.64640405549014601 0.13492209958631701
0.65085655775864737 0.13697233262550573
0.65533972517833383 0.13905969649031757
0.65985376894539371 0.14118454698796964
0.66439890171055649 0.14334722933938324
0.66897533758911365 0.14554807739933145
0.67358329217100954 0.14778741285088509
0.67822298253098967 0.15006554437390190
0.68289462723883121 0.15238276678735119
0.68759844636964218 0.15473936016528028
0.69233466151422274 0.15713558892626778
0.69710349578950681 0.15957170089626732
0.70190517384907669 0.16204792634476259
0.70673992189373802 0.16456447699421101
0.71160796768218526 0.16712154500281284
0.71650954054172245 0.16971930192066861
0.72144487137907043 0.17235789761946901
0.72641419269124807 0.17503745919590932
0.73141773857651804 0.17775808984906855
0.73645574474541731 0.18051986773209211
0.74152844853186650 0.18332284477856187
0.74663608890434163 0.18616704550400409
0.75177890647713608 0.18905246578310098
0.75695714352169929 0.19197907160321440
0.76217104397804170 0.19494679779492874
0.76742085346623079 0.19795554674042848
0.77270681929796636 0.20100518706059725
0.77802919048822172 0.20409555228182677
0.78338821776697964 0.20722643948364769
0.78878415359104803 0.21039760792838344
0.79421725215594319 0.21360877767414066
0.79968776940787090 0.21685962817258395
0.80519596305578611 0.22014979685305228
0.81074209258352603 0.22347887769468947
0.81632641926203720 0.22684641978843015
0.82194920616168921 0.23025192589077553
0.82761071816465814 0.23369485097145118
0.83331122197740892 0.23717460075720187
0.83905098614326490 0.24069053027409698
0.84483028105504709 0.24424194239088151
0.85064937896782500 0.24782808636609208
0.85650855401173109 0.25144815640176643
0.86240808220487908 0.25510129020679662
0.86834824146637202 0.25878656757310325
0.87432931162938499 0.26250300896798934
0.88035157445435230 0.26624957414622819
0.88641531364224579 0.27002516078558075
0.89252081484793000 0.27382860314964436
0.89866836569362407 0.27765867078210804
0.90485825578245527 0.28151406723666572
0.91109077671209349 0.28539342884702745
0.91736622208849117 0.28929532354165338
0.92368488753972133 0.29321824970801552
0.93004707072989290 0.29716063511137097
0.93645307137317935 0.30112083587322008
0.94290319124794220 0.30509713551480017
0.94939773421093754 0.30908774407112033
0.95593700621163524 0.31309079728125283
0.96252131530663754 0.31710435586073132
0.96915097167417996 0.32112640486207089
0.97582628762874912 0.32515485312960030
0.98254757763580092 0.32918753285492630
0.98931515832656336 0.33322219923947183
0.99612934851295887 0.33725653027070362
1.00299046920262747 0.34128812661874108
1.00989884361403748 0.34531451166014410
1.01685479719172500 0.34933313163580154
1.02385865762161421 0.35334135594986710
1.03091075484645822 0.35733647761679616
1.03801142108138866 0.36131571386354278
1.04516099082955427 0.36527620689399776
1.05235980089788472 0.36921502482277258
1.05960819041296261 0.37312916278539515
1.06690650083698868 0.37701554423189548
1.07425507598387227 0.38087102241076987
1.08165426203543413 0.38469238205011880
1.08910440755770344 0.38847634124266911
1.09660586351734346 0.39221955354122234
1.10415898329819151 0.39591861027084424
1.11176412271789449 0.39957004306391170
1.11942164004467637 0.40317032662382785
1.12713189601422270 0.40671588172293793
1.13489525384666146 0.41020307843978010
1.14271207926368090 0.41362823964047446
1.15058274050576292 0.41698764470855987
1.15850760834951960 0.42027753352712188
1.16648705612516523 0.42349411071654780
1.17452145973411026 0.42663355013063442
1.18261119766665646 0.42969199961315002
1.19075665101983330 0.43266558601629962
1.19895820351535809 0.43555042048178300
1.20721624151769702 0.43834260398435110
1.21553115405228396 0.44103823313696361
1.22390333282383090 0.44363340625571868
1.23233317223478811 0.44612422968180726
1.24082106940393033 0.44850682435675121
1.24936742418505098 0.45077733264611070
1.25797263918580571 0.45293192540577365
1.26663711978668481 0.45496680928377536
1.27536127416009770 0.45687823424938129
1.28414551328960691 0.45866250133994363
1.29299025098929765 0.46031597061472745
1.30189590392325605 0.46183506930356161
1.31086289162520631 0.46321630013682069
1.31989163651828068 0.46445624984178613
1.32898256393490533 0.46555159778903427
1.33813610213684386 0.46649912477099348
1.34735268233538008 0.46729572189334539
1.35663273871161705 0.46793839955840572
1.36597670843693786 0.46842429651813572
1.37538503169360782 0.46875068897287769
1.38485815169549564 0.46891499969042189
1.39439651470896098 0.46891480711848282
1.40400057007388401 0.46874785446220285
1.41367077022481880 0.46841205869682434
1.42340757071231394 0.46790551948429943
1.43321143022438102 0.46722652796119862
1.44308281060808552 0.46637357536403973
1.45302217689132229 0.46534536145688854
1.46302999730470673 0.46414080272498920
1.47310674330363889 0.46275904029712028
1.48325288959052193 0.46119944755846293
1.49346891413710736 0.45946163741497936
1.50375529820702170 0.45754546916962247
1.51411252637844407 0.45545105497021099
1.52454108656692022 0.45317876578846966
1.53504147004835301 0.45072923688956140
1.54561417148215696 0.44810337275149614
1.55625968893454147 0.44530235139404833
1.56697852390198511 0.44232762807726977
1.57777118133486671 0.43918093833040389
1.58863816966123794 0.43586430027296824
1.59958000081078100 0.43238001619095456
1.61059719023893511 0.42873067333260345
1.62169025695116265 0.42491914388996627
1.63285972352740405 0.42094858413448832
1.64410611614670854 0.41682243267721586
1.65542996461200076 0.41254440782686141
1.66683180237505080 0.40811850402187405
1.67831216656161164 0.40354898731593608
1.68987159799670472 0.39884038989984111
1.70151064123010665 0.39399750364652275
1.71322984456201199 0.38902537267016879
1.72502976006884090 0.38392928489475553
1.73691094362927045 0.37871476263199422
1.74887395495040243 0.37338755217366848
1.76091935759413643 0.36795361240845825
1.77304771900373059 0.36241910247875730
1.78525961053051230 0.35679036849858253
1.79755560746080478 0.35107392935934406
1.80993628904303661 0.34527646165615178
1.82240223851501071 0.33940478377327188
1.83495404313138932 0.33346583917329276
1.84759229419136894 0.32746667894060050
1.86031758706651473 0.32141444363571020
1.87313052122882051 0.31531634452282525
1.88603170027895439 0.30917964423873517
1.89902173197467894 0.30301163697669231
1.91210122825948781 0.29681962826410058
1.92527080529144534 0.29061091441783388
1.93853108347219338 0.28439276176555145
1.95188268747618587 0.27817238572544567
1.96532624628012798 0.27195692984051995
1.97886239319258661 0.26575344486652713
1.99249176588383281 0.25956886801511081
2.00621500641589323 0.25341000245546658
2.02003276127277731 0.24728349717888090
2.03394568139093934 0.24119582733072087
2.04795442218995793 0.23515327511391196
2.06205964360338356 0.22916191136655167
2.07626201010985856 0.22322757791394446
2.09056219076439209 0.21735587079225602
2.10496085922989185 0.21155212443680799
2.11945869380890795 0.20582139692310311
2.13405637747556742 0.20016845634280062
2.14875459790775691 0.19459776839010065
2.16355404751953095 0.18911348522650506
2.17845542349370769 0.18371943568363752
2.19345942781472392 0.17841911685481132
2.20856676730171486 0.17321568711652086
2.22377815364179110 0.16811196061100850
2.23909430342357307 0.16311040321062739
2.25451593817096496 0.15821312997414899
2.27004378437711551 0.15342190409448214
2.28567857353866044 0.14873813732663449
2.30142104219018861 0.14416289187447759
2.31727193193891834 0.13969688370499719
2.33323198949964450 0.13534048724947526
2.34930196672992908 0.13109374144271874
2.36548262066549286 0.12695635704414110
2.38177471355589265 0.12292772517840395
2.39817901290044277 0.11900692702874703
2.41469629148434395 0.11519274461311933
2.43132732741510260 0.11148367257198158
2.44807290415919843 0.10787793089738026
2.46493381057896288 0.10437347853561857
2.48191084096977521 0.10096802780066669
2.49900479509745121 0.09765905954248910
2.51621647823593220 0.09444383902353644
2.53354670120523284 0.09131960415797589
2.55099628040961113 0.08828416354897509
2.56856603787604332 0.08533550646681926
2.58625680129295965 0.08247164901771491
2.60406940404921050 0.07969063464257789
2.62200468527333941 0.07699053455716906
2.64006348987312522 0.07436944813638087
2.65824666857535963 0.07182550324540768
2.67655507796593595 0.06935685652045370
2.69498958053021731 0.06696169360156458
2.71355104469363706 0.06463822932009700
2.73224034486262513 0.06238470784325615
2.75105836146581328 0.06019940277806678
2.77000598099548245 0.05808061723706379
2.78908409604933905 0.05602668386791200
2.80829360537257955 0.05403596484909293
2.82763541390019668 0.05210685185372433
2.84711043279962883 0.05023776598349778
2.86671957951369549 0.04842715767465434
2.88646377780378760 0.04667350657784407
2.90634395779340204 0.04497532141364143
2.92636105601196883 0.04333113980542244
2.94651601543894071 0.04173952809124096
2.96680978554825137 0.04019908111626857
2.98724332235300905 0.03870842200730416
3.00781758845055025 0.03726620193078611
3.02853355306780125 0.03587109983568123
3.04939219210690604 0.03452182218256115
3.07039448819121263 0.03321710266011241
3.09154143071158360 0.03195570189026938
3.11283401587297037 0.03073640712310029
3.13427324674135965 0.02955803192251594
3.15586013329104409 0.02841941584381733
3.17759569245216467 0.02731942410404319
3.19948094815863815 0.02625694724602176
3.22151693139640605 0.02523090079698178
3.24370468025197134 0.02424022492252576
3.26604523996131801 0.02328388407671649
3.28853966295916722 0.02236086664898152
3.31118900892852341 0.02147018460849290
3.33399434485060953 0.02061087314663139
3.35695674505515118 0.01978199031810179
3.38007729127094736 0.01898261668122313
3.40335707267685450 0.01821185493787325
3.42679718595310590 0.01746882957353018
3.45039873533294417 0.01675268649781241
3.47416283265465609 0.01606259268588307
3.49809059741397022 0.01539773582104809
3.52218315681675032 0.01475732393884546
3.54644164583214483 0.01414058507289201
3.57086720724601214 0.01354676690270254
3.59546099171477529 0.01297513640374834
3.62022415781964479 0.01242497949983546
3.64515787212116038 0.01189560071802402
3.67026330921416610 0.01138632284626030
3.69554165178316163 0.01089648659331055
3.72099409065798081 0.01042545025325118
3.74662182486990636 0.00997258937041064
3.77242606170817796 0.00953729640891299
3.79840801677682238 0.00911898042494203
3.82456891405194277 0.00871706674204534
3.85090998593939648 0.00833099662955553
3.87743247333281227 0.00796022698413839
3.90413762567206657 0.00760423001447818
3.93102670100216622 0.00726249292910540
3.95810096603246819 0.00693451762736880
3.98536169619637626 0.00661982039354926
4.01281017571144627 0.00631793159411301
4.04044769763983957 0.00602839537810060
4.06827556394925782 0.00575076938064803
4.09629508557430455 0.00548462442963813
4.12450758247818960 0.00522954425548200
4.15291438371494248 0.00498512520403232
4.18151682749203335 0.00475097595263347
4.21031626123337333 0.00452671722931676
4.23931404164284142 0.00431198153515173
4.26851153476814815 0.00410641286976879
4.29791011606521067 0.00390966646007152
4.32751117046297207 0.00372140849216066
4.35731609242859541 0.00354131584649529
4.38732628603318098 0.00336907583631970
4.41754316501793021 0.00320438594938775
4.44796815286070313 0.00304695359301904
4.47860268284309537 0.00289649584252365
4.50944819811798503 0.00275273919303407
4.54050615177746941 0.00261541931478502
4.57177800692133918 0.00248428081188244
4.60326523672603471 0.00235907698460414
4.63496932451398713 0.00223956959527499
4.66689176382352855 0.00212552863775909
4.69903405847926958 0.00201673211061111
4.73139772266289604 0.00191296579392822
4.76398428098452786 0.00181402302994211
4.79679526855455585 0.00171970450738955
4.82983223105592252 0.00162981804969736
4.86309672481695010 0.00154417840701540
4.89659031688469248 0.00146260705212823
4.93031458509869847 0.00138493198027333
4.96427111816537092 0.00131098751289002
4.99846151573283315 0.00124061410531974
5.03288738846622596 0.00117365815847480
5.06755035812365673 0.00110997183448810
5.10245205763253029 0.00104941287635273
5.13759413116650521 0.00099184443155576
5.17297823422297665 0.00093713487970597
5.20860603370100783 0.00088515766415134
5.24447920797988143 0.00083579112757683
5.28059944699819717 0.00078891835156924
5.31696845233342508 0.00074442700013079
5.35358793728209381 0.00070220916711894
5.39045962694052694 0.00066216122758552
5.42758525828605887 0.00062418369298382
5.46496658025888138 0.00058818107020818
5.50260535384447369 0.00055406172442655
5.54050335215649259 0.00052173774566274
5.57866236052033670 0.00049112481908105
5.61708417655727565 0.00046214209892292
5.65577061026908012 0.00043471208604153
5.69472348412331364 0.00040876050897756
5.73394463313921854 0.00038421620851644
5.77343590497410020 0.00036101102566470
5.81319916001040049 0.00033907969298105
5.85323627144336545 0.00031835972919560
5.89354912536922804 0.00029879133704906
5.93413962087409441 0.00028031730428218
5.97500967012343231 0.00026288290770456
6.01616119845208175 0.00024643582027121
6.05759614445503924 0.00023092602109437
6.09931646007870754 0.00021630570831787
6.14132411071287976 0.00020252921478125
6.18362107528336136 0.00018955292640078
6.22620934634512757 0.00017733520319507
6.26909093017622254 0.00016583630288336
6.31226784687230946 0.00015501830698548
6.35574213044176251 0.00014484504935320
6.39951582890152437 0.00013528204706393
6.44359100437361665 0.00012629643360891
6.48796973318221504 0.00011785689430941
6.53265410595150353 0.00010993360389576
6.57764622770418317 0.00010249816618579
6.62294821796058031 0.00009552355580079
6.66856221083852052 0.00008898406185859
6.71449035515390236 0.00008285523358540
6.76073481452185465 0.00007711382778940
6.80729776745870030 0.00007173775814110
6.85418140748460925 0.00006670604620696
6.90138794322687321 0.00006199877418469
6.94891959852397711 0.00005759703929011
6.99677861253040323 0.00005348290974722
7.04496723982204198 0.00004963938233468
7.09348775050243230 0.00004605034144337
7.14234243030975069 0.00004270051960135
7.19153358072439097 0.00003957545942372
7.24106351907749612 0.00003666147694640
7.29093457866002304 0.00003394562630410
7.34114910883271410 0.00003141566571397
7.39170947513679444 0.00002906002472742
7.44261805940534860 0.00002686777271408
7.49387725987554987 0.00002482858854231
7.54548949130168989 0.00002293273142223
7.59745718506884682 0.00002117101287767
7.64978278930746658 0.00001953476981454
7.70246876900873456 0.00001801583865386
7.75551760614061170 0.00001660653049834
7.80893179976480489 0.00001529960730218
7.86271386615452528 0.00001408825901448
7.91686633891295788 0.00001296608166709
7.97139176909264169 0.00001192705637833
8.02629272531570415 0.00001096552924493
8.08157179389476887 0.00001007619209438
8.13723157895484306 0.00000925406407118
8.19327470255603352 0.00000849447403024
8.24970380481698484 0.00000779304371171
8.30652154403929366 0.00000714567167165
8.36373059683278619 0.00000654851794358
8.42133365824150992 0.00000599798940623
8.47933344187075200 0.00000549072583350
8.53773268001491026 0.00000502358660270
8.59653412378610682 0.00000459363803810
8.65574054324390119 0.00000419814136668
8.71535472752569795 0.00000383454126387
8.77537948497815989 0.00000350045496727
8.83581764328957142 0.00000319366193692
8.89667204962294100 0.00000291209404092
8.95794557075018716 0.00000265382624604
9.01964109318722329 0.00000241706779300
9.08176152332984898 0.00000220015383684
9.14430978759071600 0.00000200153753318
9.20728883253723041 0.00000181978255167
9.27070162503026651 0.00000165355599834
9.33455115236398569 0.00000150162172918
9.39884042240660378 0.00000136283403752
9.46357246374199690 0.00000123613169866
9.52875032581242287 0.00000112053235520
9.59437707906221782 0.00000101512722749
9.66045581508235429 0.00000091907613369
9.72698964675612210 0.00000083160280475
9.79398170840582871 0.00000075199047991
9.86143515594034170 0.00000067957776883
9.92935316700382486 0.00000061375476713
9.99773894112547623 0.00000055395941217
10.06659569987014713 0.00000049967406696
10.13592668699016741 0.00000045042231997
10.20573516857819385 0.00000040576598959
10.27602443322096626 0.00000036530232197
10.34679779215434792 0.00000032866137181
10.41805857941921332 0.00000029550355592
10.48981015201854206 0.00000026551736975
10.56205589007563006 0.00000023841725771
10.63479919699321208 0.00000021394162827
10.70804349961384183 0.00000019185100544
10.78179224838138772 0.00000017192630856
10.85604891750345935 0.00000015396725254
10.93081700511513965 0.00000013779086142
11.00610003344382370 0.00000012323008809
11.08190154897503987 0.00000011013253365
11.15822512261957122 0.00000009835926006
11.23507434988173870 0.00000008778369012
11.31245285102866305 0.00000007829058919
11.39036427126086970 0.00000006977512316
11.46881228088406779 0.00000006214198774
11.54780057548193817 0.00000005530460430
11.62733287609027499 0.00000004918437760
11.70741292937236366 0.00000004371001132
11.78804450779532864 0.00000003881687729
11.86923140980793434 0.00000003444643473
11.95097746001958150 0.00000003054569587
12.03328650938034805 0.00000002706673467
12.11616243536247062 0.00000002396623554
12.19960914214307124 0.00000002120507904
12.28363056078792503 0.00000001874796201
12.36823064943682482 0.00000001656304929
12.45341339348988541 0.00000001462165489
12.53918280579536493 0.00000001289795021
12.62554292683876156 0.00000001136869729
12.71249782493303115 0.00000001001300514
12.80005159641030055 0.00000000881210726
12.88820836581490603 0.00000000774915881
12.97697228609757403 0.00000000680905170
13.06634753881110811 0.00000000597824623
13.15633833430746158 0.00000000524461795
13.24694891193594515 0.00000000459731836
13.33818354024298891 0.00000000402664852
13.43004651717330766 0.00000000352394418
13.52254217027224570 0.00000000308147175
13.61567485688968482 0.00000000269233395
13.70944896438540361 0.00000000235038446
13.80386891033561803 0.00000000205015071
13.89893914274114195 0.00000000178676403
13.99466414023702043 0.00000000155589672
14.09104841230335481 0.00000000135370514
14.18809649947781004 0.00000000117677846
14.28581297356959823 0.00000000102209254
14.38420243787468600 0.00000000088696838
14.48326952739274454 0.00000000076903477
14.58301890904555620 0.00000000066619479
14.68345528189669658 0.00000000057659567
14.78458337737311012 0.00000000049860182
14.88640795948781026 0.00000000043077065
14.98893382506439842 0.00000000037183094
15.09216580396309659 0.00000000032066349
15.19610875930813876 0.00000000027628381
15.30076758771692269 0.00000000023782671
15.40614721953078536 0.00000000020453254
15.51225261904708930 0.00000000017573493
15.61908878475316698 0.00000000015084988
15.72666074956188353 0.00000000012936604
15.83497358104856190 0.00000000011083610
15.94403238168977666 0.00000000009486917
16.05384228910383726 0.00000000008112394
16.16440847629262834 0.00000000006930271
16.27573615188538625 0.00000000005914606
16.38783056038416674 0.00000000005042814
16.50069698241071947 0.00000000004295252
16.61434073495536978 0.00000000003654855
16.72876717162753124 0.00000000003106807
16.84398168290777775 0.00000000002638264
16.95998969640185550 0.00000000002238098
17.07679667709644278 0.00000000001896679
17.19440812761645176 0.00000000001605681
17.31282958848430553 0.00000000001357914
17.43206663838105897 0.00000000001147176
17.55212489440898693 0.00000000000968120
17.67301001235643199 0.00000000000816144
17.79472768696403406 0.00000000000687290
17.91728365219310604 0.00000000000578156
18.04068368149582469 0.00000000000485824
18.16493358808703462 0.00000000000407792
18.29003922521819092 0.00000000000341917
18.41600648645320959 0.00000000000286366
18.54284130594588476 0.00000000000239573
18.67054965871956540 0.00000000000200202
18.79913756094870436 0.00000000000167112
18.92861107024209844 0.00000000000139332
19.05897628592832760 0.00000000000116037
19.19023934934321218 0.00000000000096526
19.32240644411890074 0.00000000000080202
19.45548379647529202 0.00000000000066561
19.58947767551343233 0.00000000000055175
19.72439439351064294 0.00000000000045682
19.86024030621799952 0.00000000000037778
19.99702181315981875 0.00000000000031204
20.13474535793495690 0.00000000000025742
20.27341742852043538 0.00000000000021211
20.41304455757720504 0.00000000000017456
20.55363332275766908 0.00000000000014348
20.69519034701566085 0.00000000000011778
20.83772229891854622 0.00000000000009657
20.98123589296111646 0.00000000000007908
21.12573788988219903 0.00000000000006467
21.27123509698287762 0.00000000000005282
21.41773436844730227 0.00000000000004309
21.56524260566567719 0.00000000000003510
21.71376675755915642 0.00000000000002856
21.86331382090732234 0.00000000000002321
22.01389084067788815 0.00000000000001883
22.16550491035836856 0.00000000000001526
22.31816317229034397 0.00000000000001235
22.47187281800605874 0.00000000000000998
22.62664108856695222 0.00000000000000806
22.78247527490490754 0.00000000000000649
22.93938271816583452 0.00000000000000523
23.09737081005526349 0.00000000000000420
23.25644699318666753 0.00000000000000337
23.41661876143221122 0.00000000000000270
23.57789366027551736 0.00000000000000216
23.74027928716727942 0.00000000000000173
23.90378329188323292 0.00000000000000138
24.06841337688434734 0.00000000000000110
24.23417729767975004 0.00000000000000088
24.40108286319222586 0.00000000000000070
24.56913793612584485 0.00000000000000055
24.73835043333644990 0.00000000000000044
24.90872832620479116 0.00000000000000035
25.08027964101170326 0.00000000000000027
25.25301245931659011 0.00000000000000022
25.42693491833779973 0.00000000000000017
25.60205521133612194 0.00000000000000013
25.77838158800087243 0.00000000000000010
25.95592235483826826 0.00000000000000008
26.13468587556286593 0.00000000000000006
26.31468057149170292 0.00000000000000005
26.49591492194075215 0.00000000000000004
26.67839746462448147 0.00000000000000003
26.86213679605822335 0.00000000000000002
27.04714157196285029 0.00000000000000002
27.23342050767267608 0.00000000000000001
27.42098237854617082 0.00000000000000001
27.60983602037906337 0.00000000000000001
27.79999032982073714 0.00000000000000001
27.99145426479347520 0.00000000000000001
28.18423684491418513 0.00000000000000000
28.37834715191940305 0.00000000000000000
28.57379433009332814 0.00000000000000000
28.77058758669825522 0.00000000000000000
28.96873619240848896 0.00000000000000000
29.16824948174722820 0.00000000000000000
29.36913685352597270 0.00000000000000000
29.57140777128746478 0.00000000000000000
29.77507176375166154 0.00000000000000000
29.98013842526423645 0.00000000000000000
30.18661741624899619 0.00000000000000000
30.39451846366259957 0.00000000000000000
30.60385136145291085 0.00000000000000000
30.81462597102058965 0.00000000000000000
31.02685222168328139 0.00000000000000000
31.24054011114357010 0.00000000000000000
31.45569970596010023 0.00000000000000000
31.67234114202147310 0.00000000000000000
31.89047462502390218 0.00000000000000000
32.11011043095216166 0.00000000000000000
32.33125890656335599 0.00000000000000000
32.55393046987445160 0.00000000000000000
32.77813561065330106 0.00000000000000000
33.00388489091239563 0.00000000000000000
33.23118894540665735 0.00000000000000000
33.46005848213456346 0.00000000000000000
33.69050428284223386 0.00000000000000000
33.92253720353155444 0.00000000000000000
34.15616817497173940 0.00000000000000000
34.39140820321391345 0.00000000000000000
34.62826837010977243 0.00000000000000000
34.86675983383382516 0.00000000000000000
35.10689382940867631 0.00000000000000000
35.34868166923443766 0.00000000000000000
35.59213474362190510 0.00000000000000000
35.83726452132862050 0.00000000000000000
36.08408255009970134 0.00000000000000000
36.33260045721140585 0.00000000000000000
36.58282995001901128 0.00000000000000000
36.83478281650860708 0.00000000000000000
37.08847092585194360 0.00000000000000000
37.34390622896582812 0.00000000000000000
37.60110075907528682 0.00000000000000000
37.86006663228003788 0.00000000000000000
38.12081604812546942 0.00000000000000000
38.38336129017754672 0.00000000000000000
38.64771472660106610 0.00000000000000000
38.91388881074252026 0.00000000000000000
39.18189608171694260 0.00000000000000000
39.45174916499820483 0.00000000000000000
39.72346077301400413 0.00000000000000000
39.99704370574492174 0.00000000000000000
40.27251085132701292 0.00000000000000000
40.54987518665913626 0.00000000000000000
40.82914977801451073 0.00000000000000000
41.11034778165581827 0.00000000000000000
41.39348244445520209 0.00000000000000000
41.67856710451849267 0.00000000000000000
41.96561519181314992 0.00000000000000000
42.25464022880114356 0.00000000000000000
42.54565583107618920 0.00000000000000000
42.83867570800463653 0.00000000000000000
43.13371366337192114 0.00000000000000000
43.43078359603229188 0.00000000000000000
43.72989950056381758 0.00000000000000000
44.03107546792784888 0.00000000000000000
44.33432568613240932 0.00000000000000000
44.63966444090076635 0.00000000000000000
44.94710611634466346 0.00000000000000000
45.25666519564148160 0.00000000000000000
45.56835626171672260 0.00000000000000000
45.88219399793127451 0.00000000000000000
46.19819318877259207 0.00000000000000000
46.51636872055146199 0.00000000000000000
46.83673558210352894 0.00000000000000000
47.15930886549484313 0.00000000000000000
47.48410376673314204 0.00000000000000000
47.81113558648395667 0.00000000000000000
48.14041973079085324 0.00000000000000000
48.47197171180150121 0.00000000000000000
48.80580714849863710 0.00000000000000000
49.14194176743541220 0.00000000000000000
49.48039140347642473 0.00000000000000000
49.82117200054399575 0.00000000000000000
50.16429961236871549 0.00000000000000000
50.50979040324599367 0.00000000000000000
50.85766064879778270 0.00000000000000000
51.20792673673872031 0.00000000000000000
51.56060516764880930 0.00000000000000000
51.91571255575011179 0.00000000000000000
52.27326562968973178 0.00000000000000000
52.63328123332806285 0.00000000000000000
52.99577632653188175 0.00000000000000000
53.36076798597342474 0.00000000000000000
53.72827340593521939 0.00000000000000000
54.09830989911951349 0.00000000000000000
54.47089489746409896 0.00000000000000000
54.84604595296382712 0.00000000000000000
55.22378073849689883 0.00000000000000000
55.60411704865762061 0.00000000000000000
55.98707280059507951 0.00000000000000000
56.37266603485656447 0.00000000000000000
56.76091491623769514 0.00000000000000000
57.15183773463848382 0.00000000000000000
57.54545290592436402 0.00000000000000000
57.94177897279396205 0.00000000000000000
58.34083460565301493 0.00000000000000000
58.74263860349324062 0.00000000000000000
59.14720989477827118 0.00000000000000000
59.55456753833561123 0.00000000000000000
59.96473072425391138 0.00000000000000000
60.37771877478727589 0.00000000000000000
60.79355114526580195 0.00000000000000000
61.21224742501138394 0.00000000000000000
61.63382733826140480 0.00000000000000000
62.05831074509711698 0.00000000000000000
62.48571764237959769 0.00000000000000000
62.91606816469209207 0.00000000000000000
63.34938258528783450 0.00000000000000000
63.78568131704546573 0.00000000000000000
64.22498491343100113 0.00000000000000000
64.66731406946533411 0.00000000000000000
65.11268962269959104 0.00000000000000000
65.56113255419701602 0.00000000000000000
66.01266398952071768 0.00000000000000000
66.46730519972919637 0.00000000000000000
66.92507760237876369 0.00000000000000000
67.38600276253178833 0.00000000000000000
67.85010239377291441 0.00000000000000000
68.31739835923238502 0.00000000000000000
68.78791267261519238 0.00000000000000000
69.26166749923855548 0.00000000000000000
69.73868515707637528 0.00000000000000000
70.21898811780998528 0.00000000000000000
70.70259900788697394 0.00000000000000000
71.18954060958763819 0.00000000000000000
71.67983586209734881 0.00000000000000000
72.17350786258761275 0.00000000000000000
72.67057986730449670 0.00000000000000000
73.17107529266338872 0.00000000000000000
73.67501771635303953 0.00000000000000000
74.18243087844544448 0.00000000000000000
74.69333868251453623 0.00000000000000000
75.20776519676272187 0.00000000000000000
75.72573465515387170 0.00000000000000000
76.24727145855528931 0.00000000000000000
76.77240017588772503 0.00000000000000000
77.30114554528189785 0.00000000000000000
77.83353247524428298 0.00000000000000000
78.36958604583098520 0.00000000000000000
78.90933150982831989 0.00000000000000000
79.45279429394295789 0.00000000000000000
80.00000000000002842 0.00000000000000000
