0.00000000000000000 4.02215135199876439
0.00000060603270582 4.02215135199855922
0.00000121623926342 4.02215135199369112
0.00000183064841884 4.02215135198496121
0.00000244928911611 4.02215135197268303
0.00000307219049857 4.02215135195667717
0.00000369938191031 4.02215135193702089
0.00000433089289749 4.02215135191346818
0.00000496675320978 4.02215135188606165
0.00000560699280172 4.02215135185469919
0.00000625164183417 4.02215135181925465
0.00000690073067572 4.02215135177967920
0.00000755428990408 4.02215135173587424
0.00000821235030760 4.02215135168779270
0.00000887494288662 4.02215135163530402
0.00000954209885504 4.02215135157832737
0.00001021384964169 4.02215135151680503
0.00001089022689190 4.02215135145064195
0.00001157126246890 4.02215135137972801
0.00001225698845539 4.02215135130396106
0.00001294743715505 4.02215135122329226
0.00001364264109400 4.02215135113760525
0.00001434263302241 4.02215135104678101
0.00001504744591597 4.02215135095076270
0.00001575711297752 4.02215135084941799
0.00001647166763854 4.02215135074266161
0.00001719114356077 4.02215135063038520
0.00001791557463778 4.02215135051248929
0.00001864499499659 4.02215135038886284
0.00001937943899923 4.02215135025941173
0.00002011894124442 4.02215135012400005
0.00002086353656913 4.02215134998254875
0.00002161326005029 4.02215134983492906
0.00002236814700639 4.02215134968101395
0.00002312823299918 4.02215134952070219
0.00002389355383531 4.02215134935388097
0.00002466414556806 4.02215134918040729
0.00002544004449901 4.02215134900019589
0.00002622128717973 4.02215134881309666
0.00002700791041356 4.02215134861899681
0.00002779995125730 4.02215134841777022
0.00002859744702296 4.02215134820926146
0.00002940043527952 4.02215134799337548
0.00003020895385472 4.02215134776997552
0.00003102304083682 4.02215134753888925
0.00003184273457640 4.02215134730000212
0.00003266807368816 4.02215134705319421
0.00003349909705276 4.02215134679830122
0.00003433584381862 4.02215134653517570
0.00003517835340380 4.02215134626369331
0.00003602666549782 4.02215134598367019
0.00003688082006357 4.02215134569498556
0.00003774085733916 4.02215134539748842
0.00003860681783982 4.02215134509100203
0.00003947874235983 4.02215134477537273
0.00004035667197442 4.02215134445047084
0.00004124064804171 4.02215134411610720
0.00004213071220466 4.02215134377209793
0.00004302690639304 4.02215134341832670
0.00004392927282539 4.02215134305459099
0.00004483785401101 4.02215134268072116
0.00004575269275200 4.02215134229654581
0.00004667383214520 4.02215134190187662
0.00004760131558430 4.02215134149654574
0.00004853518676184 4.02215134108035599
0.00004947548967128 4.02215134065314928
0.00005042226860905 4.02215134021471066
0.00005137556817669 4.02215133976484651
0.00005233543328290 4.02215133930336854
0.00005330190914567 4.02215133883010001
0.00005427504129443 4.02215133834483041
0.00005525487557217 4.02215133784734480
0.00005624145813759 4.02215133733740160
0.00005723483546734 4.02215133681485426
0.00005823505435811 4.02215133627950294
0.00005924216192892 4.02215133573105366
0.00006025620562330 4.02215133516932877
0.00006127723321152 4.02215133459413021
0.00006230529279288 4.02215133400518798
0.00006334043279791 4.02215133340228626
0.00006438270199072 4.02215133278519055
0.00006543214947126 4.02215133215367793
0.00006648882467762 4.02215133150751125
0.00006755277738841 4.02215133084643561
0.00006862405772505 4.02215133017018811
0.00006970271615417 4.02215132947855381
0.00007078880348996 4.02215132877123960
0.00007188237089658 4.02215132804802433
0.00007298346989057 4.02215132730863978
0.00007409215234328 4.02215132655276175
0.00007520847048328 4.02215132578018864
0.00007633247689889 4.02215132499065930
0.00007746422454057 4.02215132418380605
0.00007860376672349 4.02215132335943704
0.00007975115712999 4.02215132251724494
0.00008090644981215 4.02215132165686207
0.00008206969919430 4.02215132077808946
0.00008324096007561 4.02215131988062513
0.00008442028763265 4.02215131896406408
0.00008560773742201 4.02215131802817982
0.00008680336538291 4.02215131707269169
0.00008800722783983 4.02215131609716359
0.00008921938150515 4.02215131510136903
0.00009043988348186 4.02215131408500692
0.00009166879126623 4.02215131304761631
0.00009290616275050 4.02215131198896803
0.00009415205622562 4.02215131090871392
0.00009540653038403 4.02215130980642854
0.00009666964432236 4.02215130868182680
0.00009794145754428 4.02215130753456052
0.00009922202996325 4.02215130636423090
0.00010051142190536 4.02215130517049158
0.00010180969411221 4.02215130395296505
0.00010311690774369 4.02215130271125787
0.00010443312438095 4.02215130144497390
0.00010575840602925 4.02215130015373123
0.00010709281512086 4.02215129883718436
0.00010843641451808 4.02215129749491584
0.00010978926751612 4.02215129612648159
0.00011115143784613 4.02215129473142863
0.00011252298967817 4.02215129330940790
0.00011390398762428 4.02215129186001796
0.00011529449674147 4.02215129038276675
0.00011669458253481 4.02215128887723328
0.00011810431096053 4.02215128734294591
0.00011952374842909 4.02215128577950765
0.00012095296180836 4.02215128418644330
0.00012239201842671 4.02215128256320487
0.00012384098607623 4.02215128090943352
0.00012529993301590 4.02215127922467452
0.00012676892797482 4.02215127750832480
0.00012824804015542 4.02215127575990472
0.00012973733923676 4.02215127397900396
0.00013123689537777 4.02215127216503365
0.00013274677922061 4.02215127031747333
0.00013426706189393 4.02215126843596504
0.00013579781501627 4.02215126651975119
0.00013733911069942 4.02215126456839300
0.00013889102155182 4.02215126258140909
0.00014045362068197 4.02215126055810490
0.00014202698170187 4.02215125849802657
0.00014361117873053 4.02215125640060567
0.00014520628639740 4.02215125426525510
0.00014681237984592 4.02215125209128388
0.00014842953473709 4.02215124987821682
0.00015005782725295 4.02215124762545972
0.00015169733410024 4.02215124533228963
0.00015334813251402 4.02215124299818871
0.00015501030026123 4.02215124062243934
0.00015668391564445 4.02215123820449794
0.00015836905750551 4.02215123574375344
0.00016006580522926 4.02215123323931945
0.00016177423874727 4.02215123069067904
0.00016349443854163 4.02215122809729753
0.00016522648564871 4.02215122545825920
0.00016697046166299 4.02215122277284909
0.00016872644874093 4.02215122004058845
0.00017049452960478 4.02215121726061753
0.00017227478754653 4.02215121443218493
0.00017406730643183 4.02215121155461652
0.00017587217070391 4.02215120862705788
0.00017768946538756 4.02215120564892104
0.00017951927609319 4.02215120261936043
0.00018136168902080 4.02215119953751188
0.00018321679096405 4.02215119640263108
0.00018508466931440 4.02215119321399772
0.00018696541206516 4.02215118997073962
0.00018885910781567 4.02215118667186378
0.00019076584577548 4.02215118331681154
0.00019268571576853 4.02215117990464321
0.00019461880823741 4.02215117643438891
0.00019656521424759 4.02215117290518709
0.00019852502549171 4.02215116931623129
0.00020049833429394 4.02215116566663955
0.00020248523361429 4.02215116195538513
0.00020448581705300 4.02215115818159852
0.00020650017885496 4.02215115434438886
0.00020852841391413 4.02215115044274540
0.00021057061777803 4.02215114647564054
0.00021262688665221 4.02215114244217276
0.00021469731740485 4.02215113834137306
0.00021678200757123 4.02215113417211700
0.00021888105535840 4.02215112993349777
0.00022099455964977 4.02215112562443444
0.00022312262000977 4.02215112124378837
0.00022526533668857 4.02215111679059767
0.00022742281062675 4.02215111226373079
0.00022959514346012 4.02215110766212813
0.00023178243752444 4.02215110298455425
0.00023398479586029 4.02215109823000638
0.00023620232221791 4.02215109339734944
0.00023843512106208 4.02215108848520497
0.00024068329757706 4.02215108349267592
0.00024294695767150 4.02215107841840247
0.00024522620798350 4.02215107326111632
0.00024752115588558 4.02215106801971167
0.00024983190948974 4.02215106269286160
0.00025215857765257 4.02215105727937328
0.00025450126998040 4.02215105177785670
0.00025686009683441 4.02215104618700270
0.00025923516933586 4.02215104050558558
0.00026162659937133 4.02215103473224111
0.00026403449959799 4.02215102886555265
0.00026645898344887 4.02215102290405202
0.00026890016513825 4.02215101684655352
0.00027135815966704 4.02215101069158010
0.00027383308282816 4.02215100443748597
0.00027632505121202 4.02215099808301879
0.00027883418221200 4.02215099162663314
0.00028136059403001 4.02215098506680402
0.00028390440568202 4.02215097840203217
0.00028646573700369 4.02215097163076063
0.00028904470865600 4.02215096475135780
0.00029164144213096 4.02215095776234932
0.00029425605975730 4.02215095066210448
0.00029688868470626 4.02215094344872259
0.00029953944099738 4.02215093612092733
0.00030220845350433 4.02215092867690061
0.00030489584796083 4.02215092111472394
0.00030760175096652 4.02215091343291586
0.00031032628999299 4.02215090562964672
0.00031306959338972 4.02215089770306200
0.00031583179039017 4.02215088965139067
0.00031861301111784 4.02215088147291500
0.00032141338659243 4.02215087316558417
0.00032423304873599 4.02215086472754013
0.00032707213037912 4.02215085615703405
0.00032993076526727 4.02215084745199203
0.00033280908806701 4.02215083861038281
0.00033570723437240 4.02215082963034298
0.00033862534071132 4.02215082050983153
0.00034156354455197 4.02215081124667506
0.00034452198430932 4.02215080183885831
0.00034750079935162 4.02215079228433492
0.00035050013000696 4.02215078258097147
0.00035352011756991 4.02215077272640187
0.00035656090430816 4.02215076271859839
0.00035962263346922 4.02215075255530419
0.00036270544928716 4.02215074223408209
0.00036580949698943 4.02215073175292215
0.00036893492280368 4.02215072110929128
0.00037208187396465 4.02215071030081717
0.00037525049872113 4.02215069932522251
0.00037844094634289 4.02215068817997334
0.00038165336712778 4.02215067686260674
0.00038488791240876 4.02215066537068378
0.00038814473456106 4.02215065370164648
0.00039142398700932 4.02215064185283033
0.00039472582423487 4.02215062982177596
0.00039805040178297 4.02215061760569892
0.00040139787627014 4.02215060520196843
0.00040476840539154 4.02215059260792795
0.00040816214792842 4.02215057982068824
0.00041157926375558 4.02215056683750305
0.00041501991384890 4.02215055365561369
0.00041848426029293 4.02215054027206254
0.00042197246628852 4.02215052668384754
0.00042548469616053 4.02215051288813630
0.00042902111536552 4.02215049888191700
0.00043258189049963 4.02215048466204550
0.00043616718930631 4.02215047022546468
0.00043977718068435 4.02215045556912720
0.00044341203469574 4.02215044068986405
0.00044707192257372 4.02215042558432412
0.00045075701673086 4.02215041024922826
0.00045446749076714 4.02215039468137547
0.00045820351947816 4.02215037887742710
0.00046196527886340 4.02215036283381711
0.00046575294613442 4.02215034654723080
0.00046956669972332 4.02215033001414568
0.00047340671929107 4.02215031323086780
0.00047727318573598 4.02215029619401410
0.00048116628120228 4.02215027889982935
0.00048508618908861 4.02215026134446951
0.00048903309405675 4.02215024352430639
0.00049300718204025 4.02215022543561851
0.00049700864025323 4.02215020707435933
0.00050103765719918 4.02215018843669370
0.00050509442267985 4.02215016951866300
0.00050917912780418 4.02215015031611500
0.00051329196499732 4.02215013082514528
0.00051743312800967 4.02215011104153852
0.00052160281192606 4.02215009096096754
0.00052580121317485 4.02215007057932450
0.00053002852953727 4.02215004989222713
0.00053428496015669 4.02215002889528428
0.00053857070554804 4.02215000758407992
0.00054288596760719 4.02214998595393336
0.00054723094962053 4.02214996400051295
0.00055160585627451 4.02214994171926499
0.00055601089366530 4.02214991910505670
0.00056044626930847 4.02214989615336815
0.00056491219214880 4.02214987285952219
0.00056940887257012 4.02214984921832919
0.00057393652240518 4.02214982522491749
0.00057849535494568 4.02214980087439766
0.00058308558495229 4.02214977616148150
0.00058770742866478 4.02214975108099804
0.00059236110381219 4.02214972562770257
0.00059704682962311 4.02214969979626602
0.00060176482683598 4.02214967358143749
0.00060651531770952 4.02214964697744826
0.00061129852603317 4.02214961997882359
0.00061611467713765 4.02214959258006743
0.00062096399790559 4.02214956477541374
0.00062584671678217 4.02214953655903429
0.00063076306378593 4.02214950792498893
0.00063571327051958 4.02214947886735086
0.00064069757018092 4.02214944937999253
0.00064571619757383 4.02214941945702620
0.00065076938911931 4.02214938909208453
0.00065585738286665 4.02214935827880993
0.00066098041850462 4.02214932701093097
0.00066613873737275 4.02214929528171172
0.00067133258247275 4.02214926308493492
0.00067656219847990 4.02214923041385131
0.00068182783175460 4.02214919726136699
0.00068712973035400 4.02214916362093255
0.00069246814404364 4.02214912948578807
0.00069784332430924 4.02214909484845151
0.00070325552436855 4.02214905970183700
0.00070870499918329 4.02214902403910912
0.00071419200547112 4.02214898785246788
0.00071971680171777 4.02214895113458049
0.00072527964818920 4.02214891387811058
0.00073088080694388 4.02214887607506366
0.00073652054184512 4.02214883771788578
0.00074219911857348 4.02214879879869258
0.00074791680463933 4.02214875930937321
0.00075367386939543 4.02214871924208950
0.00075947058404960 4.02214867858821279
0.00076530722167754 4.02214863733959760
0.00077118405723566 4.02214859548808779
0.00077710136757402 4.02214855302475982
0.00078305943144943 4.02214850994106410
0.00078905852953852 4.02214846622816147
0.00079509894445100 4.02214842187704136
0.00080118096074297 4.02214837687888771
0.00080730486493030 4.02214833122439686
0.00081347094550215 4.02214828490414167
0.00081967949293455 4.02214823790882026
0.00082593079970410 4.02214819022883852
0.00083222516030174 4.02214814185444247
0.00083856287124660 4.02214809277586571
0.00084494423109999 4.02214804298310025
0.00085136954047950 4.02214799246608745
0.00085783910207307 4.02214794121437524
0.00086435322065335 4.02214788921756750
0.00087091220309199 4.02214783646548035
0.00087751635837411 4.02214778294717146
0.00088416599761289 4.02214772865160608
0.00089086143406418 4.02214767356802305
0.00089760298314128 4.02214761768528017
0.00090439096242980 4.02214756099195547
0.00091122569170262 4.02214750347665539
0.00091810749293494 4.02214744512781586
0.00092503669031947 4.02214738593348642
0.00093201361028169 4.02214732588172108
0.00093903858149521 4.02214726496054542
0.00094611193489729 4.02214720315769458
0.00095323400370442 4.02214714046051469
0.00096040512342800 4.02214707685642825
0.00096762563189013 4.02214701233277516
0.00097489586923960 4.02214694687635799
0.00098221617796781 4.02214688047415247
0.00098958690292501 4.02214681311273736
0.00099700839133644 4.02214674477848266
0.00100448099281878 4.02214667545783922
0.00101200505939656 4.02214660513690170
0.00101958094551878 4.02214653380134646
0.00102720900807557 4.02214646143679389
0.00103488960641504 4.02214638802916458
0.00104262310236019 4.02214631356339503
0.00105040986022595 4.02214623802444216
0.00105825024683636 4.02214616139756664
0.00106614463154184 4.02214608366726001
0.00107409338623658 4.02214600481783346
0.00108209688537607 4.02214592483351474
0.00109015550599474 4.02214584369854578
0.00109826962772375 4.02214576139665070
0.00110643963280880 4.02214567791113087
0.00111466590612820 4.02214559322556386
0.00112294883521100 4.02214550732295706
0.00113128881025522 4.02214542018615440
0.00113968622414621 4.02214533179783817
0.00114814147247525 4.02214524214025904
0.00115665495355806 4.02214515119567473
0.00116522706845369 4.02214505894597707
0.00117385822098330 4.02214496537283583
0.00118254881774927 4.02214487045730795
0.00119129926815430 4.02214477418063421
0.00120010998442074 4.02214467652409535
0.00120898138160997 4.02214457746784770
0.00121791387764197 4.02214447699220035
0.00122690789331501 4.02214437507725364
0.00123596385232548 4.02214427170279976
0.00124508218128781 4.02214416684838838
0.00125426330975463 4.02214406049308071
0.00126350767023696 4.02214395261589530
0.00127281569822460 4.02214384319525742
0.00128218783220664 4.02214373220963139
0.00129162451369212 4.02214361963713163
0.00130112618723083 4.02214350545502430
0.00131069330043425 4.02214338964114226
0.00132032630399665 4.02214327217247813
0.00133002565171628 4.02214315302544012
0.00133979180051682 4.02214303217700930
0.00134962521046882 4.02214290960295084
0.00135952634481143 4.02214278527885760
0.00136949566997423 4.02214265918060221
0.00137953365559914 4.02214253128301547
0.00138964077456262 4.02214240156087843
0.00139981750299789 4.02214226998857072
0.00141006432031739 4.02214213654009267
0.00142038170923537 4.02214200118929099
0.00143077015579059 4.02214186390925210
0.00144123014936926 4.02214172467303932
0.00145176218272806 4.02214158345318396
0.00146236675201740 4.02214144022175013
0.00147304435680474 4.02214129495081529
0.00148379550009815 4.02214114761152608
0.00149462068837002 4.02214099817472626
0.00150552043158087 4.02214084661144344
0.00151649524320343 4.02214069289169274
0.00152754564024681 4.02214053698497231
0.00153867214328084 4.02214037886097220
0.00154987527646060 4.02214021848860082
0.00156115556755113 4.02214005583610490
0.00157251354795226 4.02213989087156687
0.00158394975272368 4.02213972356276894
0.00159546472061013 4.02213955387695865
0.00160705899406676 4.02213938178051755
0.00161873311928472 4.02213920723973128
0.00163048764621685 4.02213903022060926
0.00164232312860364 4.02213885068822297
0.00165424012399926 4.02213866860747871
0.00166623919379787 4.02213848394263174
0.00167832090326005 4.02213829665739997
0.00169048582153940 4.02213810671546135
0.00170273452170940 4.02213791407936849
0.00171506758079040 4.02213771871119263
0.00172748557977676 4.02213752057301743
0.00173998910366426 4.02213731962614496
0.00175257874147765 4.02213711583103883
0.00176525508629839 4.02213690914780475
0.00177801873529259 4.02213669953630770
0.00179087028973917 4.02213648695538861
0.00180381035505814 4.02213627136339458
0.00181683954083913 4.02213605271846664
0.00182995846087016 4.02213583097786653
0.00184316773316647 4.02213560609813747
0.00185646797999970 4.02213537803540433
0.00186985982792719 4.02213514674527417
0.00188334390782146 4.02213491218260888
0.00189692085489999 4.02213467430156779
0.00191059130875509 4.02213443305582352
0.00192435591338407 4.02213418839830261
0.00193821531721954 4.02213394028126547
0.00195217017315999 4.02213368865654086
0.00196622113860054 4.02213343347496899
0.00198036887546389 4.02213317468682785
0.00199461405023152 4.02213291224181191
0.00200895733397509 4.02213264608885179
0.00202339940238804 4.02213237617587716
0.00203794093581742 4.02213210245049968
0.00205258261929597 4.02213182485984788
0.00206732514257435 4.02213154334941958
0.00208216920015365 4.02213125786452874
0.00209711549131812 4.02213096834992889
0.00211216472016810 4.02213067474920383
0.00212731759565318 4.02213037700518594
0.00214257483160563 4.02213007506016318
0.00215793714677397 4.02212976885546336
0.00217340526485689 4.02212945833158653
0.00218897991453733 4.02212914342826355
0.00220466182951677 4.02212882408426342
0.00222045174854982 4.02212850023777690
0.00223635041547903 4.02212817182587212
0.00225235857926994 4.02212783878471125
0.00226847699404630 4.02212750104975925
0.00228470641912567 4.02212715855571101
0.00230104761905517 4.02212681123596294
0.00231750136364746 4.02212645902323551
0.00233406842801705 4.02212610184931219
0.00235074959261680 4.02212573964470721
0.00236754564327467 4.02212537233957157
0.00238445737123077 4.02212499986289007
0.00240148557317460 4.02212462214205324
0.00241863105128260 4.02212423910403860
0.00243589461325595 4.02212385067497191
0.00245327707235861 4.02212345677942107
0.00247077924745560 4.02212305734124254
0.00248840196305164 4.02212265228331667
0.00250614604932993 4.02212224152701214
0.00252401234219130 4.02212182499286630
0.00254200168329356 4.02212140260045548
0.00256011492009119 4.02212097426828930
0.00257835290587520 4.02212053991342433
0.00259671649981338 4.02212009945160975
0.00261520656699076 4.02211965279804851
0.00263382397845036 4.02211919986660504
0.00265256961123421 4.02211874056939322
0.00267144434842469 4.02211827481775863
0.00269044907918612 4.02211780252222795
0.00270958469880665 4.02211732359121665
0.00272885210874043 4.02211683793199093
0.00274825221665007 4.02211634545137908
0.00276778593644944 4.02211584605413996
0.00278745418834666 4.02211533964379253
0.00280725789888750 4.02211482612289917
0.00282719800099900 4.02211430539218640
0.00284727543403344 4.02211377735123410
0.00286749114381257 4.02211324189833608
0.00288784608267220 4.02211269893025758
0.00290834120950700 4.02211214834229835
0.00292897748981576 4.02211159002840546
0.00294975589574679 4.02211102388094321
0.00297067740614377 4.02211044979074739
0.00299174300659185 4.02210986764731615
0.00301295368946406 4.02210927733858004
0.00303431045396808 4.02210867875089306
0.00305581430619332 4.02210807176892171
0.00307746625915828 4.02210745627562360
0.00309926733285830 4.02210683215274489
0.00312121855431360 4.02210619928028734
0.00314332095761769 4.02210555753614685
0.00316557558398603 4.02210490679711707
0.00318798348180513 4.02210424693789559
0.00321054570668190 4.02210357783149419
0.00323326332149341 4.02210289934942722
0.00325613739643695 4.02210221136091572
0.00327916900908044 4.02210151373391955
0.00330235924441319 4.02210080633454758
0.00332570919489702 4.02210008902635607
0.00334921996051774 4.02209936167159299
0.00337289264883693 4.02209862413074593
0.00339672837504414 4.02209787626189819
0.00342072826200945 4.02209711792152103
0.00344489344033629 4.02209634896392476
0.00346922504841481 4.02209556924116818
0.00349372423247539 4.02209477860380638
0.00351839214664275 4.02209397689999992
0.00354322995299023 4.02209316397578842
0.00356823882159458 4.02209233967510382
0.00359341993059108 4.02209150383973846
0.00361877446622901 4.02209065630952711
0.00364430362292757 4.02208979692135316
0.00367000860333214 4.02208892551066288
0.00369589061837089 4.02208804191048319
0.00372195088731191 4.02208714595087002
0.00374819063782055 4.02208623746032945
0.00377461110601734 4.02208531626460619
0.00380121353653618 4.02208438218685860
0.00382799918258295 4.02208343504816579
0.00385496930599461 4.02208247466714841
0.00388212517729859 4.02208150085944904
0.00390946807577267 4.02208051343845163
0.00393699928950523 4.02207951221513316
0.00396472011545594 4.02207849699753428
0.00399263185951686 4.02207746759122298
0.00402073583657394 4.02207642379896058
0.00404903337056898 4.02207536542086341
0.00407752579456202 4.02207429225413104
0.00410621445079408 4.02207320409334201
0.00413510069075045 4.02207210073029042
0.00416418587522431 4.02207098195358448
0.00419347137438088 4.02206984754892627
0.00422295856782194 4.02206869729941197
0.00425264884465081 4.02206753098486836
0.00428254360353781 4.02206634838189814
0.00431264425278616 4.02206514926465886
0.00434295221039828 4.02206393340339119
0.00437346890414265 4.02206270056530979
0.00440419577162101 4.02206145051507846
0.00443513426033611 4.02206018301335266
0.00446628582775994 4.02205889781758774
0.00449765194140230 4.02205759468228141
0.00452923407888002 4.02205627335829607
0.00456103372798652 4.02205493359286415
0.00459305238676189 4.02205357512975858
0.00462529156356352 4.02205219770949185
0.00465775277713708 4.02205080106890289
0.00469043755668813 4.02204938494090491
0.00472334744195411 4.02204794905487972
0.00475648398327694 4.02204649313654539
0.00478984874167595 4.02204501690780702
0.00482344328892152 4.02204352008652943
0.00485726920760908 4.02204200238682574
0.00489132809123367 4.02204046351880695
0.00492562154426498 4.02203890318870716
0.00496015118222299 4.02203732109857892
0.00499491863175403 4.02203571694605344
0.00502992553070742 4.02203409042501825
0.00506517352821265 4.02203244122508430
0.00510066428475703 4.02203076903134882
0.00513639947226393 4.02202907352453920
0.00517238077417156 4.02202735438108938
0.00520860988551227 4.02202561127305014
0.00524508851299234 4.02202384386773915
0.00528181837507249 4.02202205182789463
0.00531880120204874 4.02202023481146576
0.00535603873613397 4.02201839247203718
0.00539353273153997 4.02201652445824998
0.00543128495456009 4.02201463041364615
0.00546929718365248 4.02201270997685878
0.00550757120952378 4.02201076278169456
0.00554610883521359 4.02200878845719512
0.00558491187617932 4.02200678662658095
0.00562398216038176 4.02200475690817782
0.00566332152837118 4.02200269891522399
0.00570293183337404 4.02200061225509753
0.00574281494138029 4.02199849653033947
0.00578297273123128 4.02199635133785804
0.00582340709470825 4.02199417626828737
0.00586411993662146 4.02199197090737126
0.00590511317489996 4.02198973483513811
0.00594638874068188 4.02198746762526316
0.00598794857840543 4.02198516884587054
0.00602979464590051 4.02198283805886625
0.00607192891448094 4.02198047482049414
0.00611435336903731 4.02197807868066448
0.00615707000813049 4.02197564918256401
0.00620008084408578 4.02197318586395802
0.00624338790308773 4.02197068825562187
0.00628699322527555 4.02196815588170331
0.00633089886483926 4.02196558826042505
0.00637510689011644 4.02196298490277204
0.00641961938368965 4.02196034531302526
0.00646443844248456 4.02195766898869511
0.00650956617786875 4.02195495542043790
0.00655500471575113 4.02195220409193244
0.00660075619668212 4.02194941447921028
0.00664682277595447 4.02194658605125799
0.00669320662370483 4.02194371827037411
0.00673990992501593 4.02194081059083519
0.00678693488001954 4.02193786245865859
0.00683428370400013 4.02193487331350319
0.00688195862749922 4.02193184258699432
0.00692996189642044 4.02192876970191371
0.00697829577213536 4.02192565407402025
0.00702696253158998 4.02192249511091227
0.00707596446741206 4.02191929221154609
0.00712530388801904 4.02191604476691200
0.00717498311772688 4.02191275215926236
0.00722500449685944 4.02190941376260014
0.00727537038185885 4.02190602894239202
0.00732608314539645 4.02190259705471664
0.00737714517648455 4.02189911744720341
0.00742855888058902 4.02189558945843828
0.00748032667974261 4.02189201241773464
0.00753245101265898 4.02188838564525142
0.00758493433484768 4.02188470845149570
0.00763777911872974 4.02188098013767004
0.00769098785375419 4.02187719999499294
0.00774456304651533 4.02187336730546452
0.00779850722087083 4.02186948134075362
0.00785282291806056 4.02186554136220931
0.00790751269682637 4.02186154662128637
0.00796257913353260 4.02185749635910916
0.00801802482228748 4.02185338980634910
0.00807385237506527 4.02184922618256824
0.00813006442182937 4.02184500469722295
0.00818666361065620 4.02184072454835650
0.00824365260785992 4.02183638492265327
0.00830103409811806 4.02183198499632066
0.00835881078459801 4.02182752393380660
0.00841698538908430 4.02182300088767430
0.00847556065210689 4.02181841499916892
0.00853453933307024 4.02181376539756830
0.00859392421038329 4.02180905119985788
0.00865371808159037 4.02180427151129560
0.00871392376350298 4.02179942542428215
0.00877454409233250 4.02179451201882365
0.00883558192382376 4.02178953036240827
0.00889704013338961 4.02178447950910556
0.00895892161624638 4.02177935850048662
0.00902122928755021 4.02177416636459384
0.00908396608253449 4.02176890211583249
0.00914713495664801 4.02176356475539976
0.00921073888569427 4.02175815327026953
0.00927478086597164 4.02175266663358855
0.00933926391441452 4.02174710380443656
0.00940419106873544 4.02174146372723396
0.00946956538756820 4.02173574533178790
0.00953538995061192 4.02172994753338564
0.00960166785877617 4.02172406923204040
0.00966840223432696 4.02171810931260154
0.00973559622103396 4.02171206664475189
0.00980325298431847 4.02170594008202631
0.00987137571140260 4.02169972846253465
0.00993996761145943 4.02169343060824502
0.01000903191576417 4.02168704532475552
0.01007857187784633 4.02168057140097090
0.01014859077364310 4.02167400760916927
0.01021909190165358 4.02166735270513964
0.01029007858309422 4.02166060542648651
0.01036155416205525 4.02165376449395939
0.01043352200565821 4.02164682861108691
0.01050598550421464 4.02163979646233205
0.01057894807138568 4.02163266671455055
0.01065241314434297 4.02162543801643491
0.01072638418393055 4.02161810899746719
0.01080086467482788 4.02161067826855412
0.01087585812571401 4.02160314442126143
0.01095136806943289 4.02159550602745863
0.01102739806315972 4.02158776163961651
0.01110395168856863 4.02157990979001934
0.01118103255200134 4.02157194899059522
0.01125864428463708 4.02156387773281399
0.01133679054266361 4.02155569448712580
0.01141547500744952 4.02154739770306779
0.01149470138571760 4.02153898580858371
0.01157447340971946 4.02153045720975033
0.01165479483741141 4.02152181029077038
0.01173566945263146 4.02151304341349380
0.01181710106527750 4.02150415491717705
0.01189909351148690 4.02149514311799283
0.01198165065381718 4.02148600630866326
0.01206477638142790 4.02147674275856204
0.01214847461026398 4.02146735071335204
0.01223274928324013 4.02145782839398969
0.01231760437042657 4.02144817399666632
0.01240304386923608 4.02143838569335443
0.01248907180461233 4.02142846163032530
0.01257569222921947 4.02141839992780525
0.01266290922363301 4.02140819868092070
0.01275072689653214 4.02139785595816335
0.01283914938489322 4.02138736980052691
0.01292818085418463 4.02137673822284025
0.01301782549856311 4.02136595921242446
0.01310808754107126 4.02135503072809630
0.01319897123383649 4.02134395070127937
0.01329048085827137 4.02133271703432893
0.01338262072527526 4.02132132760041383
0.01347539517543749 4.02130978024378205
0.01356880857924170 4.02129807277860518
0.01366286533727186 4.02128620298895445
0.01375756988041951 4.02127416862812481
0.01385292667009247 4.02126196741833919
0.01394894019842510 4.02124959705061613
0.01404561498848984 4.02123705518366759
0.01414295559451028 4.02122433944403568
0.01424096660207578 4.02121144742566194
0.01433965262835744 4.02119837668874069
0.01443901832232557 4.02118512476000145
0.01453906836496878 4.02117168913196821
0.01463980746951446 4.02115806726274005
0.01474124038165079 4.02114425657507368
0.01484337187975032 4.02113025445561956
0.01494620677509509 4.02111605825571861
0.01504974991210328 4.02110166528991542
0.01515400616855738 4.02108707283498035
0.01525898045583403 4.02107227813079504
0.01536467771913538 4.02105727837893845
0.01547110293772201 4.02104207074198428
0.01557826112514755 4.02102665234357115
0.01568615732949484 4.02101102026740520
0.01579479663361371 4.02099517155714636
0.01590418415536049 4.02097910321548291
0.01601432504783903 4.02096281220350704
0.01612522449964356 4.02094629544032678
0.01623688773510297 4.02092954980272044
0.01634932001452705 4.02091257212429998
0.01646252663445428 4.02089535919445851
0.01657651292790123 4.02087790775865361
0.01669128426461396 4.02086021451751296
0.01680684605132086 4.02084227612557576
0.01692320373198737 4.02082408919130962
0.01704036278807250 4.02080565027648618
0.01715832873878701 4.02078695589541546
0.01727710714135337 4.02076800251397781
0.01739670359126766 4.02074878654914691
0.01751712372256306 4.02072930436886278
0.01763837320807536 4.02070955229048188
0.01776045775971008 4.02068952658072654
0.01788338312871166 4.02066922345440325
0.01800715510593438 4.02064863907404391
0.01813177952211507 4.02062776954982581
0.01825726224814788 4.02060661093754224
0.01838360919536085 4.02058515923841497
0.01851082631579428 4.02056341039865650
0.01863891960248128 4.02054136030867060
0.01876789508972999 4.02051900480182933
0.01889775885340782 4.02049633965400588
0.01902851701122779 4.02047336058271743
0.01916017572303663 4.02045006324604959
0.01929274119110504 4.02042644324260223
0.01942621966041975 4.02040249611013323
0.01956061741897786 4.02037821732435852
0.01969594079808299 4.02035360229860128
0.01983219617264347 4.02032864638300236
0.01996938996147281 4.02030334486363916
0.02010752862759195 4.02027769296121384
0.02024661867853376 4.02025168583028236
0.02038666666664964 4.02022531855867538
0.02052767918941817 4.02019858616655235
0.02066966288975585 4.02017148360499288
0.02081262445633016 4.02014400575544606
0.02095657062387454 4.02011614742878187
0.02110150817350574 4.02008790336389676
0.02124744393304316 4.02005926822758752
0.02139438477733065 4.02003023661266390
0.02154233762856028 4.02000080303687479
0.02169130945659838 4.01997096194305037
0.02184130727931404 4.01994070769696421
0.02199233816290960 4.01991003458615648
0.02214440922225352 4.01987893681999520
0.02229752762121561 4.01984740852755529
0.02245170057300452 4.01981544375679789
0.02260693534050743 4.01978303647378343
0.02276323923663236 4.01975018056074784
0.02292061962465255 4.01971686981598886
0.02307908391855340 4.01968309795211987
0.02323863958338165 4.01964885859479093
0.02339929413559715 4.01961414528160521
0.02356105514342692 4.01957895146110378
0.02372393022722160 4.01954327049143068
0.02388792705981457 4.01950709563901221
0.02405305336688331 4.01947042007725663
0.02421931692731334 4.01943323688544751
0.02438672557356476 4.01939553904729330
0.02455528719204117 4.01935731944966257
0.02472500972346112 4.01931857088149247
0.02489590116323235 4.01927928603174589
0.02506796956182830 4.01923945748878442
0.02524122302516745 4.01919907773892948
0.02541566971499507 4.01915813916441067
0.02559131784926784 4.01911663404249264
0.02576817570254092 4.01907455454391283
0.02594625160635771 4.01903189273141681
0.02612555394964243 4.01898864055818450
0.02630609117909530 4.01894478986637882
0.02648787179959031 4.01890033238579303
0.02667090437457610 4.01885525973194646
0.02685519752647922 4.01880956340459683
0.02704075993711031 4.01876323478658204
0.02722760034807320 4.01871626514170366
0.02741572756117663 4.01866864561324366
0.02760515043884895 4.01862036722241989
0.02779587790455549 4.01857142086641872
0.02798791894321911 4.01852179731728931
0.02818128260164339 4.01847148721953928
0.02837597798893873 4.01842048108866567
0.02857201427695161 4.01836876930950826
0.02876940070069660 4.01831634213410105
0.02896814655879134 4.01826318968051321
0.02916826121389472 4.01820930193030623
0.02936975409314790 4.01815466872683746
0.02957263468861828 4.01809927977361525
0.02977691255774686 4.01804312463212465
0.02998259732379836 4.01798619272025448
0.03018969867631460 4.01792847330948266
0.03039822637157088 4.01786995552382020
0.03060819023303571 4.01781062833773728
0.03081960015183355 4.01775048057286455
0.03103246608721064 4.01768950089751264
0.03124679806700435 4.01762767782377495
0.03146260618811551 4.01756499970500691
0.03167990061698394 4.01750145473468567
0.03189869159006760 4.01743703094342575
0.03211898941432467 4.01737171619668487
0.03234080446769906 4.01730549819327276
0.03256414719960946 4.01723836446235882
0.03278902813144147 4.01717030236098349
0.03301545785704333 4.01710129907261493
0.03324344704322482 4.01703134160416830
0.03347300643026002 4.01696041678318316
0.03370414683239309 4.01688851125633395
0.03393687913834766 4.01681561148643862
0.03417121431184000 4.01674170374950190
0.03440716339209538 4.01666677413304107
0.03464473749436801 4.01659080853306083
0.03488394781046485 4.01651379265095443
0.03512480560927281 4.01643571199201244
0.03536732223728946 4.01635655186183449
0.03561150911915772 4.01627629736350134
0.03585737775820400 4.01619493339552758
0.03610493973698011 4.01611244464843065
0.03635420671780883 4.01602881560240732
0.03660519044333343 4.01594403052383520
0.03685790273707081 4.01585807346277868
0.03711235550396835 4.01577092825031379
0.03736856073096499 4.01568257849469301
0.03762653048755576 4.01559300757894810
0.03788627692636030 4.01550219865778679
0.03814781228369551 4.01541013465421770
0.03841114888015196 4.01531679825655718
0.03867629912117412 4.01522217191518660
0.03894327549764499 4.01512623783932820
0.03921209058647443 4.01502897799355285
0.03948275705119166 4.01493037409500353
0.03975528764254173 4.01483040760936216
0.04002969519908633 4.01472905974747540
0.04030599264780860 4.01462631146295923
0.04058419300472190 4.01452214344713276
0.04086430937548322 4.01441653612614946
0.04114635495601049 4.01430946965786539
0.04143034303310408 4.01420092392744809
0.04171628698507298 4.01409087854422530
0.04200420028236487 4.01397931283723874
0.04229409648820062 4.01386620585210796
0.04258598925921348 4.01375153634719517
0.04287989234609223 4.01363528278880644
0.04317581959422907 4.01351742334859463
0.04347378494437166 4.01339793589850391
0.04377380243328013 4.01327679800678983
0.04407588619438821 4.01315398693465042
0.04438005045846889 4.01302947963110057
0.04468630955430507 4.01290325272962622
0.04499467790936444 4.01277528254301963
0.04530517005047906 4.01264554505998472
0.04561780060452988 4.01251401594009405
0.04593258429913571 4.01238067050907432
0.04624953596334689 4.01224548375563472
0.04656867052834411 4.01210843032519993
0.04689000302814165 4.01196948451632007
0.04721354860029565 4.01182862027610376
0.04753932248661712 4.01168581119454082
0.04786734003389014 4.01154103050055699
0.04819761669459478 4.01139425105705438
0.04853016802763484 4.01124544535547667
0.04886500969907115 4.01109458551090547
0.04920215748285936 4.01094164325758484
0.04954162726159295 4.01078658994349269
0.04988343502725170 4.01062939652454453
0.05022759688195493 4.01047003356006115
0.05057412903871987 4.01030847120739953
0.05092304782222574 4.01014467921613971
0.05127436966958262 4.00997862692274776
0.05162811113110581 4.00981028324529554
0.05198428887109539 4.00963961667786073
0.05234291966862144 4.00946659528418259
0.05270402041831444 4.00929118669248297
0.05306760813116093 4.00911335808986991
0.05343369993530521 4.00893307621580952
0.05380231307685603 4.00875030735644611
0.05417346492069896 4.00856501733865223
0.05454717295131468 4.00837717152363915
0.05492345477360246 4.00818673480096432
0.05530232811370946 4.00799367158217201
0.05568381081986596 4.00779794579426429
0.05606792086322609 4.00759952087370586
0.05645467633871443 4.00739835975945979
0.05684409546587828 4.00719442488616462
0.05723619658974628 4.00698767817840285
0.05763099818169241 4.00677808104307775
0.05802851884030608 4.00656559436245363
0.05842877729226850 4.00635017848811881
0.05883179239323479 4.00613179323303736
0.05923758312872209 4.00591039786463199
0.05964616861500417 4.00568595109821057
0.06005756810001192 4.00545841108894685
0.06047180096423987 4.00522773542438326
0.06088888672165952 4.00499388111781052
0.06130884502063842 4.00475680460017625
0.06173169564486587 4.00451646171208075
0.06215745851428463 4.00427280769668226
0.06258615368602982 4.00402579719141283
0.06301780135537340 4.00377538422025303
0.06345242185667553 4.00352152218573565
0.06389003566434281 4.00326416386061190
0.06433066339379256 4.00300326137952212
0.06477432580242388 4.00273876623119840
0.06522104379059587 4.00247062924963171
0.06567083840261197 4.00219880060526911
0.06612373082771117 4.00192322979712056
0.06657974240106661 4.00164386564359020
0.06703889460479043 4.00136065627344006
0.06750120906894577 4.00107354911722624
0.06796670757256559 4.00078249089821103
0.06843541204467901 4.00048742762302290
0.06890734456534416 4.00018830457244423
0.06938252736668807 3.99988506629229112
0.06986098283395459 3.99957765658364828
0.07034273350655847 3.99926601849330998
0.07082780207914721 3.99895009430426152
0.07131621140267042 3.99862982552587853
0.07180798448545608 3.99830515288391464
0.07230314449429440 3.99797601631025223
0.07280171475552941 3.99764235493313125
0.07330371875615763 3.99730410706692441
0.07380918014493468 3.99696121020144668
0.07431812273348896 3.99661360099170970
0.07483057049744396 3.99626121524699318
0.07534654757754738 3.99590398792053936
0.07586607828080817 3.99554185309889043
0.07638918708164215 3.99517474398982886
0.07691589862302453 3.99480259291238538
0.07744623771765087 3.99442533128585620
0.07798022934910616 3.99404288961700216
0.07851789867304167 3.99365519748979159
0.07905927101835979 3.99326218355405871
0.07960437188840763 3.99286377551274585
0.08015322696217819 3.99245990011065910
0.08070586209552016 3.99205048312272259
0.08126230332235576 3.99163544934153958
0.08182257685590748 3.99121472256533183
0.08238670908993284 3.99078822558553492
0.08295472659996748 3.99035588017438014
0.08352665614457758 3.98991760707231879
0.08410252466662016 3.98947332597529369
0.08468235929451211 3.98902295552173403
0.08526618734350867 3.98856641327951644
0.08585403631698994 3.98810361573334715
0.08644593390775629 3.98763447827080775
0.08704190799933344 3.98715891516924437
0.08764198666728568 3.98667683958231356
0.08824619818053861 3.98618816352602678
0.08885457100271059 3.98569279786520037
0.08946713379345408 3.98519065229923841
0.09008391540980545 3.98468163534818443
0.09070494490754430 3.98416565433829017
0.09133025154256254 3.98364261538768671
0.09195986477224254 3.98311242339195726
0.09259381425684444 3.98257498200905946
0.09323212986090400 3.98203019364471489
0.09387484165463919 3.98147795943742011
0.09452197991536644 3.98091817924316338
0.09517357512892761 3.98035075162007024
0.09582965799112571 3.97977557381286351
0.09649025940917109 3.97919254173734149
0.09715541050313714 3.97860154996453996
0.09782514260742688 3.97800249170467435
0.09849948727224871 3.97739525879071820
0.09917847626510250 3.97677974166255099
0.09986214157227666 3.97615582935031364
0.10055051540035467 3.97552340945732530
0.10124363017773205 3.97488236814356632
0.10194151855614454 3.97423259010867103
0.10264421341220598 3.97357395857445583
0.10335174784895693 3.97290635526738400
0.10406415519742446 3.97222966040121994
0.10478146901819221 3.97154375265901383
0.10550372310298135 3.97084850917488286
0.10623095147624222 3.97014380551609536
0.10696318839675767 3.96942951566409574
0.10770046835925672 3.96870551199606059
0.10844282609603929 3.96797166526609502
0.10919029657861286 3.96722784458543920
0.10994291501933974 3.96647391740355681
0.11070071687309559 3.96570974948823318
0.11146373783894017 3.96493520490533280
0.11223201386179885 3.96415014599890503
0.11300558113415557 3.96335443337057081
0.11378447609775848 3.96254792585820192
0.11456873544533624 3.96173048051518384
0.11535839612232673 3.96090195258914335
0.11615349532861717 3.96006219549934935
0.11695407052029710 3.95921106081507368
0.11776015941142259 3.95834839823305051
0.11857179997579269 3.95747405555426113
0.11938903044873875 3.95658787866065964
0.12021188932892556 3.95568971149161541
0.12104041538016444 3.95477939601945572
0.12187464763324013 3.95385677222476328
0.12271462538774915 3.95292167807157346
0.12356038821395075 3.95197394948135061
0.12441197595463170 3.95101342030680058
0.12526942872698282 3.95003992230532708
0.12613278692448912 3.94905328511154963
0.12700209121883205 3.94805333620926291
0.12787738256180636 3.94703990090278856
0.12875870218724889 3.94601280228779228
0.12964609161298060 3.94497186122110932
0.13053959264276330 3.94391689628988162
0.13143924736826845 3.94284772377988668
0.13234509817105980 3.94176415764316479
0.13325718772459053 3.94066600946456491
0.13417555899621331 3.93955308842717988
0.13510025524920402 3.93842520127728246
0.13603132004480051 3.93728215228761691
0.13696879724425431 3.93612374321992409
0.13791273101089702 3.93494977328622086
0.13886316581222044 3.93376003910866157
0.13982014642197194 3.93255433467822613
0.14078371792226346 3.93133245131201647
0.14175392570569484 3.93009417760888446
0.14273081547749294 3.92883929940366450
0.14371443325766448 3.92756759971969283
0.14470482538316343 3.92627885871952120
0.14570203851007471 3.92497285365382620
0.14670611961581190 3.92364935880829302
0.14771711600132961 3.92230814544855200
0.14873507529335270 3.92094898176273521
0.14976004544661942 3.91957163280189524
0.15079207474614068 3.91817586041784782
0.15183121180947412 3.91676142319849330
0.15287750558901539 3.91532807640039682
0.15393100537430371 3.91387557187844948
0.15499176079434338 3.91240365801258827
0.15605982181994271 3.91091207963114673
0.15713523876606758 3.90940057793096507
0.15821806229421123 3.90786889039384100
0.15930834341478184 3.90631675069925910
0.16040613348950503 3.90474388863310162
0.16151148423384307 3.90315002999222127
0.16262444771943196 3.90153489648458329
0.16374507637653393 3.89989820562473133
0.16487342299650756 3.89823967062443399
0.16600954073429422 3.89655900027814983
0.16715348311092296 3.89485589884304106
0.16830530401603144 3.89313006591335631
0.16946505771040399 3.89138119628883405
0.17063279882852889 3.88960897983674680
0.17180858238117150 3.88781310134743174
0.17299246375796537 3.88599324038284255
0.17418449873002248 3.88414907111784480
0.17538474345256003 3.88228026217388589
0.17659325446754551 3.88038647644469936
0.17781008870636109 3.87846737091356886
0.17903530349248506 3.87652259646193054
0.18026895654419256 3.87455179766873226
0.18151110597727393 3.87255461260024969
0.18276181030777353 3.87053067258979722
0.18402112845474572 3.86847960200712659
0.18528911974303014 3.86640101801675184
0.18656584390604733 3.86429453032496806
0.18785136108861214 3.86215974091496816
0.18914573184976669 3.85999624376968153
0.19044901716563412 3.85780362458157411
0.19176127843229071 3.85558146044928929
0.19308257746865756 3.85332931956028979
0.19441297651941386 3.85104676085904130
0.19575253825792849 3.84873333370042658
0.19710132578921277 3.84638857748758012
0.19845940265289264 3.84401202129364528
0.19982683282620289 3.84160318346724594
0.20120368072700057 3.83916157122073765
0.20259001121679915 3.83668668020079684
0.20398588960382499 3.83417799404114890
0.20539138164609347 3.83163498389654844
0.20680655355450628 3.82905710795772114
0.20823147199597156 3.82644381094678465
0.20966620409654391 3.82379452359274907
0.21111081744458601 3.82110866208648003
0.21256538009395401 3.81838562751505739
0.21402996056720233 3.81562480527507120
0.21550462785881241 3.81282556446436161
0.21698945143844184 3.80998725725238652
0.21848450125419838 3.80710921822866366
0.21998984773593447 3.80419076372937059
0.22150556179856454 3.80123119114231356
0.22303171484540685 3.79822977818969498
0.22456837877154651 3.79518578218940483
0.22611562596722207 3.79209843929538426
0.22767352932123661 3.78896696371628883
0.22924216222439106 3.78579054691432715
0.23082159857294077 3.78256835678428072
0.23241191277207801 3.77929953681349406
0.23401317973943619 3.77598320522416886
0.23562547490861963 3.77261845409890029
0.23724887423275626 3.76920434849135999
0.23888345418807699 3.76573992552326020
0.24052929177751764 3.76222419346923420
0.24218646453434586 3.75865613083308148
0.24385505052581510 3.75503468541700691
0.24553512835684130 3.75135877338495316
0.24722677717370542 3.74762727832684828
0.24893007666778313 3.74383905032495168
0.25064510707929838 3.73999290502412096
0.25237194920110279 3.73608762271376005
0.25411068438248285 3.73212194742576386
0.25586139453299134 3.72809458605061472
0.25762416212630668 3.72400420747732985
0.25939907020411690 3.71984944176903420
0.26118620238003326 3.71562887937344577
0.26298564284352799 3.71134107037604455
0.26479747636390111 3.70698452380999344
0.26662178829427297 3.70255770702393283
0.26845866457560524 3.69805904511791761
0.27030819174075138 3.69348692045839666
0.27217045691852998 3.68883967228186505
0.27404554783783092 3.68411559639646002
0.27593355283174942 3.67931294498944750
0.27783456084174468 3.67442992656150302
0.27974866142183086 3.66946470599129748
0.28167594474279772 3.66441540474204430
0.28361650159645529 3.65928010123391356
0.28557042339991229 3.65405683138495752
0.28753780219988456 3.64874358933894971
0.28951873067702744 3.64333832839877392
0.29151330215030596 3.63783896217230351
0.29352161058138737 3.63224336595260011
0.29554375057906923 3.62654937834800695
0.29757981740373779 3.62075480317397735
0.29962990697185221 3.61485741162520036
0.30169411586046524 3.60885494474307711
0.30377254131177361 3.60274511619869342
0.30586528123769657 3.59652561539530824
0.30797243422448944 3.59019411091649054
0.31009409953738992 3.58374825433663657
0.31223037712529061 3.57718568438791218
0.31438136762544966 3.57050403151822993
0.31654717236823277 3.56370092284047368
0.31872789338188390 3.55677398748225704
0.32092363339733304 3.54972086235115780
0.32313449585303744 3.54253919831150110
0.32536058489985120 3.53522666678150133
0.32760200540593343 3.52778096675729724
0.32985886296168992 3.52019983225743660
0.33213126388474412 3.51248104017544582
0.33441931522494717 3.50462241854716305
0.33672312476942301 3.49662185521647251
0.33904280104764212 3.48847730687964930
0.34137845333653621 3.48018680848966344
0.34373019166564794 3.47174848300087913
0.34609812682230995 3.46316055143003476
0.34848237035686874 3.45442134318570915
0.35088303458793546 3.44552930663492418
0.35330023260767901 3.43648301987852989
0.35573407828715525 3.42728120166454531
0.35818468628166800 3.41792272239069028
0.36065217203617167 3.40840661515416876
0.36313665179071219 3.39873208676821870
0.36563824258589855 3.38889852867484676
0.36815706226841882 3.37890552769435848
0.37069322949659317 3.36875287652691968
0.37324686374596050 3.35844058391643108
0.37581808531490823 3.34796888440512452
0.37840701533034138 3.33733824757854869
0.38101377575338496 3.32654938671224754
0.38363848938513134 3.31560326674024264
0.38628127987242716 3.30450111143219427
0.38894227171369411 3.29324440968527954
0.39162159026479615 3.28183492086775486
0.39431936174494664 3.27027467908746505
0.39703571324265036 3.25856599630432742
0.39977077272169265 3.24671146422843204
0.40252466902716960 3.23471395489044600
0.40529753189155343 3.22257661982814714
0.40808949194080635 3.21030288782722861
0.41090068070053642 3.19789646115016346
0.41373123060218814 3.18536131021394775
0.41658127498928715 3.17270166667146913
0.41945094812371697 3.15992201487020852
0.42234038519204559 3.14702708170256207
0.42524972231189667 3.13402182482917624
0.42817909653835690 3.12091141925498494
0.43112864587043542 3.10770124235939749
0.43409850925756621 3.09439685740573278
0.43708882660614989 3.08100399552204385
0.44009973878614655 3.06752853631972311
0.44313138763771442 3.05397648721943282
0.44618391597788670 3.04035396152360882
0.44925746760730267 3.02666715543526665
0.45235218731698318 3.01292232413972272
0.45546822089514793 2.99912575704267503
0.45860571513408505 2.98528375237946131
0.46176481783706874 2.97140259133613771
0.46494567782531782 2.95748851184747963
0.46814844494500796 2.94354768227805508
0.47137327007433427 2.92958617514177133
0.47462030513061321 2.91560994106020699
0.47788970307744211 2.90162478316108086
0.48118161793190767 2.88763633208956128
0.48449620477183586 2.87365002178889783
0.48783361974310091 2.85967106629881940
0.49119402006698276 2.84570443768922443
0.49457756404756831 2.83175484527044441
0.49798441107921515 2.81782671631973347
0.50141472165405510 2.80392417835331509
0.50486865736955655 2.79005104313773078
0.50834638093614049 2.77621079257056547
0.51184805618483975 2.76240656640613880
0.51537384807502007 2.74864115200742942
0.51892392270215304 2.73491697618375706
0.52249844730563633 2.72123609904649921
0.52609759027667324 2.70760020998455486
0.52972152116621019 2.69401062575680728
0.53337041069291669 2.68046829061001723
0.53704443075123121 2.66697377845185990
0.54074375441946221 2.65352729700135281
0.54446855596793509 2.64012869377552084
0.54821901086720481 2.62677746391144940
0.55199529579632578 2.61347275969649484
0.55579758865116813 2.60021340158629943
0.55962606855280195 2.58699789070298669
0.56348091585593751 2.57382442262306910
0.56736231215741650 2.56069090225939489
0.57127044030476937 2.54759495974228045
0.57520548440483177 2.53453396708994738
0.57916762983241210 2.52150505552088910
0.58315706323902683 2.50850513325160174
0.58717397256169712 2.49553090356599494
0.59121854703179433 2.48257888305455809
0.59529097718396295 2.46964541984660002
0.59939145486508971 2.45672671157818900
0.60352017324334362 2.44381882313731413
0.60767732681727959 2.43091770393346218
0.61186311142499428 2.41801920451120766
0.61607772425335505 2.40511909253084122
0.62032136384729264 2.39221306790548027
0.62459423011914772 2.37929677703500619
0.62889652435809140 2.36636582605999335
0.63322844923961197 2.35341579308123761
0.63759020883505479 2.34044223924787609
0.64198200862124022 2.32744071871154246
0.64640405549014601 2.31440678745121442
0.65085655775864737 2.30133601084501693
0.65533972517833383 2.28822397012016676
0.65985376894539371 2.27506626764509656
0.66439890171055649 2.26185853099872558
0.66897533758911365 2.24859641601660432
0.67358329217100954 2.23527560876661280
0.67822298253098967 2.22189182644486749
0.68289462723883121 2.20844081740900533
0.68759844636964218 2.19491836032919307
0.69233466151422274 2.18132026248818045
0.69710349578950681 2.16764235743806299
0.70190517384907669 2.15388050201431858
0.70673992189373802 2.14003057279702036
0.71160796768218526 2.12608846218369596
0.71650954054172245 2.11205007408220924
0.72144487137907043 2.09791131939189057
0.72641419269124807 2.08366811136962893
0.73141773857651804 2.06931636087898285
0.73645574474541731 2.05485197176614287
0.74152844853186650 2.04027083639477658
0.74663608890434163 2.02556883134097987
0.75177890647713608 2.01074181350333614
0.75695714352169929 1.99578561662476428
0.76217104397804170 1.98069604824565348
0.76742085346623079 1.96546888730554570
0.77270681929796636 1.95009988238834420
0.77802919048822172 1.93458475062874524
0.78338821776697964 1.91891917744684570
0.78878415359104803 1.90309881711662654
0.79421725215594319 1.88711929417970459
0.79968776940787090 1.87097620582890412
0.80519596305578611 1.85466512525849270
0.81074209258352603 1.83818160598151947
0.81632641926203720 1.82152118723442058
0.82194920616168921 1.80467940042633179
0.82761071816465814 1.78765177662508368
0.83331122197740892 1.77043385520188878
0.83905098614326490 1.75302119355654251
0.84483028105504709 1.73540937793756278
0.85064937896782500 1.71759403542678424
0.85650855401173109 1.69957084700233207
0.86240808220487908 1.68133556174459198
0.86834824146637202 1.66288401216970949
0.87432931162938499 1.64421213064098248
0.88035157445435230 1.62531596692004587
0.88641531364224579 1.60619170679983836
0.89252081484793000 1.58683569181592699
0.89866836569362407 1.56724444005282071
0.90485825578245527 1.54741466800083449
0.91109077671209349 1.52734331346126417
0.91736622208849117 1.50702755949592571
0.92368488753972133 1.48646485939257333
0.93004707072989290 1.46565296261515532
0.93645307137317935 1.44458994174512734
0.94290319124794220 1.42327422037717155
0.94939773421093754 1.40170460190773305
0.95593700621163524 1.37988029922567534
0.96252131530663754 1.35780096524652927
0.96915097167417996 1.33546672420462920
0.97582628762874912 1.31287820369277841
0.98254757763580092 1.29003656735298655
0.98931515832656336 1.26694354809663867
0.99612934851295887 1.24360148181172914
1.00299046920262747 1.22001334140261131
1.00989884361403748 1.19618277100809633
1.01685479719172500 1.17211412026930795
1.02385865762161421 1.14781247843346379
1.03091075484645822 1.12328370809959832
1.03801142108138866 1.09853447836475704
1.04516099082955427 1.07357229707978563
1.05235980089788472 1.04840554195555313
1.05960819041296261 1.02304349017467566
1.06690650083698868 0.99749634612521110
1.07425507598387227 0.97177526691099958
1.08165426203543413 0.94589238519235475
1.08910440755770344 0.91986082891067866
1.09660586351734346 0.89369473744258343
1.10415898329819151 0.86740927367530973
1.11176412271789449 0.84102063150559347
1.11942164004467637 0.81454603824549587
1.12713189601422270 0.78800375141302226
1.13489525384666146 0.76141304938925503
1.14271207926368090 0.73479421545826129
1.15058274050576292 0.70816851475061593
1.15850760834951960 0.68155816365230049
1.16648705612516523 0.65498629131353725
1.17452145973411026 0.62847689293133968
1.18261119766665646 0.60205477456640111
1.19075665101983330 0.57574548935968362
1.19895820351535809 0.54957526510292154
1.20721624151769702 0.52357092324283427
1.21553115405228396 0.49775978953787231
1.22390333282383090 0.47216959671467834
1.23233317223478811 0.44682837962754024
1.24082106940393033 0.42176436357921093
1.24936742418505098 0.39700584661249722
1.25797263918580571 0.37258107674164925
1.26663711978668481 0.34851812523898512
1.27536127416009770 0.32484475723040956
1.28414551328960691 0.30158830098076661
1.29299025098929765 0.27877551735368844
1.30189590392325605 0.25643247101441713
1.31086289162520631 0.23458440500078404
1.31989163651828068 0.21325562031224357
1.32898256393490533 0.19246936216084654
1.33813610213684386 0.17224771448573861
1.34735268233538008 0.15261150425495837
1.35663273871161705 0.13358021696500724
1.36597670843693786 0.11517192460130340
1.37538503169360782 0.09740322714273474
1.38485815169549564 0.08028920848584696
1.39439651470896098 0.06384340743273829
1.40400057007388401 0.04807780413677339
1.41367077022481880 0.03300282213854500
1.42340757071231394 0.01862734585777319
1.43321143022438102 0.00495875314113552
1.44308281060808552 -0.00799703778980974
1.45302217689132229 -0.02023550788782037
1.46302999730470673 -0.03175346444183540
1.47310674330363889 -0.04254895715970067
1.48325288959052193 -0.05262118463965976
1.49346891413710736 -0.06197039282068439
1.50375529820702170 -0.07059776709270935
1.51411252637844407 -0.07850531979238180
1.52454108656692022 -0.08569577481851184
1.53504147004835301 -0.09217245107881103
1.54561417148215696 -0.09793914641082165
1.55625968893454147 -0.10300002352556537
1.56697852390198511 -0.10735949940875515
1.57777118133486671 -0.11102213946043112
1.58863816966123794 -0.11399255749167013
1.59958000081078100 -0.11627532253337829
1.61059719023893511 -0.11787487321610210
1.62169025695116265 -0.11879544029610591
1.63285972352740405 -0.11904097773437453
1.64410611614670854 -0.11861510254008134
1.65542996461200076 -0.11752104342518038
1.66683180237505080 -0.11576159818038671
1.67831216656161164 -0.11333909952171767
1.68987159799670472 -0.11025538903535612
1.70151064123010665 -0.10651179876974777
1.71322984456201199 -0.10210913990552985
1.72502976006884090 -0.09704769787998017
1.73691094362927045 -0.09132723331208507
1.74887395495040243 -0.08494698800793836
1.76091935759413643 -0.07790569535121220
1.77304771900373059 -0.07020159437194096
1.78525961053051230 -0.06183244678595019
1.79755560746080478 -0.05279555638433633
1.80993628904303661 -0.04308779015762310
1.82240223851501071 -0.03270560059376697
1.83495404313138932 -0.02164504871599524
1.84759229419136894 -0.00990182746342719
1.86031758706651473 0.00252871489597092
1.87313052122882051 0.01471552562142509
1.88603170027895439 0.02575127975416055
1.89902173197467894 0.03567667127557343
1.91210122825948781 0.04453266241132112
1.92527080529144534 0.05236043594955814
1.93853108347219338 0.05920144414697505
1.95188268747618587 0.06509738020949328
1.96532624628012798 0.07009005131919432
1.97886239319258661 0.07422146664786702
1.99249176588383281 0.07753381799132633
2.00621500641589323 0.08006938834422581
2.02003276127277731 0.08187054624633612
2.03394568139093934 0.08297969729876492
2.04795442218995793 0.08343923245961260
2.06205964360338356 0.08329146648360908
2.07626201010985856 0.08257856549554572
2.09056219076439209 0.08134246264162377
2.10496085922989185 0.07962476063904053
2.11945869380890795 0.07746662031738262
2.13405637747556742 0.07490863434644562
2.14875459790775691 0.07199068548677727
2.16355404751953095 0.06875178890961485
2.17845542349370769 0.06522991829994126
2.19345942781472392 0.06146181557132618
2.20856676730171486 0.05748278417545674
2.22377815364179110 0.05332646604604065
2.23909430342357307 0.04902460215973261
2.25451593817096496 0.04460677662909394
2.27004378437711551 0.04010018721780797
2.28567857353866044 0.03552982975787605
2.30142104219018861 0.03091867189554139
2.31727193193891834 0.02628737793502627
2.33323198949964450 0.02165396614374325
2.34930196672992908 0.01703343759749348
2.36548262066549286 0.01244205841122772
2.38177471355589265 0.00783739913183395
2.39817901290044277 0.00316792552913006
2.41469629148434395 -0.00044565958946885
2.43132732741510260 -0.00183685666890099
2.44807290415919843 -0.00198354318340040
2.46493381057896288 -0.00191950003886470
2.48191084096977521 -0.00158306201889956
2.49900479509745121 -0.00089420370106793
2.51621647823593220 0.00000000000000000
2.53354670120523284 0.00000000000000000
2.55099628040961113 0.00000000000000000
2.56856603787604332 0.00000000000000000
2.58625680129295965 0.00000000000000000
2.60406940404921050 0.00000000000000000
2.62200468527333941 0.00000000000000000
2.64006348987312522 0.00000000000000000
2.65824666857535963 0.00000000000000000
2.67655507796593595 0.00000000000000000
2.69498958053021731 0.00000000000000000
2.71355104469363706 0.00000000000000000
2.73224034486262513 0.00000000000000000
2.75105836146581328 0.00000000000000000
2.77000598099548245 0.00000000000000000
2.78908409604933905 0.00000000000000000
2.80829360537257955 0.00000000000000000
2.82763541390019668 0.00000000000000000
2.84711043279962883 0.00000000000000000
2.86671957951369549 0.00000000000000000
2.88646377780378760 0.00000000000000000
2.90634395779340204 0.00000000000000000
2.92636105601196883 0.00000000000000000
2.94651601543894071 0.00000000000000000
2.96680978554825137 0.00000000000000000
2.98724332235300905 0.00000000000000000
3.00781758845055025 0.00000000000000000
3.02853355306780125 0.00000000000000000
3.04939219210690604 0.00000000000000000
3.07039448819121263 0.00000000000000000
3.09154143071158360 0.00000000000000000
3.11283401587297037 0.00000000000000000
3.13427324674135965 0.00000000000000000
3.15586013329104409 0.00000000000000000
3.17759569245216467 0.00000000000000000
3.19948094815863815 0.00000000000000000
3.22151693139640605 0.00000000000000000
3.24370468025197134 0.00000000000000000
3.26604523996131801 0.00000000000000000
3.28853966295916722 0.00000000000000000
3.31118900892852341 0.00000000000000000
3.33399434485060953 0.00000000000000000
3.35695674505515118 0.00000000000000000
3.38007729127094736 0.00000000000000000
3.40335707267685450 0.00000000000000000
3.42679718595310590 0.00000000000000000
3.45039873533294417 0.00000000000000000
3.47416283265465609 0.00000000000000000
3.49809059741397022 0.00000000000000000
3.52218315681675032 0.00000000000000000
3.54644164583214483 0.00000000000000000
3.57086720724601214 0.00000000000000000
3.59546099171477529 0.00000000000000000
3.62022415781964479 0.00000000000000000
3.64515787212116038 0.00000000000000000
3.67026330921416610 0.00000000000000000
3.69554165178316163 0.00000000000000000
3.72099409065798081 0.00000000000000000
3.74662182486990636 0.00000000000000000
3.77242606170817796 0.00000000000000000
3.79840801677682238 0.00000000000000000
3.82456891405194277 0.00000000000000000
3.85090998593939648 0.00000000000000000
3.87743247333281227 0.00000000000000000
3.90413762567206657 0.00000000000000000
3.93102670100216622 0.00000000000000000
3.95810096603246819 0.00000000000000000
3.98536169619637626 0.00000000000000000
4.01281017571144627 0.00000000000000000
4.04044769763983957 0.00000000000000000
4.06827556394925782 0.00000000000000000
4.09629508557430455 0.00000000000000000
4.12450758247818960 0.00000000000000000
4.15291438371494248 0.00000000000000000
4.18151682749203335 0.00000000000000000
4.21031626123337333 0.00000000000000000
4.23931404164284142 0.00000000000000000
4.26851153476814815 0.00000000000000000
4.29791011606521067 0.00000000000000000
4.32751117046297207 0.00000000000000000
4.35731609242859541 0.00000000000000000
4.38732628603318098 0.00000000000000000
4.41754316501793021 0.00000000000000000
4.44796815286070313 0.00000000000000000
4.47860268284309537 0.00000000000000000
4.50944819811798503 0.00000000000000000
4.54050615177746941 0.00000000000000000
4.57177800692133918 0.00000000000000000
4.60326523672603471 0.00000000000000000
4.63496932451398713 0.00000000000000000
4.66689176382352855 0.00000000000000000
4.69903405847926958 0.00000000000000000
4.73139772266289604 0.00000000000000000
4.76398428098452786 0.00000000000000000
4.79679526855455585 0.00000000000000000
4.82983223105592252 0.00000000000000000
4.86309672481695010 0.00000000000000000
4.89659031688469248 0.00000000000000000
4.93031458509869847 0.00000000000000000
4.96427111816537092 0.00000000000000000
4.99846151573283315 0.00000000000000000
5.03288738846622596 0.00000000000000000
5.06755035812365673 0.00000000000000000
5.10245205763253029 0.00000000000000000
5.13759413116650521 0.00000000000000000
5.17297823422297665 0.00000000000000000
5.20860603370100783 0.00000000000000000
5.24447920797988143 0.00000000000000000
5.28059944699819717 0.00000000000000000
5.31696845233342508 0.00000000000000000
5.35358793728209381 0.00000000000000000
5.39045962694052694 0.00000000000000000
5.42758525828605887 0.00000000000000000
5.46496658025888138 0.00000000000000000
5.50260535384447369 0.00000000000000000
5.54050335215649259 0.00000000000000000
5.57866236052033670 0.00000000000000000
5.61708417655727565 0.00000000000000000
5.65577061026908012 0.00000000000000000
5.69472348412331364 0.00000000000000000
5.73394463313921854 0.00000000000000000
5.77343590497410020 0.00000000000000000
5.81319916001040049 0.00000000000000000
5.85323627144336545 0.00000000000000000
5.89354912536922804 0.00000000000000000
5.93413962087409441 0.00000000000000000
5.97500967012343231 0.00000000000000000
6.01616119845208175 0.00000000000000000
6.05759614445503924 0.00000000000000000
6.09931646007870754 0.00000000000000000
6.14132411071287976 0.00000000000000000
6.18362107528336136 0.00000000000000000
6.22620934634512757 0.00000000000000000
6.26909093017622254 0.00000000000000000
6.31226784687230946 0.00000000000000000
6.35574213044176251 0.00000000000000000
6.39951582890152437 0.00000000000000000
6.44359100437361665 0.00000000000000000
6.48796973318221504 0.00000000000000000
6.53265410595150353 0.00000000000000000
6.57764622770418317 0.00000000000000000
6.62294821796058031 0.00000000000000000
6.66856221083852052 0.00000000000000000
6.71449035515390236 0.00000000000000000
6.76073481452185465 0.00000000000000000
6.80729776745870030 0.00000000000000000
6.85418140748460925 0.00000000000000000
6.90138794322687321 0.00000000000000000
6.94891959852397711 0.00000000000000000
6.99677861253040323 0.00000000000000000
7.04496723982204198 0.00000000000000000
7.09348775050243230 0.00000000000000000
7.14234243030975069 0.00000000000000000
7.19153358072439097 0.00000000000000000
7.24106351907749612 0.00000000000000000
7.29093457866002304 0.00000000000000000
7.34114910883271410 0.00000000000000000
7.39170947513679444 0.00000000000000000
7.44261805940534860 0.00000000000000000
7.49387725987554987 0.00000000000000000
7.54548949130168989 0.00000000000000000
7.59745718506884682 0.00000000000000000
7.64978278930746658 0.00000000000000000
7.70246876900873456 0.00000000000000000
7.75551760614061170 0.00000000000000000
7.80893179976480489 0.00000000000000000
7.86271386615452528 0.00000000000000000
7.91686633891295788 0.00000000000000000
7.97139176909264169 0.00000000000000000
8.02629272531570415 0.00000000000000000
8.08157179389476887 0.00000000000000000
8.13723157895484306 0.00000000000000000
8.19327470255603352 0.00000000000000000
8.24970380481698484 0.00000000000000000
8.30652154403929366 0.00000000000000000
8.36373059683278619 0.00000000000000000
8.42133365824150992 0.00000000000000000
8.47933344187075200 0.00000000000000000
8.53773268001491026 0.00000000000000000
8.59653412378610682 0.00000000000000000
8.65574054324390119 0.00000000000000000
8.71535472752569795 0.00000000000000000
8.77537948497815989 0.00000000000000000
8.83581764328957142 0.00000000000000000
8.89667204962294100 0.00000000000000000
8.95794557075018716 0.00000000000000000
9.01964109318722329 0.00000000000000000
9.08176152332984898 0.00000000000000000
9.14430978759071600 0.00000000000000000
9.20728883253723041 0.00000000000000000
9.27070162503026651 0.00000000000000000
9.33455115236398569 0.00000000000000000
9.39884042240660378 0.00000000000000000
9.46357246374199690 0.00000000000000000
9.52875032581242287 0.00000000000000000
9.59437707906221782 0.00000000000000000
9.66045581508235429 0.00000000000000000
9.72698964675612210 0.00000000000000000
9.79398170840582871 0.00000000000000000
9.86143515594034170 0.00000000000000000
9.92935316700382486 0.00000000000000000
9.99773894112547623 0.00000000000000000
10.06659569987014713 0.00000000000000000
10.13592668699016741 0.00000000000000000
10.20573516857819385 0.00000000000000000
10.27602443322096626 0.00000000000000000
10.34679779215434792 0.00000000000000000
10.41805857941921332 0.00000000000000000
10.48981015201854206 0.00000000000000000
10.56205589007563006 0.00000000000000000
10.63479919699321208 0.00000000000000000
10.70804349961384183 0.00000000000000000
10.78179224838138772 0.00000000000000000
10.85604891750345935 0.00000000000000000
10.93081700511513965 0.00000000000000000
11.00610003344382370 0.00000000000000000
11.08190154897503987 0.00000000000000000
11.15822512261957122 0.00000000000000000
11.23507434988173870 0.00000000000000000
11.31245285102866305 0.00000000000000000
11.39036427126086970 0.00000000000000000
11.46881228088406779 0.00000000000000000
11.54780057548193817 0.00000000000000000
11.62733287609027499 0.00000000000000000
11.70741292937236366 0.00000000000000000
11.78804450779532864 0.00000000000000000
11.86923140980793434 0.00000000000000000
11.95097746001958150 0.00000000000000000
12.03328650938034805 0.00000000000000000
12.11616243536247062 0.00000000000000000
12.19960914214307124 0.00000000000000000
12.28363056078792503 0.00000000000000000
12.36823064943682482 0.00000000000000000
12.45341339348988541 0.00000000000000000
12.53918280579536493 0.00000000000000000
12.62554292683876156 0.00000000000000000
12.71249782493303115 0.00000000000000000
12.80005159641030055 0.00000000000000000
12.88820836581490603 0.00000000000000000
12.97697228609757403 0.00000000000000000
13.06634753881110811 0.00000000000000000
13.15633833430746158 0.00000000000000000
13.24694891193594515 0.00000000000000000
13.33818354024298891 0.00000000000000000
13.43004651717330766 0.00000000000000000
13.52254217027224570 0.00000000000000000
13.61567485688968482 0.00000000000000000
13.70944896438540361 0.00000000000000000
13.80386891033561803 0.00000000000000000
13.89893914274114195 0.00000000000000000
13.99466414023702043 0.00000000000000000
14.09104841230335481 0.00000000000000000
14.18809649947781004 0.00000000000000000
14.28581297356959823 0.00000000000000000
14.38420243787468600 0.00000000000000000
14.48326952739274454 0.00000000000000000
14.58301890904555620 0.00000000000000000
14.68345528189669658 0.00000000000000000
14.78458337737311012 0.00000000000000000
14.88640795948781026 0.00000000000000000
14.98893382506439842 0.00000000000000000
15.09216580396309659 0.00000000000000000
15.19610875930813876 0.00000000000000000
15.30076758771692269 0.00000000000000000
15.40614721953078536 0.00000000000000000
15.51225261904708930 0.00000000000000000
15.61908878475316698 0.00000000000000000
15.72666074956188353 0.00000000000000000
15.83497358104856190 0.00000000000000000
15.94403238168977666 0.00000000000000000
16.05384228910383726 0.00000000000000000
16.16440847629262834 0.00000000000000000
16.27573615188538625 0.00000000000000000
16.38783056038416674 0.00000000000000000
16.50069698241071947 0.00000000000000000
16.61434073495536978 0.00000000000000000
16.72876717162753124 0.00000000000000000
16.84398168290777775 0.00000000000000000
16.95998969640185550 0.00000000000000000
17.07679667709644278 0.00000000000000000
17.19440812761645176 0.00000000000000000
17.31282958848430553 0.00000000000000000
17.43206663838105897 0.00000000000000000
17.55212489440898693 0.00000000000000000
17.67301001235643199 0.00000000000000000
17.79472768696403406 0.00000000000000000
17.91728365219310604 0.00000000000000000
18.04068368149582469 0.00000000000000000
18.16493358808703462 0.00000000000000000
18.29003922521819092 0.00000000000000000
18.41600648645320959 0.00000000000000000
18.54284130594588476 0.00000000000000000
18.67054965871956540 0.00000000000000000
18.79913756094870436 0.00000000000000000
18.92861107024209844 0.00000000000000000
19.05897628592832760 0.00000000000000000
19.19023934934321218 0.00000000000000000
19.32240644411890074 0.00000000000000000
19.45548379647529202 0.00000000000000000
19.58947767551343233 0.00000000000000000
19.72439439351064294 0.00000000000000000
19.86024030621799952 0.00000000000000000
19.99702181315981875 0.00000000000000000
20.13474535793495690 0.00000000000000000
20.27341742852043538 0.00000000000000000
20.41304455757720504 0.00000000000000000
20.55363332275766908 0.00000000000000000
20.69519034701566085 0.00000000000000000
20.83772229891854622 0.00000000000000000
20.98123589296111646 0.00000000000000000
21.12573788988219903 0.00000000000000000
21.27123509698287762 0.00000000000000000
21.41773436844730227 0.00000000000000000
21.56524260566567719 0.00000000000000000
21.71376675755915642 0.00000000000000000
21.86331382090732234 0.00000000000000000
22.01389084067788815 0.00000000000000000
22.16550491035836856 0.00000000000000000
22.31816317229034397 0.00000000000000000
22.47187281800605874 0.00000000000000000
22.62664108856695222 0.00000000000000000
22.78247527490490754 0.00000000000000000
22.93938271816583452 0.00000000000000000
23.09737081005526349 0.00000000000000000
23.25644699318666753 0.00000000000000000
23.41661876143221122 0.00000000000000000
23.57789366027551736 0.00000000000000000
23.74027928716727942 0.00000000000000000
23.90378329188323292 0.00000000000000000
24.06841337688434734 0.00000000000000000
24.23417729767975004 0.00000000000000000
24.40108286319222586 0.00000000000000000
24.56913793612584485 0.00000000000000000
24.73835043333644990 0.00000000000000000
24.90872832620479116 0.00000000000000000
25.08027964101170326 0.00000000000000000
25.25301245931659011 0.00000000000000000
25.42693491833779973 0.00000000000000000
25.60205521133612194 0.00000000000000000
25.77838158800087243 0.00000000000000000
25.95592235483826826 0.00000000000000000
26.13468587556286593 0.00000000000000000
26.31468057149170292 0.00000000000000000
26.49591492194075215 0.00000000000000000
26.67839746462448147 0.00000000000000000
26.86213679605822335 0.00000000000000000
27.04714157196285029 0.00000000000000000
27.23342050767267608 0.00000000000000000
27.42098237854617082 0.00000000000000000
27.60983602037906337 0.00000000000000000
27.79999032982073714 0.00000000000000000
27.99145426479347520 0.00000000000000000
28.18423684491418513 0.00000000000000000
28.37834715191940305 0.00000000000000000
28.57379433009332814 0.00000000000000000
28.77058758669825522 0.00000000000000000
28.96873619240848896 0.00000000000000000
29.16824948174722820 0.00000000000000000
29.36913685352597270 0.00000000000000000
29.57140777128746478 0.00000000000000000
29.77507176375166154 0.00000000000000000
29.98013842526423645 0.00000000000000000
30.18661741624899619 0.00000000000000000
30.39451846366259957 0.00000000000000000
30.60385136145291085 0.00000000000000000
30.81462597102058965 0.00000000000000000
31.02685222168328139 0.00000000000000000
31.24054011114357010 0.00000000000000000
31.45569970596010023 0.00000000000000000
31.67234114202147310 0.00000000000000000
31.89047462502390218 0.00000000000000000
32.11011043095216166 0.00000000000000000
32.33125890656335599 0.00000000000000000
32.55393046987445160 0.00000000000000000
32.77813561065330106 0.00000000000000000
33.00388489091239563 0.00000000000000000
33.23118894540665735 0.00000000000000000
33.46005848213456346 0.00000000000000000
33.69050428284223386 0.00000000000000000
33.92253720353155444 0.00000000000000000
34.15616817497173940 0.00000000000000000
34.39140820321391345 0.00000000000000000
34.62826837010977243 0.00000000000000000
34.86675983383382516 0.00000000000000000
35.10689382940867631 0.00000000000000000
35.34868166923443766 0.00000000000000000
35.59213474362190510 0.00000000000000000
35.83726452132862050 0.00000000000000000
36.08408255009970134 0.00000000000000000
36.33260045721140585 0.00000000000000000
36.58282995001901128 0.00000000000000000
36.83478281650860708 0.00000000000000000
37.08847092585194360 0.00000000000000000
37.34390622896582812 0.00000000000000000
37.60110075907528682 0.00000000000000000
37.86006663228003788 0.00000000000000000
38.12081604812546942 0.00000000000000000
38.38336129017754672 0.00000000000000000
38.64771472660106610 0.00000000000000000
38.91388881074252026 0.00000000000000000
39.18189608171694260 0.00000000000000000
39.45174916499820483 0.00000000000000000
39.72346077301400413 0.00000000000000000
39.99704370574492174 0.00000000000000000
40.27251085132701292 0.00000000000000000
40.54987518665913626 0.00000000000000000
40.82914977801451073 0.00000000000000000
41.11034778165581827 0.00000000000000000
41.39348244445520209 0.00000000000000000
41.67856710451849267 0.00000000000000000
41.96561519181314992 0.00000000000000000
42.25464022880114356 0.00000000000000000
42.54565583107618920 0.00000000000000000
42.83867570800463653 0.00000000000000000
43.13371366337192114 0.00000000000000000
43.43078359603229188 0.00000000000000000
43.72989950056381758 0.00000000000000000
44.03107546792784888 0.00000000000000000
44.33432568613240932 0.00000000000000000
44.63966444090076635 0.00000000000000000
44.94710611634466346 0.00000000000000000
45.25666519564148160 0.00000000000000000
45.56835626171672260 0.00000000000000000
45.88219399793127451 0.00000000000000000
46.19819318877259207 0.00000000000000000
46.51636872055146199 0.00000000000000000
46.83673558210352894 0.00000000000000000
47.15930886549484313 0.00000000000000000
47.48410376673314204 0.00000000000000000
47.81113558648395667 0.00000000000000000
48.14041973079085324 0.00000000000000000
48.47197171180150121 0.00000000000000000
48.80580714849863710 0.00000000000000000
49.14194176743541220 0.00000000000000000
49.48039140347642473 0.00000000000000000
49.82117200054399575 0.00000000000000000
50.16429961236871549 0.00000000000000000
50.50979040324599367 0.00000000000000000
50.85766064879778270 0.00000000000000000
51.20792673673872031 0.00000000000000000
51.56060516764880930 0.00000000000000000
51.91571255575011179 0.00000000000000000
52.27326562968973178 0.00000000000000000
52.63328123332806285 0.00000000000000000
52.99577632653188175 0.00000000000000000
53.36076798597342474 0.00000000000000000
53.72827340593521939 0.00000000000000000
54.09830989911951349 0.00000000000000000
54.47089489746409896 0.00000000000000000
54.84604595296382712 0.00000000000000000
55.22378073849689883 0.00000000000000000
55.60411704865762061 0.00000000000000000
55.98707280059507951 0.00000000000000000
56.37266603485656447 0.00000000000000000
56.76091491623769514 0.00000000000000000
57.15183773463848382 0.00000000000000000
57.54545290592436402 0.00000000000000000
57.94177897279396205 0.00000000000000000
58.34083460565301493 0.00000000000000000
58.74263860349324062 0.00000000000000000
59.14720989477827118 0.00000000000000000
59.55456753833561123 0.00000000000000000
59.96473072425391138 0.00000000000000000
60.37771877478727589 0.00000000000000000
60.79355114526580195 0.00000000000000000
61.21224742501138394 0.00000000000000000
61.63382733826140480 0.00000000000000000
62.05831074509711698 0.00000000000000000
62.48571764237959769 0.00000000000000000
62.91606816469209207 0.00000000000000000
63.34938258528783450 0.00000000000000000
63.78568131704546573 0.00000000000000000
64.22498491343100113 0.00000000000000000
64.66731406946533411 0.00000000000000000
65.11268962269959104 0.00000000000000000
65.56113255419701602 0.00000000000000000
66.01266398952071768 0.00000000000000000
66.46730519972919637 0.00000000000000000
66.92507760237876369 0.00000000000000000
67.38600276253178833 0.00000000000000000
67.85010239377291441 0.00000000000000000
68.31739835923238502 0.00000000000000000
68.78791267261519238 0.00000000000000000
69.26166749923855548 0.00000000000000000
69.73868515707637528 0.00000000000000000
70.21898811780998528 0.00000000000000000
70.70259900788697394 0.00000000000000000
71.18954060958763819 0.00000000000000000
71.67983586209734881 0.00000000000000000
72.17350786258761275 0.00000000000000000
72.67057986730449670 0.00000000000000000
73.17107529266338872 0.00000000000000000
73.67501771635303953 0.00000000000000000
74.18243087844544448 0.00000000000000000
74.69333868251453623 0.00000000000000000
75.20776519676272187 0.00000000000000000
75.72573465515387170 0.00000000000000000
76.24727145855528931 0.00000000000000000
76.77240017588772503 0.00000000000000000
77.30114554528189785 0.00000000000000000
77.83353247524428298 0.00000000000000000
78.36958604583098520 0.00000000000000000
78.90933150982831989 0.00000000000000000
79.45279429394295789 0.00000000000000000
80.00000000000002842 0.00000000000000000
