0 5000694269286326272
6.06032705815538832643e-07 1593571945432708864
1.21623926341752214433e-06 402800602664751104
1.8306484188432428749e-06 137934046839841248
2.44928911610884448151e-06 72250161931403072
3.07219049857294371618e-06 42750910028895208
3.69938191030944095797e-06 27571297656211180
4.33089289749001562574e-06 19042280831031956
4.9667532097758495914e-06 13803043718657798
5.60699280171921344472e-06 10380274758561494
6.25164183417455350327e-06 8037536712071567
6.90073067571929979594e-06 6372493713743942
7.55428990408453605106e-06 5151903514086438
8.21235030759542157487e-06 4233946619378485.5
8.8749428866216716462e-06 3528480356838540
9.5420988550378584112e-06 2976169192643472.5
1.02138496416938897259e-05 2536764260570697
1.08902268918955922548e-05 2182241794666417.75
1.15712624688954945402e-05 1892641090143803.25
1.22569884553938320655e-05 1653456958534906.75
1.29474371550498962839e-05 1453959659953352.5
1.36426410940038851628e-05 1286085204875335.5
1.43426330224091502097e-05 1143685962062733.25
1.50474459159749484011e-05 1022014420843441
1.57571129775199836169e-05 917361127236795.25
1.64716676385364750004e-05 826796581778050.25
1.71911435607651012216e-05 747984497517880.5
1.79155746377807461038e-05 679044841408882
1.86449949965892167159e-05 618452126595255.125
1.93794389992348475317e-05 564959009089022.75
2.0118941244419380292e-05 517538279607046.1875
2.08635365691316824999e-05 475338385087519.5625
2.16132600502890601037e-05 437649009901622.5625
2.23681470063895612786e-05 403874212694969.1875
2.31282329991758066334e-05 373511291890848.75
2.38935538353103051838e-05 346134033146218.375
2.46641455680622188223e-05 321379336489692.9375
2.54400444990057684103e-05 298936470459961.0625
2.62212871797304305675e-05 278538383185215.375
2.70079104135627354254e-05 259954635200921.1875
2.77999512573000786956e-05 242985619244083.15625
2.859744702295644641e-05 227457807679212.5
2.94004352795200489437e-05 213219825285163.75
3.02089538547232404038e-05 200139188628816.3125
3.10230408368244997682e-05 188099586638456.6875
3.18427345764026465671e-05 176998602785134.46875
3.2668073688163623146e-05 166745799329346.71875
3.34990970527595046963e-05 157261099773588.9375
3.43358438186200894192e-05 148473417994808.9375
3.51783534037971738545e-05 140319492282217.84375
3.60266654978215133758e-05 132742890258691.59375
3.68808200635724407453e-05 125693156856509.21875
3.77408573391605967388e-05 119125082487594.4375
3.86068178398234272512e-05 112998072555119.1875
3.94787423598337314863e-05 107275602699358.5625
4.03566719744216068186e-05 101924746807219.5
4.12406480417092550042e-05 96915766970332.71875
4.21307122046594899963e-05 92221756341766.09375
4.30269063930372968447e-05 87818327293253.046875
4.39292728253852683825e-05 83683338474402.078125
4.48378540110123301665e-05 79796655368382.34375
4.57526927519963770856e-05 76139939764475.21875
4.66738321452005776942e-05 72696464255820.0625
4.76013155843036579761e-05 69450948447284.9140625
4.85351867618440832261e-05 66389414041008.3203125
4.94754896712783481111e-05 63499056373987.84375
5.0422268609053517215e-05 60768130324694.796875
5.1375568176693866987e-05 58185848796398.078125
5.23354332829021034329e-05 55742292230823.796875
5.3301909145674918381e-05 53428327814756.328125
5.42750412944331418188e-05 51235537221403.875
5.52548755721665512883e-05 49156151880245.765625
5.62414581375935551796e-05 47182994899891.484375
5.72348354673355805169e-05 45309428880774.4609375
5.82350543581065447068e-05 43529308950874.75
5.92421619289174722356e-05 41836940440690.2421875
6.02562056232960733572e-05 40227040685949.515625
6.12772332115218743053e-05 38694704508419.3203125
6.23052927928765127837e-05 37235372979205.8203125
6.33404327979097205069e-05 35844805116027.0234375
6.4382701990720742069e-05 34519052206493.5585938
6.54321494712555696118e-05 33254434485374.9101562
6.64888246776200746071e-05 32047519924530.5625
6.75527773884087928084e-05 30895104921847.8046875
6.86240577250501077597e-05 29794196699154.6289062
6.97027161541672772094e-05 28741997240030.7265625
7.07888034899559258437e-05 27735888617059.7890625
7.1882370896577760396e-05 26773419574163.15625
7.29834698905709950215e-05 25852293243921.3945312
7.40921523432769854947e-05 24970355892747.8710938
7.52084704832841022216e-05 24125586597628.4296875
7.63324768988879747041e-05 23316087768218.0507812
7.74642245405688257415e-05 22540076437054.3789062
7.86037667234860308943e-05 21795876248126.5703125
7.97511571299896728166e-05 21081910081256.0351562
8.09064498121494021657e-05 20396693255903.4023438
8.20696991943008083772e-05 19738827263461.2421875
8.32409600756093274098e-05 19106993982066.4101562
8.44202876326515915927e-05 18499950332457.6953125
8.56077374220149127544e-05 17916523337213.7890625
8.68033653829143836368e-05 17355605549340.3066406
8.8007227839828153248e-05 16816150819336.1503906
8.92193815051506593141e-05 16297170372732.3476562
9.04398834818645090076e-05 15797729172573.7324219
9.16687912662303845375e-05 15316942543725.7910156
9.29061627504955428068e-05 14853973037973.3398438
9.41520562256211666343e-05 14408027520648.9511719
9.54065303840284591229e-05 13978354461231.3027344
9.66696443223632643311e-05 13564241412076.1386719
9.79414575442803797675e-05 13165012660564.9414062
9.92220299632464765045e-05 12780027041336.03125
0.000100511421905362575589 12408675896459.5136719
0.000101809694112206026539 12050381172262.9453125
0.000103116907743691798194 11704593642665.9335938
0.000104433124380953867958 11370791249553.7460938
0.000105758406029246031818 11048477551586.640625
0.000107092815120862988945 10737180273527.2597656
0.000108436414518081416266 10436449948777.2011719
0.000109789267516121331176 10145858648461.6035156
0.000111151437846127837243 9864998790851.3828125
0.000112522989678173442659 9593482025458.40625
0.000113903987624281032736 9330938186565.15234375
0.000115294496741467591321 9077014311371.8359375
0.00011669458253480909126 8831373718261.36914062
0.000118104310960526147334 8593695141081.58691406
0.000119523748429091285477 8363671915679.25
0.000120952961808357435246 8141011215084.01464844
0.00012239201842670799792 7925433330127.55175781
0.000123840986076228490222 7716670992495.65917969
0.000125299933015900210893 7514468737378.95605469
0.000126768927974815943677 7318582303148.75488281
0.000128248040155417479882 7128778065656.45117188
0.0001297373392367557872 6944832504915.21582031
0.000131236895377773513105 6766531702096.83691406
0.000132746779220610093856 6593670864891.02832031
0.000134267061893929360705 6426053879498.48730469
0.000135797815016270781701 6263492887523.18066406
0.000137339110699422875441 6105807886241.40234375
0.000138891021551820585678 5952826350818.89648438
0.00014045362068196564102 5804382877097.62695312
0.000142026981701870577343 5660318843732.96484375
0.000143611178730526666859 5520482092476.59375
0.000145206286397395374372 5384726625539.06933594
0.000146812379845924235186 5252912319002.6875
0.000148429534737086504153 5124904651336.203125
0.000150057827252945822673 5000574446113.29296875
0.000151697334100244629737 4879797628123.25195312
0.000153348132514018078813 4762454992070.83300781
0.000155010300261232322186 4648431983148.49316406
0.000156683915644447948777 4537618488814.28808594
0.000158369057505508927831 4429908641110.8359375
0.000160065805229256380828 4325200628949.21777344
0.000161774238747268726607 4223396519781.62353516
0.000163494438541626871571 4124402090144.19238281
0.000165226485648705691787 4028126664592.14453125
0.000166970461662991671468 3934482962522.59570312
0.000168726448740926318354 3843386952500.90771484
0.000170494529604777090735 3754757713650.25830078
0.000172274787546533667687 3668517303725.02880859
0.000174067306431832273051 3584590633513.92382812
0.000175872170703905938939 3502905347236.77685547
0.000177689465387563094029 3423391708613.60449219
0.000179519276093192552178 3345982492283.72119141
0.000181361689020796744507 3270612880327.99462891
0.000183216790964052164952 3197220363616.55615234
0.000185084669314398574287 3125744647711.36669922
0.000186965412065155498931 3056127563106.20166016
0.000188859107815667786375 2988312979584.29296875
0.000190765845775479160129 2922246724464.77880859
0.000192685715768534695765 2857876504568.43017578
0.000194618808237412814358 2795151831675.86376953
0.000196565214247585302561 2734023951339.53564453
0.000198525025491707798756 2674445774863.10791016
0.000200498334293938766616 2616371814291.61279297
0.000202485233614289287119 2559758120271.49853516
0.000204485817053002096912 2504562222623.68554688
0.000206500178854960930123 2450743073519.5390625
0.000208528413914130109422 2398260993111.4765625
0.00021057061777802522657 2347077617518.81884766
0.000212626886652214180636 2297155849030.11132812
0.000214697317404848980445 2248459808445.06787109
0.0002167820075712295581 2200954789437.18945312
0.000218881055358397994372 2154607214837.55639648
0.00022099455964976545989 2109384594766.28710938
0.000223122620009770083202 2065255486506.60009766
0.000225265336688567643052 2022189456053.22021484
0.000227422810626753756731 1980157041249.14477539
0.00022959514346011951607 1939129716445.78125
0.00023178243752443921581 1899079858608.45654297
0.000233984795860291366985 1859980714801.18725586
0.000236202322217912398994 1821806370998.76293945
0.000238435121062084920624 1784531722156.10839844
0.000240683297577058317399 1748132443472.43457031
0.000242946957671503962085 1712584962818.72436523
0.000245226207983504794399 1677866434253.54199219
0.000247521155885578321258 1643954712587.25366211
0.000249831909489735205961 1610828328960.45410156
0.000252158577652572253678 1578466467367.01513672
0.000254501269980400525103 1546848942099.81591797
0.000256860096834408252985 1515956176079.38574219
0.000259235169335860567326 1485769180012.94042969
0.000261626599371333860844 1456269532359.54785156
0.00026403449959798663783 1427439360063.87670898
0.000266458983448866575366 1399261320025.89404297
0.000268900165138254447408 1371718581275.69360352
0.000271358159667044586492 1344794807817.38598633
0.000273833082828162099887 1318474142125.70922852
0.000276325051212018087034 1292741189259.68652344
0.000278834182212001774077 1267581001566.60546875
0.000281360594030011137556 1242979063956.39355469
0.000283904405682020770461 1218921279721.82373047
0.000286465737003689050605 1195393956880.79833984
0.000289044708656002930815 1172383795018.54418945
0.000291641442130962736182 1149877872608.84692383
0.000294256059757304745759 1127863634802.60449219
0.00029688868470626486552 1106328881651.75805664
0.000299539440997379977343 1085261756760.04699707
0.000302208453504331300832 1064650736346.22766113
0.000304895847960826515358 1044484618688.87304688
0.000307601750966523027585 1024752513955.13867188
0.000310326289992992004983 1005443834387.07397461
0.000313069593389723121145 986548284834.165039062
0.000315831790390171422353 968055853619.691894531
0.000318613011117844634884 949956803727.551269531
0.000321413386592434111456 932241664293.836181641
0.000324233048735985838942 914901222396.459472656
0.000327072130379115952586 897926515131.007568359
0.000329930765267268046211 881308821953.246582031
0.000332809088067013579462 865039657288.79699707
0.000335707234372395653139 849110763396.954467773
0.000338625340711317399447 833514103473.984741211
0.000341563544551972818764 818241854991.291748047
0.000344521984309323207104 803286403260.937866211
0.000347500799351617819036 788640335213.010498047
0.000350500130006958440787 774296433387.095825195
0.000353520117569911288772 760247670121.779418945
0.000356560904308162384627 746487201935.378417969
0.000359622633469219984623 733008364097.013427734
0.000362705449287162491352 719804665373.845825195
0.000365809496989433311376 706869782952.552001953
0.000368934922803682441989 694197557526.344604492
0.000372081873964654787079 681781988543.350219727
0.000375250498721126394749 669617229607.924072266
0.000378440946342888020343 657697584033.204101562
0.000381653367127777695417 646017500535.090942383
0.000384887912408760025831 634571569065.803222656
0.000388144734561056447327 623354516780.289306641
0.000391423987009322047609 612361204132.178100586
0.000394725824234874646951 601586621094.433837891
0.000398050401782971421082 591025883496.830932617
0.000401397876270136427356 580674229482.628173828
0.000404768405391538654749 570527016075.088256836
0.000408162147928421031352 560579715851.666503906
0.00041157926375558049779 550827913722.211181641
0.000415019913848899146564 541267303806.925537109
0.000418484260292927457304 531893686412.823181152
0.000421972466288520549511 522702965102.216308594
0.000425484696160525880694 513691143851.422363281
0.000429021115365524449876 504854324297.691040039
0.000432581890499625398069 496188703069.000671387
0.000436167189306313626222 487690569197.269714355
0.000439777180684352761702 479356301608.153869629
0.000443412034695741196465 471182366687.565368652
0.000447071922573723744797 463165315922.023681641
0.000450757016730857782219 455301783609.560913086
0.000454467490767136142373 447588484639.114196777
0.000458203519478164386647 440022212337.203125
0.000461965278863396024405 432599836376.972351074
0.000465752946134422539642 425318300750.358581543
0.000469566699723322669279 418174621801.705688477
0.000473406719291067680511 411165886315.237182617
0.000477273185735984544539 404289249663.539489746
0.000481166281202278795642 397541934006.795715332
0.000485086189088613931389 390921226545.604125977
0.000489033094056751907637 384424477826.383544922
0.000493007182040252397298 378049100092.581542969
0.000497008640253231246536 371792565685.489929199
0.00050103765719918002576 365652405492.288879395
0.00050509442267984694646 359626207436.609313965
0.000509179127804176975478 353711615012.252075195
0.000513291964997316025633 347906325860.988464355
0.000517433128009674452204 342208090388.346252441
0.000521602811926055601535 336614710420.407653809
0.000525801213174845400236 331124037897.557373047
0.0005300285295372659123 325733973605.372009277
0.000534284960156692755734 320442465941.388183594
0.000538570705548035836598 315247509716.080200195
0.000542885967607186327791 310147144987.906982422
0.000547230949620527182091 305139455929.872314453
0.000551605856274509673103 300222569728.172363281
0.000556010893665295855698 295394655511.390686035
0.000560446269308467704892 290653923309.105041504
0.000564912192148802824732 285998623038.795593262
0.000569408872570117269296 281427043521.589599609
0.000573936522405177427381 276937511523.310241699
0.000578495354945677501407 272528390823.083587646
0.000583085584952289519463 268198081306.601135254
0.000587707428664778399469 263945018084.011749268
0.000592361103812189654892 259767670632.504486084
0.000597046829623107031502 255664541960.546813965
0.000601764826835978774121 251634167794.962005615
0.000606515317709516534918 247675115791.25012207
0.000611298526033167140097 243785984763.36819458
0.000616114677137652986573 239965403934.069458008
0.000620963997905588549649 236212032206.682434082
0.000625846716782167797506 232524557454.072967529
0.000630763063785925873553 228901695828.529632568
0.000635713270519576022395 225342191088.213256836
0.000640697570180918398418 221844813941.984191895
0.00064571619757382758744 218408361411.509887695
0.000650769389119312227816 215031656209.180847168
0.000655857382866653236195 211713546134.159790039
0.000660980418504618686369 208452903481.635803223
0.000666138737372753931762 205248624469.017547607
0.000671332582472751199926 202099628677.111236572
0.000676562198479898225384 199004858504.314056396
0.000681827831754602451363 195963278636.332183838
0.000687129730353999257191 192973875528.529449463
0.00069246814404363532091 190035656901.784240723
0.000697843324309235682294 187147651251.772247314
0.000703255524368551904191 184308907369.524871826
0.000708704999183288513256 181518493875.35269165
0.000714192005471116935812 178775498764.058410645
0.000719716801717766195209 176079028961.098052979
0.000725279648189201212732 173428209891.217926025
0.000730880806943884266808 170822185056.795898438
0.000736520541845118851577 168260115626.81729126
0.000742199118573480163229 165741180037.110870361
0.000747916804639332973015 163264573599.276428223
0.00075367386939542983966 160829508120.125854492
0.000759470584049604514713 158435211530.467102051
0.000765307221677544277823 156080927522.51385498
0.000771184057235655404973 153765915197.448516846
0.000777101367574018408665 151489448720.157348633
0.000783059431449425894303 149250816983.481567383
0.000789058529538518320032 147049323280.576660156
0.000795098944451003456987 144884284984.508392334
0.000801180960742970717237 142755033237.024108887
0.00080730486493029796416 140660912643.568328857
0.000813470945502145492689 138601280976.160095215
0.000819679492934548888788 136575508884.087203979
0.000825930799704102961908 134582979610.438613892
0.000832225160301737943054 132623088716.465118408
0.000838562871246595537868 130695243811.958023071
0.000844944231099994751653 128798864292.199356079
0.000851369540479497894682 126933381081.647277832
0.000857839102073072973069 125098236382.912109375
0.000864353220653351381024 123292883432.59664917
0.000870912203091987616524 121516786262.319793701
0.000877516358374112563634 119769419465.386276245
0.000884165997612891400338 118050267969.655639648
0.000890861434064180602449 116358826814.975708008
0.000897602983141282308871 114694600935.993453979
0.000904390962429804504998 113057104950.759078979
0.000911225691702623446372 111445862953.361175537
0.000918107492934944527906 109860408311.901138306
0.000925036690319473741718 108300283471.16897583
0.000932013610281686821595 106765039759.551132202
0.000939038581495207783437 105254237201.279815674
0.000946111934897294693317 103767444331.815338135
0.000953234003704424748445 102304238018.420074463
0.000960405123427997319333 100864203284.714691162
0.000967625631890134570157 99446933138.7130279541
0.00097489586923959830559 98052028405.7944030762
0.000982216177967814695754 96679097564.4893341064
0.000989586902925006228759 95327756586.51902771
0.000997008391336438046584 93997628780.7977142334
0.00100448099281877758007 92688344640.1465148926
0.00101200505939655978523 91399541692.2824707031
0.00101958094551877608697 90130864353.8058929443
0.00102720900807556762314 88881963787.3237762451
0.00103488960641503905183 87652497762.4442138672
0.00104262310236018901875 86442130519.2148742676
0.00105040986022595229758 85250532634.8881072998
0.00105825024683636422819 84077380893.8128509521
0.0010661446315418402972 82922358160.0210723877
0.0010740933862365751976 81785153252.920791626
0.00108209688537606505375 80665460825.3736572266
0.00109015550599474370444 79562981244.7548217773
0.00109826962772374648811 78477420476.8227844238
0.00110643963280879502505 77408489971.6813201904
0.00111466590612820126184 76355906552.7445220947
0.00112294883521100313795 75319392307.778503418
0.00113128881025521539454 74298674482.452911377
0.00113968622414621439075 73293485376.5871734619
0.00114814147247524716948 72303562242.0976715088
0.00115665495355806412225 71328647183.5218505859
0.0011652270684536869625 70368487060.6377410889
0.00117385822098329791266 69422833393.2180480957
0.00118254881774926615123 68491442267.9862136841
0.00119129926815430262944 67574074247.2563934326
0.00120010998442074390789 66670494279.7974472046
0.0012089813816099730364 65780471613.7809524536
0.00121791387764197357388 64903779711.1990356445
0.00122690789331501457979 64040196164.4748535156
0.00123596385232547720245 63189502614.6961975098
0.00124508218128781072108 62351484671.5812530518
0.00125426330975463213614 61525931835.4692764282
0.00126350767023696345347 60712637420.3962097168
0.00127281569822460124096 59911398479.4256286621
0.00128218783220663862417 59122015731.2994537354
0.00129162451369211738611 58344293488.3718948364
0.0013011261872308270849 57578039586.6972503662
0.00131069330043425075552 56823065317.1321105957
0.00132032630399664743792 56079185357.8934249878
0.00133002565171628475867 55346217708.9042510986
0.00133979180051681918094 54623983627.1343078613
0.00134962521046881720084 53912307563.4548110962
0.00135952634481143266876 53211017100.9189834595
0.00136949566997422592443 52519942894.1250762939
0.00137953365559913732237 51838918610.1185150146
0.00138964077456261558136 51167780870.1973342896
0.00139981750299788708022 50506369193.2195510864
0.00141006432031739320498 49854525940.0119628906
0.00142038170923536972642 49212096258.7382202148
0.00143077015579058837436 48578928031.7729644775
0.0014412301493692551875 47954871823.3787689209
0.00145176218272806260325 47339780828.4405212402
0.00146236675201740222614 46733510822.6028594971
0.00147304435680474174464 46135920113.0521697998
0.00148379550009815341927 45546869490.4932174683
0.00149462068837001517581 44966222182.0849914551
0.00150552043158086587202 44393843805.3153305054
0.00151649524320343056724 43829602322.9770889282
0.00152754564024681124129 43273367998.741859436
0.0015386721432808388426 42725013353.9324645996
0.00154987527646059989293 42184413125.1025543213
0.00156115556755112680661 41651444222.3442459106
0.0015725135479522601642 41125985688.6612625122
0.00158394975272368467543 40607918659.9912796021
0.0015954647206101321092 40097126326.0497207642
0.00160705899406676116538 39593493892.1457061768
0.0016187331192847158063 39096908541.4938278198
0.00163048764621684903753 38607259398.5190429688
0.00164232312860363772501 38124437492.753326416
0.00165424012399926199414 37648335723.4913101196
0.00166623919379787436418 37178848825.2862243652
0.00167832090326004712555 36715873333.8366241455
0.00169048582153939730942 36259307552.9008102417
0.00170273452170940464527 35809051521.6377334595
0.00171506758079040103927 35365006982.6084060669
0.00172748557977675781111 34927077350.639175415
0.00173998910366425746203 34495167681.9692840576
0.00175257874147764628782 34069184644.2039337158
0.00176525508629838583444 33649036486.9584732056
0.00177801873529259452274 33234633012.8141326904
0.00179087028973917315386 32825885549.0590248108
0.00180381035505813814776 32422706919.9101219177
0.00181683954083913475931 32025011419.223991394
0.00182995846087015759385 31632714783.941532135
0.00184316773316646758014 31245734167.8027954102
0.00185646797999970019667 30863988115.7210083008
0.00186985982792718576778 30487396538.636428833
0.00188334390782146101316 30115880688.8271598816
0.00189692085489999071567 29749363135.7981338501
0.00191059130875509430338 29387767742.4772529602
0.00192435591338407084062 29031019641.9748497009
0.00193821531721954042581 28679045214.8638687134
0.00195217017315999288862 28331772066.7311897278
0.00196622113860053966683 27989129006.2591629028
0.00198036887546388772757 27651046023.7609291077
0.00199461405023151905347 27317454270.0379905701
0.00200895733397508718596 26988286035.7467918396
0.00202339940238803516273 26663474731.083820343
0.00203794093581742032095 26342954865.8670196533
0.00205258261929596981868 26026662030.05052948
0.00206732514257434822624 25714532874.551486969
0.00208216920015364976432 25406505092.5128860474
0.00209711549131812256125 25102517400.8463592529
0.00211216472016810194456 24802509522.1408576965
0.00212731759565318399169 24506422167.0217094421
0.00214257483160562589575 24214197016.670841217
0.00215793714677396620757 23925776705.8084030151
0.00217340526485689357686 23641104805.96641922
0.00218897991453733103268 23360125809.0106964111
0.0022046618295167657274 23082785111.1272125244
0.00222045174854981807247 22809028996.9296417236
0.00223635041547903421974 22538804623.9762611389
0.00225235857926993571568 22272060007.5753707886
0.00226847699404629640427 22008744005.8047485352
0.00228470641912567086484 21748806304.9334259033
0.00230104761905516744594 21492197404.9779472351
0.00231750136364745895623 21238868605.5863227844
0.00233406842801705139562 20988771992.2778396606
0.00235074959261680031808 20741860422.7748184204
0.0023675456432746722242 20498087513.6846733093
0.00238445737123076876435 20257407627.4395179749
0.00240148557317459640514 20019775859.4164009094
0.002418631051282599774 19785148025.3784294128
0.00243589461325595391106 19553480649.0518493652
0.00245327707235860675503 19324730950.0122680664
0.00247077924745560005212 19098856831.772315979
0.00248840196305163659576 18875816870.0429191589
0.00250614604932992588934 18655570301.3085670471
0.00252401234219129565542 18438077011.5027427673
0.00254200168329356311972 18223297524.9451408386
0.00256011492009118775404 18011192993.5340576172
0.00257835290587519897279 17801725186.0096321106
0.00259671649981338186972 17594856477.5236320496
0.00261520656699076479643 17390549839.3717308044
0.00263382397845036151166 17188768828.8638305664
0.0026525696112342099682 16989477579.4543762207
0.00267144434842469082406 16792640790.9882507324
0.00269044907918612047348 16598223720.182806015
0.00270958469880664895579 16406192171.2177429199
0.00272885210874042631254 16216512486.5287151337
0.00274825221665007208768 16029151537.8133182526
0.00276778593644944016436 15844076717.0935230255
0.0027874541883466607238 15661255928.0222969055
0.00280725789888749879125 15480657577.3515491486
0.00282719800099900117965 15302250566.47539711
0.00284727543403344007106 15126004283.2137680054
0.00286749114381257491982 14951888593.692029953
0.00288784608267219885039 14779873834.3565559387
0.00290834120950700294322 14609930804.2077045441
0.00292897748981575970981 14442030757.0689277649
0.0029497558957467888939 14276145394.0713729858
0.00297067740614377151856 14112246856.2454242706
0.00299174300659184929513 13950307717.210975647
0.00301295368946405796653 13790300976.084236145
0.00303431045396808244177 13632200050.4206485748
0.00305581430619331897644 13475978769.3147830963
0.00307746625915827519068 13321611366.6550807953
0.00309926733285829534778 13169072474.4384212494
0.00312121855431360265345 13018337116.2582149506
0.00314332095761769196932 12869380700.8672122955
0.00316557558398603304181 12722179015.8628234863
0.00318798348180512631372 12576708221.5188903809
0.00321054570668189657306 12432944844.6574344635
0.00323326332149340795949 12290865772.6921329498
0.00325613739643694803313 12150448247.7528362274
0.00327916900908043623675 12011669860.8828315735
0.00330235924441318537403 11874508546.3917140961
0.00332570919489702130842 11738942576.2740764618
0.0033492199605177400655 11604950554.7144641876
0.00337289264883692792643 11472511412.7290210724
0.00339672837504414451212 11341604402.8578243256
0.00342072826200944630701 11212209093.9684925079
0.00344489344033629442399 11084305366.1581401825
0.00346922504841480757939 10957873405.7135791779
0.00349372423247539410501 10832893700.2025146484
0.00351839214664275172148 10709347033.6054477692
0.00354322995299022900154 10587214481.5594043732
0.00356823882159458148286 10466477406.6696662903
0.00359341993059107689401 10347117453.9025421143
0.00361877446622900804038 10229116546.0832252502
0.00364430362292757345152 10112456879.4240245819
0.00367000860333213793293 9997120919.15660858154
0.00369589061837089340526 9883091395.24989318848
0.00372195088731190788789 9770351298.17315483093
0.00374819063782055091755 9658883874.74892807007
0.00377461110601734354045 9548672624.0769367218
0.00380121353653617736687 9439701293.50401115417
0.00382799918258294952569 9331953874.70433807373
0.00385496930599461048311 9225414599.78484535217
0.00388212517729859089843 9120067937.47604179382
0.00390946807577267040068 9015898589.39358901978
0.00393699928950523147381 8912891486.33172225952
0.00396472011545594051757 8811031784.66281700134
0.00399263185951685695141 8710304862.76732826233
0.00402073583657393696794 8610696317.51889419556
0.004049033370568982243 8512191960.86072254181
0.00407752579456202059183 8414777816.39987564087
0.00410621445079408127488 8318440116.0858001709
0.00413510069075044908726 8223165296.93705558777
0.00416418587522431396519 8128939997.80617141724
0.00419347137438088463091 8035751056.23587036133
0.00422295856782193938794 7943585505.3228635788
0.00425264884465080539311 7852430570.65871238708
0.00428254360353780890586 7762273667.32370662689
0.0043126442527861557491 7673102396.91171169281
0.00434295221039828014536 7584904544.62692165375
0.00437346890414264718311 7497668076.41041851044
0.00440419577162100544382 7411381136.11319828033
0.00443513426033611494331 7326032042.7335357666
0.00446628582775994171367 7241609287.67945575714
0.0044976519414023042806 7158101532.08911895752
0.00452923407888002407806 7075497604.1839132309
0.00456103372798651561515 6993786496.6716337204
0.0045930523867618892539 6912957364.19571208954
0.00462529156356351542345 6832999520.80786800385
0.00465775277713707542421 6753902437.5094909668
0.00469043755668812657744 6675655739.8012008667
0.00472334744195411493362 6598249205.29632377625
0.00475648398327693702065 6521672761.35902786255
0.00478984874167594741612 6445916482.78484153748
0.00482344328892151969629 6370970589.5297498703
0.00485726920760908443403 6296825444.43901252747
0.00489132809123366679716 6223471551.05655670166
0.00492562154426497839088 6150899551.44760227203
0.00496015118222298614925 6079100224.05062675476
0.00499491863175402853181 6008064481.56682014465
0.00502992553070742091231 5937783368.89703369141
0.00506517352821264730395 5868248061.10080432892
0.00510066428475702653145 5799449861.3663444519
0.0051363994722639291779 5731380199.05574798584
0.00517238077417156352084 5664030627.752161026
0.00520860988551226627291 5597392823.33037853241
0.00524508851299234322985 5531458582.08333015442
0.00528181837507249018343 5466219818.86520957947
0.00531880120204874292517 5401668565.24801158905
0.00535603873613396761627 5337796967.73457241058
0.0053935327315399652498 5274597285.98385715485
0.00543128495456009306036 5212061891.05843162537
0.00546929718365247834189 5150183263.70952415466
0.00550757120952378130541 5088953992.68562793732
0.0055461088352135859067 5028366773.06904983521
0.00558491187617931716253 4968414404.62182998657
0.00562398216038175607911 4909089790.18198394775
0.00566332152837117561162 4850385934.07180786133
0.00570293183337404214345 4792295940.5167760849
0.00574281494138029376118 4734813012.11391162872
0.00578297273123127772432 4677930448.31263923645
0.00582340709470824738347 4621641643.90256214142
0.00586411993662146451695 4565940087.54972839355
0.00590511317489996086227 4510819360.34400367737
0.00594638874068187557598 4456273134.35945129395
0.0059879485784054293368 4402295171.24598503113
0.00602979464590051254108 4348879320.84335041046
0.006071928914480942234 4296019519.81219959259
0.00611435336903731144892 4243709790.27823209763
0.00615707000813048646592 4191944238.51004314423
0.00620008084408577627572 4140717053.61096143723
0.00624338790308772827869 4090022506.21950101852
0.00628699322527555108653 4039854947.24628162384
0.00633089886483926330557 3990208806.6222577095
0.00637510689011644253454 3941078592.05412244797
0.00641961938368964743495 3892458887.81840229034
0.00646443844248456144647 3844344353.55825805664
0.00650956617786874885967 3796729723.09984207153
0.00655500471575113166645 3749609803.28829097748
0.006600756196682117799 3702979472.84219455719
0.00664682277595447356527 3656833681.22238922119
0.00669320662370483359521 3611167447.50936889648
0.00673990992501592636049 3565975859.31327962875
0.00678693488001953608435 3521254071.68709850311
0.00683428370400013425467 3476997306.05154371262
0.006881958627499220639 3433200849.15200996399
0.0069299618964204397209 3389860052.01682567596
0.00697829577213535806601 3346970328.92689466476
0.007026962531589982415 3304527156.415579319
0.00707596446741205753472 3262526072.27028799057
0.00712530388801904234625 3220962674.55029964447
0.00717498311772687708682 3179832620.61785745621
0.00722500449685944175909 3139131626.18731546402
0.00727537038185885245184 3098855464.38677024841
0.00732608314539644894792 3058999964.82234382629
0.00737714517648454647797 3019561012.67032814026
0.00742855888058902361082 2980534547.7751865387
0.00748032667974261183952 2941916563.75422048569
0.00753245101265898487491 2903703107.12648296356
0.00758493433484767626968 2865890276.44641256332
0.00763777911872973603452 2828474221.44579458237
0.00769098785375418696197 2791451142.19870042801
0.00774456304651533443406 2754817288.28907203674
0.00779850722087082736528 2718568957.98997688293
0.00785282291806056048644 2682702497.45763731003
0.00790751269682636766245 2647214299.93698835373
0.0079625791335326025211 2612100804.97570085526
0.00801802482228747975812 2577358497.64472293854
0.00807385237506526819151 2542983907.77984428406
0.00813006442182936765739 2508973609.22735357285
0.00818666361065619949122 2475324219.09602975845
0.00824365260785991753323 2442032397.02749204636
0.00830103409811806108864 2409094844.47424602509
0.00835881078459800933023 2376508303.98078632355
0.00841698538908429959304 2344269558.4839758873
0.00847556065210689109357 2312375430.61896657944
0.00853453933307023702992 2280822782.03112030029
0.00859392421038329169802 2249608512.70203971863
0.00865371808159037109176 2218729560.28449392319
0.00871392376350298321352 2188182899.44528388977
0.00877454409233250319511 2157965541.21320056915
0.00883558192382375914842 2128074532.34324145317
0.00889704013338960680857 2098506954.68645477295
0.00895892161624637500816 2069259924.56362318993
0.00902122928755021320779 2040330592.15554118156
0.00908396608253448679948 2011716140.89737176895
0.00914713495664801201634 1983413786.87906050682
0.00921073888569427096096 1955420778.25994944572
0.00927478086597163971228 1927734394.68743276596
0.00933926391441451501929 1900351946.72346901894
0.00940419106873544193015 1873270775.27980995178
0.00946956538756819898861 1846488251.06308746338
0.00953538995061192079516 1820001774.02575707436
0.00960166785877616599243 1793808772.8221514225
0.00966840223432696363459 1767906704.27794480324
0.00973559622103395590209 1742293052.86362338066
0.00980325298431846889335 1716965330.17317533493
0.00987137571140260169922 1691921074.41593527794
0.00993996761145943437399 1667157849.91206717491
0.010009031915764167453 1642673246.59337735176
0.0100785718778463300599 1618464879.51653027534
0.0101485907736430982368 1594530388.37985801697
0.0102190919016535777808 1570867437.04699587822
0.0102900785830942233245 1547473713.07846593857
0.0103615541620552462088 1524346927.27073907852
0.0104335220056582123754 1501484813.20230603218
0.0105059855042146411963 1478885126.78301000595
0.0105789480713856763605 1456545645.81507205963
0.0106524131443429658644 1434464169.55871009827
0.0107263841839305533454 1412638518.30184626579
0.0108008646748278831079 1391066532.94094991684
0.0108758581257140142518 1369746074.56615686417
0.0109513680694328877779 1348675024.05102300644
0.0110273980631597160601 1327851281.65225481987
0.0111039516885686265213 1307272766.61419391632
0.0111810325520013374712 1286937416.7786359787
0.0112586442846370812093 1266843188.20196390152
0.0113367905426636130656 1246988054.77942061424
0.0114154750074495180134 1227370007.87445807457
0.0114947013857175962814 1207987055.95295786858
0.0115744734097194615363 1188837224.22697758675
0.0116547948374114140879 1169918554.30267763138
0.0117356694526314590116 1151229103.83214735985
0.0118171010652775004129 1132766946.17563891411
0.0118990935114869043898 1114530170.06774497032
0.0119816506538171791557 1096516879.28734970093
0.0120647763814278989603 1078725192.33750486374
0.0121484746102639828286 1061153242.12879288197
0.0122327492832401251571 1043799175.66859531403
0.0123176043704265689854 1026661153.75691664219
0.0124030438692360796965 1009737350.68792569637
0.0124890718046123290474 993025953.957277297974
0.0125756922292194674856 976525163.974229097366
0.0126629092236330131199 960233193.781070351601
0.0127507268965321440835 944148268.777431607246
0.0128391493848932173455 928268626.449626207352
0.0129281808541846267302 912592516.107076525688
0.0130178254985631076945 897118198.623603582382
0.0131080875410712633516 881843946.183455109596
0.0131989712338364938854 866768042.034811377525
0.0132904808582713675202 851888780.247501373291
0.0133826207252752647781 837204465.476308822632
0.0134753951754374920458 822713412.73016512394
0.0135688085792417013897 808413947.146738767624
0.0136628653372718560088 794304403.772939562798
0.0137575698804195071384 780383127.349230527878
0.0138529266700924708761 766648472.101430058479
0.0139489401984250974836 753098801.536984801292
0.0140456149884898365277 739732488.245659351349
0.0141429555945102782694 726547913.707467794418
0.0142409666020757788574 713543468.104679822922
0.0143396526283574368699 700717550.138829827309
0.0144390183223255669231 688068566.854253053665
0.0145390683649687813689 675594933.465853571892
0.0146398074695144563007 663295073.192292094231
0.0147412403816507900367 651167417.094528317451
0.0148433718797503187703 639210403.91949224472
0.0149462067750950906159 627422479.949046373367
0.015049749912103282945 615802098.853296518326
0.0151540061685573775041 604347721.550137877464
0.0152589804558340268875 593057816.069200992584
0.0153646777191353816477 581930857.420376420021
0.0154711029377220081471 570965327.468480825424
0.0155782611251475463371 560159714.81207215786
0.0156861573294948403179 549512514.66699051857
0.0157947966336137099463 539022228.755765199661
0.0159041841553604866577 528687365.200987458229
0.0160143250478390342106 518506438.423820316792
0.0161252244996435631363 508477969.047320783138
0.0162368877351029700096 498600483.804564237595
0.0163493200145270536905 488872515.451602816582
0.0164625266344542789398 479292602.68435126543
0.0165765129279012331243 469859290.061225712299
0.0166912842646139564229 460571127.929769992828
0.0168068460513208575713 451426672.357469677925
0.0169232037319873712677 442424485.067877411842
0.0170403627880725029586 433563133.380767941475
0.0171583287387870112028 424841190.156470656395
0.0172771071413533733319 416257233.74505507946
0.0173967035912676558362 407809847.939570426941
0.017517123722563060495 399497621.933493733406
0.0176383732080753613536 391319150.282297670841
0.0177604577597100764252 383273032.869543433189
0.0178833831287116620801 375357874.876858532429
0.0180071551059343831769 367572286.757500648499
0.0181317795221150671048 359914884.214663565159
0.0182572622481478805123 352384288.183272778988
0.018383609195360847699 344979124.815395474434
0.0185108263157942841415 337698025.469948232174
0.0186389196024812839325 330539626.70580548048
0.0187678950897299905154 323502570.278446257114
0.0188977588534078207172 316585503.140459239483
0.0190285170112277877974 309787077.445445001125
0.0191601757230366320783 303105950.555233716965
0.0192927411911050401827 296540785.050448656082
0.0194262196604197516503 290090248.744707643986
0.0195606174189778617145 283753014.701704800129
0.0196959407980829906415 277527761.255314409733
0.0198321961726434722872 271413172.033245027065
0.0199693899614728082037 265407935.983331978321
0.0201075286275919501433 259510747.402700185776
0.0202466186785337579068 253720305.970053225756
0.0203866666666496394733 248035316.780564457178
0.0205276791894181687148 242454490.383380770683
0.0206696628897558541682 236976542.821962594986
0.0208126244563301594781 231600195.676860243082
0.0209565706238745395884 226324176.110929816961
0.0211015081735057355439 221147216.917029947042
0.0212474439330431613682 216068056.568053364754
0.0213943847773306536353 211085439.269244045019
0.021542337628560278423 206198115.012572914362
0.0216913094565983829987 201404839.633455663919
0.0218413072793140414229 196704374.869441062212
0.0219923381629096026391 192095488.420787721872
0.0221444092222535179881 187576954.013147205114
0.022297527621215607746 183147551.462049901485
0.022451700573004516881 178806066.739088088274
0.0226069353405074294217 174551292.039990782738
0.0227632392366323640931 170382025.854260772467
0.0229206196246525516214 166297073.036403387785
0.0230790839185534002453 162295244.878711313009
0.0232386395833816469803 158375359.185507595539
0.0233992941355971456607 154536240.348781615496
0.0235610551434269205329 150776719.425029397011
0.0237239302272215998868 147095634.213500231504
0.0238879270598145662663 143491829.335479676723
0.0240530533668833063077 139964156.314619541168
0.0242193169273133383779 136511473.658390969038
0.0243867255735647561754 133132646.94004368782
0.0245552871920411662499 129826548.88243457675
0.0247250097234611200536 126592059.441302061081
0.0248959011632323458374 123428065.889243736863
0.0250679695618282981362 120333462.901430174708
0.025241223025167451588 117307152.640611872077
0.0254156697149950684678 114348044.842844039202
0.0255913178492678354548 111455056.903358697891
0.0257681757025409186035 108627113.962462067604
0.0259462516063577106062 105863148.991533443332
0.02612555394964243341 103162102.87882836163
0.0263060911790953012857 100522924.514974325895
0.0264878717995903137372 97944570.8782113194466
0.0266709043745761015254 95426007.1190919280052
0.0268551975264792186504 92966206.6445454210043
0.0270407599371103105068 90564151.2013150006533
0.027227600348073199843 88218830.9585002362728
0.0274157275611766303169 85929244.5891856253147
0.0276051504388489452047 83694399.3510036766529
0.0277958779045554896237 81513311.1655683368444
0.0279879189432191109732 79385004.6966349929571
0.0281812826016433932985 77308513.426851645112
0.028375977988938733132 75282879.7331214249134
0.0285720142769516106951 73307154.9603726118803
0.0287694007006965984941 71380399.4936463236809
0.0289681465587913397619 69501682.828507900238
0.0291682612138947222613 67670083.6396138221025
0.0293697540931478970339 65884689.8473498597741
0.0295726346886182774043 64144598.6825486347079
0.029776912557746861715 62448916.7491285353899
0.0299825973237983593733 60796760.0846214443445
0.0301896986763145989963 59187254.2185254469514
0.0303982263715708751761 57619534.2284243702888
0.0306081902330357057129 56092744.7938202768564
0.0308196001518335482849 54606040.2475795522332
0.031032466087210636152 53158584.6250261887908
0.0312467980670043492253 51749551.710573412478
0.0314626061881155133504 50378125.0818371996284
0.0316799006169839400537 49043498.1512632369995
0.0318986915900675988 47744874.2051607146859
0.0321189894143246723601 46481466.4401084035635
0.0323408044676990608091 45252497.9967709630728
0.0325641471996094625241 44057201.991007424891
0.0327890281314414736014 42894821.5422821715474
0.0330154578570433301921 41764609.7993642017245
0.0332434470432248219129 40665829.9632758647203
0.0334730064302600216486 39597755.307466596365
0.0337041468323930892836 38559669.1951781734824
0.0339368791383476628432 37550865.0940380468965
0.0341712143118400035746 36570646.5878049582243
0.0344071633920953814934 35618327.3852652609348
0.0346447374943680067028 34693231.3263087496161
0.0348839478104648464951 33794692.3851335644722
0.0351248056092728147548 32922054.6705635599792
0.0353673222372894585641 32074672.4235230199993
0.0356115091191577179397 31251910.0116185434163
0.0358573777582039954215 30453141.9208357855678
0.0361049397369801114421 29677752.7443610392511
0.036354206717808826288 28925137.1685282960534
0.0366051904433334282518 28194699.9558842107654
0.0368579027370708051103 27485855.9253698214889
0.0371123555039683458712 26798029.9296621121466
0.0373685607309649919783 26130656.8296398445964
0.0376265304875557649034 25483181.4660007171333
0.037886276926360297479 24855058.6280615590513
0.0381478122836955146902 24245753.0197284854949
0.0384111488801519643244 23654739.2226541563869
0.0386762991211741166686 23081501.6566280983388
0.0389432754976449940765 22525534.5371911674738
0.0392120905864744295766 21986341.8305029198527
0.0394827570511916622897 21463437.2054939493537
0.0397552876425417284212 20956343.9833250381052
0.0400296951990863347781 20464595.0841809995472
0.0403059926478086041901 19987732.9714161157608
0.0405841930047219009992 19525309.593109164387
0.0408643093754832223419 19076886.3210431523621
0.0411463549560104890901 18642033.8871389217675
0.0414303430331040833945 18220332.3174028545618
0.041716286985072979776 17811370.8634097762406
0.0420042002823648660814 17414747.9313627071679
0.0422940964882006220638 17030071.0087850019336
0.0425859892592134817169 16656956.5888769105077
0.0428798923460922340456 16295030.0925858542323
0.0431758195942290659564 15943925.7884394582361
0.0434737849443716586895 15603286.7101965453476
0.0437738024332801345384 15272764.572359861806
0.0440758861943882085388 14952019.6835964955389
0.0443800504584688920717 14640720.8581417743117
0.0446863095543050675706 14338545.3252262845635
0.0449946779093644416703 14045178.6365766059607
0.0453051700504790641477 13760314.5720723234117
0.0456178006045298845006 13483655.0435977522284
0.0459325842991357147227 13214909.9971493352205
0.0462495359633468897109 12953797.3132819216698
0.0465686705283441110259 12700042.7059315554798
0.046890003028141648278 12453379.619690457359
0.0472135486002956475393 12213549.1256016362458
0.0475393224866171165699 11980299.8155352603644
0.0478673400338901419704 11753387.6952135413885
0.0481976166945947762099 11532576.0759453810751
0.0485301680276348443299 11317635.4651561360806
0.0488650096990711491074 11108343.4557630568743
0.0492021574828593599715 10904484.6144674923271
0.0495416272615929534351 10705850.3690506219864
0.049883435027251704641 10512238.8947223369032
0.0502275968819549251121 10323454.9995964113623
0.0505741290387198699774 10139310.0093783792108
0.050923047822225744885 9959621.6513189021498
0.0512743696695826187137 9784213.93750828690827
0.0516281111311058110713 9612917.04758658073843
0.0519842888710953868192 9445567.2109388615936
0.0523429196686214445733 9282006.58844370022416
0.0527040204183144428418 9122083.15384154394269
0.0530676081311609315616 8965650.57480582408607
0.0534336999353052094497 8812568.09377400204539
0.0538023130768560259307 8662700.40860919654369
0.0541734649206989590797 8515917.55317212454975
0.0545471729513146777468 8372094.77785839699209
0.0549234547736024564246 8231112.4301745891571
0.0553023281137094563364 8092855.83542542532086
0.0556838108198659600956 7957215.17756999190897
0.0560679208632260880907 7824085.38031788542867
0.0564546763387144268087 7693365.9885282907635
0.0568440954658782776621 7564961.04998074378818
0.0572361965897462757202 7438778.99757698830217
0.0576309981816924138398 7314732.53203289955854
0.0580285188403060758766 7192738.50513370893896
0.0584287772922684953136 7072717.80360404122621
0.0588317923932347927596 6954595.2336495462805
0.0592375831287220919186 6838299.40624171309173
0.0596461686150041719978 6723762.62319285050035
0.0600575681000119210307 6610920.76407543662935
0.0604718009642398676706 6499713.17405403126031
0.0608888867216595200405 6390082.55267072189599
0.0613088450206384222296 6281974.84364204388112
0.0617316956448658651913 6175339.12571932002902
0.0621574585142846344765 6070127.5046638417989
0.0625861536860298217633 5966295.00638285093009
0.0630178013553733956664 5863799.47127135656774
0.0634524218566755310311 5762601.44981700927019
0.0638900356643428146697 5662664.09950102400035
0.0643306633937925642641 5563953.08304184675217
0.0647743258024238849346 5466436.46803077682853
0.0652210437905958728688 5370084.62799005024135
0.0656708384026119668109 5274870.14489630796015
0.0661237308277111690558 5180767.71321250125766
0.0665797424010666077931 5087754.04545641224831
0.0670388946047904277226 4995807.77934366092086
0.0675012090689457722181 4904909.38653995841742
0.0679667075725655933649 4815041.08305427152663
0.0684354120446790115118 4726186.74130026716739
0.0689073445653441557512 4638331.80385420657694
0.0693825273666880681933 4551463.19894363265485
0.0698609828339545879672 4465569.25768340937793
0.0703427335065584663498 4380639.63308510091156
0.0708278020791472118223 4296665.22086783871055
0.0713162114026704152536 4213638.08208377845585
0.0718079844854560833678 4131551.36757919285446
0.0723031444942943968268 4050399.2443124614656
0.0728017147555294064087 3970176.82353922259063
0.0733037187561576264461 3890880.0908806566149
0.0738091801449346773811 3812505.83828781917691
0.0743181227334889643599 3735051.59791278745979
0.0748305704974439600541 3658515.57789374608546
0.0753465475775473847442 3582896.60005994234234
0.0758660782808081718409 3508194.03956783143803
0.0763891870816421486579 3434407.76646511489525
0.0769158986230245311777 3361538.08918698085472
0.0774462377176508703913 3289585.69998796610162
0.077980229349106158776 3218551.62230292102322
0.0785178986730416667017 3148437.16003638738766
0.0790592710183597863205 3079243.84877665666863
0.0796043718884076323405 3010973.40892619453371
0.0801532269621781923163 2943627.70074104098603
0.0807058620955201644342 2877208.68126998934895
0.0812623033223557611482 2811718.36318364646286
0.0818225768559074778663 2747158.77547904383391
0.0823867090899328413656 2683531.92604655493051
0.0829547265999674848791 2620839.76608648104593
0.0835266561445775768124 2559084.15635646693408
0.0841025246666201597989 2498266.83523270394653
0.0846823592945121078612 2438389.38856866071001
0.0852661873435086731243 2379453.2213296238333
0.0858540363169899428675 2321459.53098251530901
0.0864459339077562893827 2264409.28262200858444
0.0870419079993334371403 2208303.18580768536776
0.0876419866672856762158 2153141.67308997316286
0.0882461981805386097566 2098924.8802010375075
0.088854571002710588945 2045652.62788505270146
0.0894671337934540844561 1993324.40534122334793
0.0900839154098054539777 1941939.35525246686302
0.0907049449075442992818 1891496.26037231856026
0.0913302515425625377476 1841993.53163942461833
0.0919598647722425360795 1793429.19779002224095
0.0925938142568444449987 1745800.89643705519848
0.0932321298609039977867 1699105.86657641502097
0.0938748416546391906135 1653340.94249696354382
0.0945219799153664413938 1608502.54905569297262
0.0951735751289276149523 1564586.69827173557132
0.0958296579911257079276 1521588.98720976896584
0.0964902594091710946733 1479504.59711070777848
0.0971554105031371406653 1438328.29372838907875
0.0978251426074268765065 1398054.42882972350344
0.098499487272248706371 1358676.94281485234387
0.0991784762651024970337 1320189.36841287836432
0.099862141572276658108 1282584.83541651349515
0.100550515400354673057 1245856.07637269934639
0.101243630177732052422 1209995.4332425496541
0.10194151855614454194 1174994.86495058611035
0.102644213412205975722 1140845.9557451303117
0.103351747848956926346 1107539.92437799181789
0.104064155197424457189 1075067.6340209369082
0.104781469018192213705 1043419.60287896299269
0.105503723102981353255 1012586.01545143849216
0.106230951476242216347 982556.734392699901946
0.106963188396757669096 953321.312923852587119
0.107700468359256715245 924869.007748362142593
0.108442826096039293682 897188.792424694634974
0.109190296578612858203 870269.371149555430748
0.109942915019339740312 844099.192906525218859
0.110700716873095586501 818666.465936201624572
0.111463737838940174507 793959.172484534676187
0.112232013861798846088 769965.083787740790285
0.113005581134155569378 746671.775253730593249
0.113784476097758477375 724066.64180069649592
0.114568735445336244982 702136.913315589772537
0.115358396122326734012 680869.670196381164715
0.116153495328617170634 660251.858943424420431
0.116954070520297104263 640270.307766342884861
0.117760159411422593578 620911.742174236336723
0.118571799975792688264 602162.800518501317129
0.119389030448738747703 584010.049458068213426
0.120211889328925555787 566439.999318137648515
0.121040415380164440018 549439.119314871262759
0.121874647633240129618 532993.852618722361512
0.122714625387749146079 517090.631230318103917
0.123560388213950753111 501715.89064406498801
0.124411975954631701113 486856.084274832857773
0.125269428726982823274 472497.697624380118214
0.126132786924489120883 458627.262165112362709
0.127002091218832047215 445231.368919596949127
0.127877382561806363093 432296.681715084589086
0.128758702187248885718 419809.950093379011378
0.129646091612980601804 407758.021857668063603
0.130539592642763296881 396127.855238417279907
0.131439247368268452565 384906.530661788652651
0.132345098171059799563 374081.262105392175727
0.133257187724590525635 363639.408026747114491
0.134175558996213306617 353568.481851202901453
0.135100255249204020958 343856.162007503793575
0.136031320044800507763 334490.301499832654372
0.13696879724425431446 325458.937006654334255
0.137912731010897016137 316750.297497873485554
0.13886316581222044042 308352.81236294680275
0.139820146421971935879 300255.1190437694313
0.140783717922263462707 292446.070167342608329
0.141753925705694838744 284914.740174702950753
0.142730815477492944954 277650.431443395616952
0.143714433257664475629 270642.679902119503822
0.1447048253831634268 263881.260137640230823
0.145702038510074710631 257356.189994743763236
0.146706119615811897416 251057.734671335609164
0.147717116001329612507 244976.410312212334247
0.148735075293352697612 239102.987105584063102
0.14976004544661941642 233428.491887804324506
0.15079207474614067519 227944.210262772918213
0.151831211809474120322 222641.688243396230973
0.152877505589015388887 217512.733423366385978
0.153931005374303708777 212549.415688436798519
0.154991760794343375052 207744.067477476375643
0.156059821819942712295 203089.28360394682386
0.157135238766067580896 198577.920649433537619
0.158218062294211231356 194203.095941782114096
0.159308343414781838909 189958.186130580084864
0.160406133489505026146 185836.825373575295089
0.161511484233843066738 181832.903148394660093
0.162624447719431963755 177940.561703939689323
0.163745076376533932327 174154.19316662219353
0.16487342299650756261 170468.43631695836666
0.166009540734294219755 166878.173052326805191
0.167153483110922956856 163378.52455197222298
0.16830530401603144286 159964.847160552424612
0.169465057710403987912 156632.728006979770726
0.170632798828528886581 153377.980375075800112
0.171808582381171498499 150196.638842832442606
0.172992463757965370119 147084.95420732407365
0.174184498730022480073 144039.388211950368714
0.175384743452560026844 141056.608092866605148
0.176593254467545507369 138133.480961503606522
0.177810088706361085764 135267.068039676785702
0.179035303492485059484 132454.618763824371854
0.180268956544192560099 129693.564774718746776
0.181511105977273934364 126981.513808764415444
0.182761810307773525652 124316.243506653132499
0.184021128454745719338 121695.695154938759515
0.185289119743030139542 119117.967375912223361
0.186565843906047329481 116581.309780536292237
0.187851361088612139882 114084.116599031229271
0.189145731849766685073 111624.920303388382308
0.190449017165634115756 109202.385235460737022
0.191761278432290710461 106815.301253988174722
0.193082577468657562436 104462.577413587030605
0.194412976519413860377 102143.235688026848948
0.19575253825792848783 99856.4047498430736596
0.197101325789212772355 97601.313817811809713
0.198459402652892635821 95377.286583298468031
0.199826832826202893667 93183.7352260039915564
0.201203680727000566719 91020.1545290731446585
0.202590011216799148475 88886.1161031653609825
0.203985889603824993577 86781.2627283580950461
0.205391381646093468261 84705.3028223272267496
0.206806553554506278303 82658.0050427552778274
0.208231471995971556543 80639.1930312339245575
0.209666204096543906665 78648.7403054399910616
0.211110817444586013059 76686.5653058658936061
0.212565380093954009455 74752.6266026522353059
0.214029960567202331978 72846.9182676055061165
0.215504627858812414232 70969.4654158686898882
0.216989451438441838249 69120.3199210969905835
0.218484501254198382192 67299.5563073873927351
0.219989847735934468398 65507.2678205886113574
0.221505561798564537535 63743.5626810815520003
0.223031714845406847658 62008.5605194007002865
0.22456837877154650629 60302.388995539440657
0.226115625967222066972 58625.1806021918891929
0.227673529321236606249 56977.0696515556119266
0.22924216222439106061 55358.189444806521351
0.230821598572940767102 53768.6696228610089747
0.232411912772078010914 52208.633696483761014
0.234013179739436194549 50678.1967533668212127
0.235625474908619625403 49177.4633401906539802
0.237248874232756257197 47706.5255140018416569
0.238883454188076993496 46265.4610635618664674
0.240529291777517639783 44854.3318952954505221
0.242186464534345863298 43473.1825780337385368
0.243855050525815103546 42122.0390463341173017
0.245535128356841297892 40800.9074565754563082
0.247226777173705419832 39509.7731925461848732
0.24893007666778313447 38248.6000166821686435
0.250645107079298379293 37017.3293632030326989
0.252371949201102785398 35815.8797694102249807
0.254110684382482854282 34644.1464414514484815
0.255861394532991337503 33502.0009506510687061
0.257624162126306677223 32389.2910564363846788
0.259399070204116899419 31305.8406528196501313
0.261186202380033261061 30251.4498325622880657
0.262985642843527989143 29225.8950664429685276
0.264797476363901107543 28228.9294933202327229
0.266621788294272965558 27260.2833145639597205
0.268458664575605243652 26319.6642894913456985
0.270308191740751380117 25406.7583261102990946
0.272170456918529979351 24521.2301616482000099
0.274045547837830916205 23662.7241268620164192
0.275933552831749417944 22830.864987565921183
0.277834560841744682147 22025.2588562242417538
0.279748661421830857599 21245.4941657588387898
0.281675944742797723652 20491.1426970188404084
0.283616501596455294898 19761.7606507838063408
0.285570423399912287632 19056.8897547207125172
0.287537802199884562349 18376.0583955190595589
0.289518730677027436027 17718.7827666290177149
0.291513302150305964044 17084.568022522598767
0.293521610581387371042 16472.9094312816778256
0.295543750579069230966 15883.2935184763773577
0.297579817403737789672 15315.199196589699568
0.299629906971852211228 14768.0988756269271107
0.301694115860465239543 14241.4595517944289895
0.303772541311773613959 13734.7438722039878485
0.305865281237696573502 13247.4111743945395574
0.307972434224489444166 12778.9184999943518051
0.310094099537389922272 12328.7215821261852398
0.312230377125290614604 11896.2758062400716881
0.314381367625449659187 11481.0371439611099049
0.316547172368232765383 11082.4630593499532552
0.318727893381883897739 10700.0133867704862496
0.320923633397333041284 10333.1511793385561759
0.32313449585303744005 9981.34352674915498937
0.32536058489985120179 9644.06234117836356745
0.32760200540593342744 9320.78510989917594998
0.32985886296168992482 9010.99561325961076363
0.332131263884744121206 8714.18460675112874014
0.334419315224947166776 8429.85046600308487541
0.336723124769423010072 8157.49979368154436088
0.339042801047642117229 7896.64798745428470284
0.341378453336536213936 7646.81976836010380794
0.34373019166564794391 7407.54966910424445814
0.346098126822309948292 7178.38248200218822603
0.348482370356868742522 6958.87366646160899109
0.350883034587935460635 6748.5897160685271956
0.353300232607679010055 6547.10848550562423043
0.35573407828715525314 6354.01947766720786603
0.35818468628166799661 6168.9240914828124005
0.360652172036171669856 5991.4358310786938091
0.363136651790712194909 5821.18047701349587442
0.365638242585898554093 5657.79622044161533267
0.368157062268418822093 5500.93376114490183681
0.370693229496593168459 5350.25637045828079863
0.37324686374596049987 5205.43992020885616512
0.375818085314908234551 5066.17287885644691414
0.378407015330341378601 4932.15627609072180348
0.381013775753384964506 4803.10363721566409367
0.383638489385131342679 4678.74088870449122624
0.386281279872427163458 4558.8062363567732973
0.388942271713694109891 4443.05001754755630827
0.391621590264796148873 4331.23452909092338814
0.39431936174494663927 4223.1338322691317444
0.39703571324265035658 4118.53353661506389471
0.399770772721692646545 4017.23056404710041534
0.40252466902716960151 3919.03289496125353253
0.405297531891553430849 3823.75929790026702904
0.408089491940806348147 3731.23904440771229929
0.410900680700536424794 3641.31161065843843971
0.413731230602188138068 3553.82636745243144105
0.416581274989287153598 3468.64226012063409144
0.419450948123716971239 3385.62747986549447887
0.422340385192045586482 3304.65912802609818755
0.425249722311896671822 3225.62287470438968739
0.428179096538356895874 3148.41261315486963213
0.431128645870435422971 3072.93011128240141261
0.434098509257566211872 2999.08466153375502472
0.437088826606149893905 2926.79273042087152135
0.440099738786146554848 2855.97760884631134104
0.443131387637714424521 2786.56906433457970707
0.446183915977886702553 2718.50299621848853349
0.44925746760730267404 2651.7210947564531125
0.452352187316983178622 2586.17050508709644419
0.455468220895147934968 2521.80349686833505984
0.458605715134085045737 2458.57714037499454207
0.461764817837068741735 2396.4529897590418841
0.464945677825317815746 2335.39677411673392271
0.468148444945007957685 2275.37809693758799767
0.47137327007433427184 2216.37014444082387854
0.474620305130613207023 2158.34940325053185006
0.477889703077442107304 2101.29538779447011621
0.481181617931907668062 2045.19037774773687488
0.484496204771835858871 1990.01916579416661079
0.487833619743100910249 1935.76881591702544938
0.491194020066982761641 1882.42843237542729184
0.494577564047568307704 1829.98893948072668536
0.497984411079215150142 1778.44287223113792606
0.501414721654055095534 1727.78417782155929672
0.504868657369556550485 1678.00802800503515755
0.508346380936140485041 1629.11064223621087876
0.511848056184839750316 1581.08912149777847844
0.515373848075020069004 1533.94129267333255484
0.518923922702153039843 1487.6655632962826985
0.522498447305636326554 1442.26078648121529113
0.526097590276673243714 1397.72613581572841213
0.52972152116621018525 1354.06098996462355899
0.533370410692916685491 1311.26482672315182754
0.537044430751231205434 1269.33712623528367658
0.540743754419462208105 1228.27728307402298924
0.544468555967935086137 1188.08452687335625342
0.548219010867204814552 1148.75785118784301631
0.551995295796325780024 1110.29595022895546208
0.555797588651168128493 1072.6971631956573674
0.559626068552801947398 1035.95942576012862446
0.563480915855937514181 1000.08022840807541343
0.567362312157416504022 965.056581328215543181
0.571270440304769366868 930.884985411765910612
0.57520548440483176833 897.56140906216228359
0.579167629832412100832 865.0812704534112072
0.583157063239026829393 833.439424892874967554
0.587173972561697121719 802.630156945524618095
0.591218547031794328106 772.647176987196644404
0.595290977183962954911 743.48362185516793943
0.599391454865089712278 715.132059276708218931
0.603520173243343616143 687.584495760761683414
0.607677326817279594984 660.832387645675794374
0.611863111424994277066 634.866655010787212632
0.616077724253355052397 609.67769816368740976
0.620321363847292639448 585.255416425866087593
0.624594230119147719726 561.589228954053965026
0.628896524358091402185 538.668097334562048673
0.633228449239611967947 516.480549716404766514
0.637590208835054794712 495.014706244817887182
0.641982008621240218815 474.258305588514190276
0.646404055490146012275 454.198732100927259125
0.650856557758647369383 434.823044420992346204
0.655339725178333831757 416.118003617888177814
0.659853768945393714951 398.070101740429436177
0.664398901710556488709 380.665591313867707868
0.668975337589113649983 363.890514093932949891
0.673583292171009540006 347.730729906028727783
0.678222982530989670913 332.171945185545268941
0.682894627238831208871 317.199741120396197402
0.687598446369642180009 302.799601288155940892
0.692334661514222737821 288.956938691956622733
0.697103495789506810709 275.657122109121473841
0.701905173849076691184 262.885501676205763033
0.706739921893738021197 250.627433644774612276
0.711607967682185260649 238.868304250559845059
0.716509540541722445006 227.593552647656679255
0.721444871379070429285 216.788692867812073928
0.726414192691248072897 206.439334771755966358
0.731417738576518039473 196.531203967262939614
0.736455744745417306696 187.050160674688157769
0.74152844853186650198 177.982217526230755311
0.746636088904341632677 169.313556290979363439
0.751778906477136077413 161.030543522209882212
0.756957143521699293842 153.119745127324819123
0.762171043978041695688 145.567939865069035932
0.767420853466230790119 138.362131777739932659
0.772706819297966363003 131.489561568853218887
0.778029190488221722433 124.937716939974876595
0.783388217766979644274 118.694341902623449414
0.788784153591048031728 112.747445083314147496
0.794217252155943187475 107.085307042497277052
0.799687769407870896465 101.69648662995886923
0.805195963055786112506 96.5698264012555682712
0.81074209258352603058 91.6944571220961108793
0.816326419262037195068 87.0598013893421978082
0.821949206161689205352 82.6555763990949969866
0.827610718164658143436 78.4717958944406746014
0.833311221977408922434 74.498771326979564833
0.839050986143264898587 70.7271122676536947438
0.844830281055047094263 67.1477261041207071912
0.850649378967824998377 63.7518170627606863832
0.856508554011731093603 60.5308845944432789565
0.862408082204879078425 57.4767211639595672068
0.86834824146637201725 54.5814094831303862065
0.874329311629384986482 51.8373192280186927405
0.880351574454352303611 49.2371032803928869725
0.88641531364224579459 46.7736935330771785857
0.892520814847929999658 44.4402962983794580509
0.898668365693624071611 42.2303873578130577471
0.904858255782455267457 40.1377066902082475508
0.911090776712093486367 38.1562529142556385864
0.917366222088491167774 36.2802774801016170159
0.923684887539721333205 34.5042786430995818137
0.930047070729892899621 32.8229952514661960095
0.936453071373179346537 31.2314003779339692812
0.942903191247942196185 29.7246948238536390363
0.949397734210937538357 28.2983005227401136494
0.955937006211635242892 26.9478538685755637516
0.962521315306637537113 25.6691989925809664896
0.969150971674179961823 24.4583810107454695526
0.97582628762874912276 23.3116392628295017175
0.982547577635800917228 22.225400562062695542
0.989315158326563359736 21.1962724734601337673
0.996129348512958867623 20.2210366372500409682
1.00299046920262746596 19.2966421525709463936
1.00989884361403747803 18.4201990354379319115
1.01685479719172500168 17.5889717636798579292
1.02385865762161420989 16.8003729204348708492
1.03091075484645822158 16.0519569467118508044
1.03801142108138866327 15.3414140123918052439
1.04516099082955427058 14.6665640141241393479
1.05235980089788472291 14.0253507075659733516
1.05960819041296261389 13.4158359804645535007
1.06690650083698868045 12.8361942722787674143
1.07425507598387226516 12.2847071451639155981
1.08165426203543413308 11.7597580103343712921
1.08910440755770343557 11.2598270131244966308
1.09660586351734345989 10.7834860793328530804
1.1041589832981915098 10.3293941247425280494
1.11176412271789448738 9.8962924291329272819
1.11942164004467636929 9.48300017548125140365
1.12713189601422270059 9.08841015447341860067
1.13489525384666145591 8.71148463398001382529
1.14271207926368090213 8.35125139264204818801
1.15058274050576292424 8.00679991624582143572
1.15850760834951960199 7.67727775520256461306
1.16648705612516523367 7.36188704104165481112
1.17452145973411026247 7.05988115946558725255
1.18261119766665645514 6.77056157724183726998
1.19075665101983330096 6.49327481990071042617
1.19895820351535808967 6.22740959693750539827
1.2072162415176970196 5.97239407103790398423
1.21553115405228395751 5.72769326760977648405
1.22390333282383090285 5.4928066207478396521
1.23233317223478811009 5.2672656516430942375
1.24082106940393033234 5.05063177508814309391
1.24936742418505097874 4.84249423058569927747
1.25797263918580570774 4.64246813257617496618
1.2666371197866848064 4.45019263604011339197
1.27536127416009770208 4.26532921367719097816
1.28414551328960691023 4.08756003914924193055
1.29299025098929765143 3.91658647262349601803
1.30189590392325604817 3.75212764406014098739
1.31086289162520630569 3.59391912989103667897
1.31989163651828067536 3.44171171875639014814
1.32898256393490532545 3.29527026204606254822
1.33813610213684386352 3.15437260504754668489
1.34735268233538008076 3.01880859457395356316
1.35663273871161704776 2.88837915904696629354
1.36597670843693785869 2.76289545711023309948
1.37538503169360781797 2.64217809090263511251
1.38485815169549564274 2.52605638031384049924
1.39439651470896097685 2.41436769459498679069
1.40400057007388401331 2.3069568375142428529
1.41367077022481879567 2.2036754863714884678
1.42340757071231394093 2.10438166747599275652
1.43321143022438102221 2.00893928857813364175
1.44308281060808551999 1.91721771165250931546
1.45302217689132229239 1.82909135213042883805
1.46302999730470673079 1.74443932409624857804
1.47310674330363888807 1.66314511510611540146
1.48325288959052192794 1.58509629166355159313
1.49346891413710736174 1.51018423276434199387
1.50375529820702169559 1.43830388926717156473
1.51411252637844406799 1.36935356697377952351
1.52454108656692022272 1.30323473142791423918
1.53504147004835300727 1.23985183255491571153
1.54561417148215696216 1.17911214737319336443
1.55625968893454147413 1.12092563912607978693
1.56697852390198510975 1.06520483128480725199
1.57777118133486671248 1.0118646949737728491
1.58863816966123794217 0.960822548474374316108
1.59958000081078099974 0.911997967555086885838
1.61059719023893510581 0.865312705465540621397
1.62169025695116264529 0.820690621523959218386
1.63285972352740405 0.778057617308616444873
1.64410611614670854053 0.737341579541102798423
1.65542996461200075942 0.698472328829371491565
1.66683180237505079724 0.6613815735076111757
1.67831216656161164025 0.626002867875997570657
1.68987159799670472182 0.592271574211235884988
1.7015106412301066463 0.560124827976569150678
1.71322984456201199421 0.529501505715276321595
1.72502976006884090054 0.500342195168016479201
1.73691094362927045403 0.472589167200695603466
1.74887395495040243176 0.446186349176829755159
1.76091935759413642515 0.421079299452147670646
1.77304771900373059346 0.397215182706420977254
1.78525961053051229754 0.374542745866813520106
1.79755560746080478296 0.353012294409696891773
1.80993628904303660576 0.332575668858202444511
1.8224022385150107084 0.313186221322743651996
1.83495404313138932295 0.294798791957029127087
1.84759229419136894457 0.277369685225005102591
1.8603175870665147329 0.260856645895582883732
1.87313052122882051087 0.245218834707247590465
1.88603170027895439276 0.230416803641975587169
1.89902173197467893928 0.21641247079681996679
1.91210122825948780623 0.203169094832088531488
1.92527080529144534182 0.190651248962382863228
1.9385310834721933837 0.178824794543183368534
1.95188268747618587362 0.167656854237463737167
1.9653262462801279753 0.157115784779144951333
1.97886239319258661062 0.147171149394707129199
1.9924917658838328105 0.137793689881631653549
2.00621500641589323166 0.128955298397609857686
2.02003276127277731078 0.120628989010684736782
2.03394568139093934178 0.112788869043482870014
2.04795442218995793482 0.105410110263945477893
2.062059643603383563 0.0984689199702798861891
2.07626201010985855788 0.0919425120191958156202
2.09056219076439209203 0.0858090778467429232679
2.10496085922989184525 0.0800477575308358446637
2.11945869380890794531 0.0746386109434529487761
2.13405637747556742312 0.0695625890397801593945
2.1487545979077569136 0.0648015053299200310954
2.16355404751953095399 0.0603380075769783391637
2.17845542349370768775 0.0561555497636791259297
2.19345942781472391658 0.0522383643673813360953
2.20856676730171486156 0.0485714349810368456462
2.22377815364179109991 0.0451404693154595082483
2.23909430342357307353 0.0419318726156934148963
2.25451593817096496153 0.0389327215216810143539
2.27004378437711551442 0.0361307384010702004051
2.28567857353866044079 0.0335142661793365881362
2.301421042190188615 0.031072243689791844562
2.317271931938918339 0.0287941815636920742105
2.33323198949964449866 0.0266701386780904652063
2.34930196672992908091 0.0246906991766270428323
2.36548262066549286331 0.0228469500762214887402
2.38177471355589265301 0.0211304594702907341808
2.39817901290044277474 0.0195332553369061238946
2.4146962914843439485 0.0180478049583087316043
2.43132732741510260155 0.0166669949561537855676
2.4480729041591984263 0.0153841119449431643074
2.46493381057896288056 0.0141928238044097716763
2.48191084096977521156 0.0130871615698644541692
2.49900479509745121476 0.0120615019379831621416
2.51621647823593219684 0.0111105503840749891137
2.53354670120523284282 0.0102293248854695845163
2.55099628040961112774 0.00941314024447592601064
2.56856603787604331757 0.00865759300320029234754
2.5862568012929596506 0.0079585469414609599087
2.60406940404921050103 0.00731211914813467180052
2.62200468527333940827 0.00671466665541175893039
2.64006348987312522425 0.00616277362468078612756
2.65824666857535962805 0.00565323907212974575975
2.67655507796593594705 0.00518306512156578927386
2.69498958053021731018 0.0047494457714583925359
2.71355104469363705988 0.0043497561628164484529
2.73224034486262512544 0.00398154233416074618962
2.7510583614658132845 0.00364251144957472875949
2.77000598099548245301 0.00333052248562897825965
2.78908409604933904546 0.00304357736281947195006
2.80829360537257954888 0.00277981250706721633517
2.82763541390019668142 0.00253749082680393900011
2.8471104327996288319 0.00231499409117312754738
2.86671957951369549278 0.00211081569493063239684
2.88646377780378760036 0.00192355379573600306954
2.90634395779340204413 0.00175190480965596909711
2.92636105601196883086 0.00159465725086827578121
2.94651601543894070545 0.0014506859017610379721
2.96680978554825136584 0.00131894629984302181637
2.98724332235300904514 0.00119846952813444217883
3.0078175884505502502 0.00108835729598033884545
3.02853355306780125389 0.000987777297516115055515
3.049392192106906041 0.000895958835325684466687
3.07039448819121263412 0.00081218869715022224548
3.09154143071158360456 0.000735807273835778811143
3.11283401587297037238 0.000666204907051032367386
3.1342732467413596531 0.000602818455652411066582
3.15586013329104408953 0.000545128069925124043166
3.17759569245216466626 0.000492654163287281079107
3.19948094815863814944 0.0004449545714008750299
3.22151693139640604713 0.000401621888991521953319
3.24370468025197133954 0.0003622809750383757031
3.26604523996131801411 0.000326586617350226244335
3.28853966295916722018 0.000294221347896602368997
3.311189008928523414 0.000264893400612398926056
3.33399434485060952582 0.000238334803737735666631
3.35695674505515118113 0.000214299599092865989758
3.38007729127094735944 0.000192562181020524650788
3.40335707267685450006 0.000172915748052524160562
3.42679718595310589535 0.000155170860674783253662
3.45039873533294416674 0.000139154098875067126556
3.47416283265465608565 0.000124706813458613926474
3.49809059741397021526 0.000111683965409492319456
3.5221831568167503157 9.99530478595019755044e-05
3.54644164583214482889 8.93930855027599721675e-05
3.57086720724601214272 7.98937065546990549071e-05
3.59546099171477528955 7.13542826194613570958e-05
3.62022415781964479464 6.36831320710223787755e-05
3.64515787212116038063 5.67967827847534222139e-05
3.67026330921416610309 5.06192903042861755739e-05
3.69554165178316162965 4.50816077287347787873e-05
3.72099409065798081286 4.01210038214789584511e-05
3.74662182486990635866 3.56805260527860525536e-05
3.77242606170817795785 3.1708505464575145608e-05
3.79840801677682238235 2.81581004416931711409e-05
3.82456891405194276956 2.49868766476992986412e-05
3.85090998593939648487 2.21564205458081884886e-05
3.8774324733328122683 1.96319840888521948902e-05
3.90413762567206656939 1.73821583117691375357e-05
3.93102670100216622373 1.53785737040250153514e-05
3.95810096603246819313 1.35956253756254924784e-05
3.98536169619637625772 1.20102211594309195449e-05
4.01281017571144626999 1.06015509146694007027e-05
4.04044769763983957489 9.35087541211673879443e-06
4.06827556394925782257 8.24133329054318066571e-06
4.09629508557430455085 7.2577646770145324114e-06
4.12450758247818960456 6.3865501607670938108e-06
4.15291438371494248116 5.61546390181525066464e-06
4.18151682749203335021 4.93353974149523933057e-06
4.21031626123337332501 4.33094926305485722839e-06
4.23931404164284142411 3.79889082633988015323e-06
4.26851153476814815235 3.32948867189996757063e-06
4.29791011606521067279 2.91570125663197275709e-06
4.3275111704629720677 2.55123804561387576879e-06
4.35731609242859541098 2.23048404330326098302e-06
4.3873262860331809776 1.9484314019501513049e-06
4.41754316501793020677 1.70061749613022370553e-06
4.44796815286070312823 1.4830688999365249242e-06
4.47860268284309537279 1.29225074774757587785e-06
4.5094481981179850294 1.12502100081098404496e-06
4.54050615177746941242 9.78589180319620014438e-07
4.57177800692133917693 8.50479163368836007723e-07
4.60326523672603471482 7.38495671335743923758e-07
4.63496932451398713226 6.40694110971060575334e-07
4.66689176382352854944 5.55353456978746090513e-07
4.69903405847926958216 4.80951891224740928478e-07
4.73139772266289604374 4.16144938097733981922e-07
4.76398428098452786372 3.59745858064239493386e-07
4.79679526855455584666 3.10708082242325946913e-07
4.82983223105592252011 2.68109489977442440117e-07
4.86309672481695010049 2.31138349046996203894e-07
4.89659031688469248422 1.99080754352135037206e-07
4.93031458509869846552 1.71309415873717435348e-07
4.96427111816537092182 1.47273660365364389387e-07
4.99846151573283314917 1.2649052381751581545e-07
5.03288738846622596412 1.08536823235478607898e-07
5.06755035812365672854 9.30421068067507016164e-08
5.10245205763253029119 7.96823911627326189822e-08
5.13759413116650520692 6.81746032345997135809e-08
5.17297823422297664564 5.8271652226229518954e-08
5.20860603370100783138 4.97580645392987457217e-08
5.24447920797988142994 4.24461211419080458841e-08
5.28059944699819716618 3.61724429251911156823e-08
5.31696845233342507697 3.07949750909582830861e-08
5.35358793728209381158 2.61903266025850054038e-08
5.3904596269405269382 2.22514252535524653729e-08
5.42758525828605886687 1.888545300246449084e-08
5.464966580258881379 1.60120299262382279066e-08
5.50260535384447369012 1.35616184883229279603e-08
5.54050335215649258913 1.14741228374657364729e-08
5.57866236052033670489 9.69766057343087556737e-09
5.61708417655727565432 8.18748686588160766604e-09
5.65577061026908012309 6.90505301589812101079e-09
5.69472348412331363932 5.81718352883295338782e-09
5.73394463313921853853 4.89535754320794800837e-09
5.7734359049741001968 4.11508205219549084212e-09
5.81319916001040049025 3.45534577933134719106e-09
5.85323627144336544603 2.89814384450500700297e-09
5.89354912536922803667 2.42806449459617234261e-09
5.93413962087409441182 2.03193018870757191187e-09
5.97500967012343231488 1.69848623298450875287e-09
6.01616119845208174866 1.41813096560734350979e-09
6.05759614445503924429 1.18268220876878675555e-09
6.09931646007870753579 9.85175340486393395107e-10
6.14132411071287975801 8.19688903258884146534e-10
6.18362107528336135687 6.81194166382078850863e-10
6.226209346345127571 5.65425501019221544933e-10
6.26909093017622254251 4.68768818018820274905e-10
6.31226784687230946247 3.88165663550019789149e-10
6.3557421304417625052 3.21030871887153294934e-10
6.39951582890152437244 2.65181942621532919266e-10
6.44359100437361664859 2.18778545260278014654e-10
6.48796973318221503746 1.80270761221145219463e-10
6.53265410595150353146 1.48354854903023621102e-10
6.57764622770418316833 1.2193552471933489376e-10
6.62294821796058030827 1.00093724330422211536e-10
6.66856221083852052089 8.20592661255404665646e-11
6.71449035515390235673 6.71875253585346014835e-11
6.76073481452185465201 5.49396560789032608754e-11
6.80729776745870029941 4.48658107618378555338e-11
6.85418140748460924527 3.65909257838030388974e-11
6.9013879432268732117 2.98026959058264521079e-11
6.94891959852397711472 2.42414138581072638278e-11
6.99677861253040322964 1.96913969782270720442e-11
7.04496723982204198222 1.59737625340461318231e-11
7.09348775050243229856 1.29403476485448436415e-11
7.14234243030975068933 1.0468599330933056803e-11
7.1915335807243909727 8.45728561606757555241e-12
7.24106351907749612451 6.82290075800193478197e-12
7.29093457866002303547 5.49665628304152921814e-12
7.34114910883271409858 4.4219658941889730392e-12
7.3917094751367944383 3.55234609197510817059e-12
7.44261805940534859616 2.84966625046334854193e-12
7.49387725987554986773 2.28269203550898616617e-12
7.5454894913016898883 1.82587471363722275752e-12
7.59745718506884681887 1.45834628151095086059e-12
7.64978278930746657949 1.16308662790580664658e-12
7.70246876900873456151 9.26234278470671758432e-13
7.75551760614061169719 7.36516803436763835997e-13
7.80893179976480489302 5.8478080662228854741e-13
7.86271386615452527735 4.63604661365552010629e-13
7.9168663389129578789 3.66979902270341897478e-13
7.97139176909264168813 2.90049495605452468696e-13
8.02629272531570414628 2.28893160085974563548e-13
8.08157179389476887366 1.80351548664823277005e-13
8.13723157895484305868 1.41882478059978917652e-13
8.19327470255603351745 1.11443546385487617888e-13
8.24970380481698484232 8.73964448914826922257e-14
8.30652154403929365856 6.84290768151766936043e-14
8.36373059683278619048 5.34922696941150024329e-14
8.42133365824150992296 4.17484284305312687628e-14
8.47933344187075199727 3.2529942935539763554e-14
8.53773268001491025814 2.53055515812356568191e-14
8.59653412378610681799 1.96531828472786380106e-14
8.65574054324390118609 1.52380633547867889784e-14
8.71535472752569795318 1.17951001104594825745e-14
8.77537948497815989413 9.11472595699038800599e-15
8.83581764328957142141 7.0315464249541729936e-15
8.89667204962294100312 5.41524884178115957022e-15
8.95794557075018715864 4.16333522410657123783e-15
9.01964109318722329078 3.19532296139784563107e-15
9.08176152332984898408 2.44812476117920462544e-15
9.14430978759071599882 1.87237440846334085227e-15
9.20728883253723040525 1.42950978749156773701e-15
9.27070162503026651279 1.0894611421375822609e-15
9.33455115236398569323 8.28822219134723145305e-16
9.39884042240660377843 6.29405991183891521318e-16
9.46357246374199689853 4.77106122683296548883e-16
9.52875032581242287222 3.61001065691042108005e-16
9.59437707906221781684 2.72650353598408088933e-16
9.66045581508235429169 2.05542865797175484323e-16
9.72698964675612209874 1.54665035979385642744e-16
9.79398170840582871222 1.16163551876518877386e-16
9.86143515594034170135 8.70823571266288391116e-17
9.92935316700382486488 6.51579705570430382213e-17
9.99773894112547623081 4.86604909477465598758e-17
10.0665956998701471292 3.6270323788531694299e-17
10.1359266869901674113 2.69827862764106474755e-17
10.20573516857819385 2.00344274103333825023e-17
10.2760244332209662588 1.4846229915278133364e-17
10.3467977921543479169 1.09799110126094181481e-17
10.4180585794192133164 8.10436690153047806908e-18
10.4898101520185420554 5.96995704844619306421e-18
10.5620558900756300602 4.38883565909580230562e-18
10.6347991969932120782 3.21993830683365986224e-18
10.7080434996138418313 2.35754493728117342401e-18
10.7817922483813877221 1.72258491603138920421e-18
10.8560489175034593501 1.25604015446675295291e-18
10.9308170051151396507 9.13950298497555612846e-19
11.0061000334438237047 6.63638710713805489845e-19
11.0819015489750398729 4.80866785127232445628e-19
11.1582251226195712235 3.47692724446394619976e-19
11.2350743498817386978 2.50863774003128775397e-19
11.3124528510286630478 1.80611563532158858085e-19
11.3903642712608696996 1.29751410220069819239e-19
11.4688122808840677891 9.3010331149904517875e-20
11.5478005754819381679 6.65267723741175044921e-20
11.6273328760902749934 4.74789842395474853364e-20
11.7074129293723636636 3.38095650495312775418e-20
11.7880445077953286415 2.4021736402863306985e-20
11.869231409807934341 1.70290045397154429004e-20
11.9509774600195814998 1.20444654713086838582e-20
12.0332865093803480505 8.4994830578463725754e-21
12.1161624353624706174 5.98408100942917684408e-21
12.1996091421430712387 4.20335039937951318288e-21
12.2836305607879250346 2.94564269375206342518e-21
12.3682306494368248195 2.05941554739603234729e-21
12.4534133934898854079 1.43641661566295257591e-21
12.5391828057953649278 9.99499028049455389278e-22
12.6255429268387615593 6.93813611442197550573e-22
12.7124978249330311542 4.80457136785691582645e-22
12.8000515964103005473 3.31902661049321260784e-22
12.8882083658149060312 2.28719861735606698966e-22
12.9769722860975740275 1.57226896048449151603e-22
13.0663475388111081088 1.07813295367982475539e-22
13.1563383343074615794 7.3745066354137657265e-23
13.2469489119359451479 5.03154532467482190907e-23
13.3381835402429889115 3.42428671679497389111e-23
13.430046517173307663 2.32451128061475466797e-23
13.5225421702722456985 1.57390472038132621064e-23
13.6156748568896848184 1.06292554397412378036e-23
13.7094489643854036132 7.15973924140256431691e-24
13.8038689103356180254 4.81009657965205372066e-24
13.89893914274114195 3.22303361899616514724e-24
13.9946641402370204332 2.15388487290682644327e-24
14.0910484123033548087 1.43555175784629600791e-24
14.1880964994778100419 9.54214460876601119806e-25
14.2858129735695982276 6.32551508951631081684e-25
14.3842024378746859981 4.18177343367771002696e-25
14.4832695273927445356 2.75696772133642041385e-25
14.5830189090455561995 1.81259703109943222396e-25
14.6834552818966965759 1.1883955975090969655e-25
14.7845833773731101246 7.76967073948745088494e-26
14.8864079594878102597 5.06544511060341218657e-26
14.9889338250643984196 3.29305832052318989276e-26
15.0921658039630965931 2.13470450972082897957e-26
15.1961087593081387581 1.37981798162513280548e-26
15.3007675877169226908 8.89294645068207827056e-27
15.4061472195307853639 5.7147912936262416055e-27
15.5122526190470892971 3.66165291226203705753e-27
15.6190887847531669763 2.33919970771825032635e-27
15.7266607495618835344 1.48991643692434424718e-27
15.834973581048561897 9.46132810040847857232e-28
15.9440323816897766562 5.99002880348440058879e-28
16.0538422891038372597 3.78079652150087006578e-28
16.1644084762926283361 2.3790643674136307394e-28
16.2757361518853862492 1.4924109153270635576e-28
16.3878305603841667448 9.33298905427455415869e-29
16.5006969824107194711 5.818270725640815463e-29
16.6143407349553697827 3.61575146866684869948e-29
16.7287671716275312406 2.23988270935675786605e-29
16.8439816829077777527 1.38313496285519514866e-29
16.9599896964018554968 8.51347505661863502361e-30
17.0767966770964427781 5.22327131484424779426e-30
17.1944081276164517647 3.19419942052662387981e-30
17.3128295884843055319 1.94695287343756719212e-30
17.432066638381058965 1.18280459437386878552e-30
17.5521248944089869326 7.16184350429929671349e-31
17.6730100123564319858 4.32196208488604226842e-31
17.7947276869640340635 2.59938944652286155913e-31
17.9172836521931060361 1.55806626426493345515e-31
18.0406836814958246862 9.30710260155219996454e-32
18.1649335880870346216 5.5404730032561148031e-32
18.2900392252181909214 3.2867951424120534843e-32
18.4160064864532095896 1.94303891053346740406e-32
18.5428413059458847556 1.14462432268652208932e-32
18.6705496587195654001 6.71902913767065021142e-33
18.7991375609487043619 3.93008150733848583465e-33
18.9286110702420984353 2.2905374262477579294e-33
19.0589762859283275986 1.33015814390824869018e-33
19.1902393493432121829 7.69641340906587834581e-34
19.3224064441189007368 4.43692226710724989354e-34
19.4554837964752920243 2.54842934885376930757e-34
19.5894776755134323309 1.45830937304372968712e-34
19.7243943935106429421 8.31384449205958807358e-35
19.8602403062179995175 4.72191406434606052658e-35
19.9970218131598187483 2.67169530409837909222e-35
20.1347453579349568997 1.50590327152726036241e-35
20.2734174285204353794 8.45545698087996372761e-36
20.4130445575772050404 4.7292843458925213191e-36
20.5536333227576690774 2.63487793304403467996e-36
20.6951903470156608478 1.46224660524763809776e-36
20.8377222989185462154 8.08284082000526912468e-37
20.9812358929611164626 4.45019320829767473476e-37
21.1257378898821990276 2.44035616029844251969e-37
21.2712350969828776215 1.33283091614198331673e-37
21.4177343684473022734 7.24990478213546580696e-38
21.5652426056656771891 3.92746908706722179169e-38
21.7137667575591564173 2.11886931514238107845e-38
21.8633138209073223379 1.13839798413301239961e-38
22.0138908406778881499 6.09076354621272810128e-39
22.1655049103583685621 3.24506133066378225746e-39
22.3181631722903439652 1.72160098699807301679e-39
22.4718728180060587363 9.09475160350831814948e-40
22.6266410885669522202 4.78392874325491962087e-40
22.7824752749049075362 2.50553924452282271176e-40
22.9393827181658345182 1.30655411149756407416e-40
23.0973708100552634903 6.78344367527346797386e-41
23.2564469931866675267 3.50636023924898269064e-41
23.4166187614322112154 1.80440114956691540466e-41
23.5778936602755173624 9.24414146791698801679e-42
23.7402792871672794206 4.71458618141628131732e-42
23.9037832918832329199 2.39359444275752606909e-42
24.0684133768843473433 1.20968963469405491292e-42
24.2341772976797500405 6.08555262577630484466e-43
24.401082863192225858 3.04729866474052028801e-43
24.5691379361258448455 1.51881572503835612524e-43
24.7383504333364498962 7.53452582158411521271e-44
24.9087283262047911592 3.72009085190174951463e-44
25.0802796410117032622 1.8280328207387172147e-44
25.2530124593165901103 8.93990646369406334228e-45
25.4269349183377997292 4.35096995908446741051e-45
25.6020552113361219426 2.10731188966912853365e-45
25.7783815880008724264 1.01565586153886808381e-45
25.9559223548382682623 4.87107347215986728438e-46
26.134685875562865931 2.32460052603551742424e-46
26.3146805714917029206 1.10383114555802786909e-46
26.4959149219407521514 5.21521988704249031206e-47
26.6783974646244814721 2.45156366453898245766e-47
26.8621367960582233536 1.14656610219353749273e-47
27.0471415719628502927 5.33488525535115283292e-48
27.2334205076726760808 2.46948116033333946599e-48
27.4209823785461708212 1.13717022522780625317e-48
27.6098360203790633705 5.20917252954561769645e-49
27.7999903298207371449 2.3736668479025925854e-49
27.991454264793475204 1.07587718917753572725e-49
28.1842368449141851272 4.85044505706172414783e-50
28.3783471519194030463 2.17500552193429613266e-50
28.5737943300933281421 0
28.7705875866982552225 0
28.9687361924084889608 0
29.1682494817472282023 0
29.3691368535259726968 0
29.571407771287464783 0
29.7750717637516615355 0
29.9801384252642364459 0
30.186617416248996193 0
30.3945184636625995722 0
30.6038513614529108509 0
30.8146259710205896454 0
31.0268522216832813854 0
31.2405401111435701011 0
31.455699705960100232 0
31.6723411420214731038 0
31.8904746250239021776 0
32.1101104309521616642 0
32.3312589065633559926 0
32.5539304698744516031 0
32.7781356106533010575 0
33.0038848909123956332 0
33.2311889454066573535 0
33.4600584821345634623 0
33.690504282842233863 0
33.9225372035315544395 0
34.1561681749717394041 0
34.3914082032139134526 0
34.6282683701097724338 0
34.8667598338338251551 0
35.1068938294086763108 0
35.3486816692344376634 0
35.5921347436219051019 0
35.8372645213286205035 0
36.0840825500997013364 0
36.3326004572114058533 0
36.5828299500190112781 0
36.834782816508607084 0
37.0884709258519436048 0
37.3439062289658281202 0
37.6011007590752868168 0
37.8600666322800378794 0
38.1208160481254694218 0
38.3833612901775467208 0
38.6477147266010661042 0
38.9138888107425202634 0
39.1818960817169426036 0
39.451749164998204833 0
39.7234607730140041326 0
39.9970437057449217377 0
40.2725108513270129151 0
40.5498751866591362614 0
40.8291497780145107299 0
41.1103477816558182667 0
41.393482444455202085 0
41.6785671045184926697 0
41.9656151918131499201 0
42.2546402288011435644 0
42.5456558310761892017 0
42.8386757080046365331 0
43.1337136633719211432 0
43.4307835960322918822 0
43.7298995005638175826 0
44.0310754679278488766 0
44.3343256861324093165 0
44.6396644409007663512 0
44.9471061163446634623 0
45.2566651956414816027 0
45.5683562617167225994 0
45.8821939979312745095 0
46.198193188772592066 0
46.5163687205514619905 0
46.8367355821035289409 0
47.1593088654948431326 0
47.484103766733142038 0
47.8111355864839566721 0
48.1404197307908532366 0
48.4719717118015012147 0
48.8058071484986371047 0
49.1419417674354122028 0
49.4803914034764247276 0
49.8211720005439957504 0
50.1642996123687154864 0
50.509790403245993673 0
50.8576606487977826987 0
51.207926736738720308 0
51.5606051676488092994 0
51.9157125557501117896 0
52.2732656296897317816 0
52.6332812333280628536 0
52.9957763265318817503 0
53.360767985973424743 0
53.7282734059352193867 0
54.0983098991195134886 0
54.4708948974640989604 0
54.8460459529638271192 0
55.2237807384968988345 0
55.6041170486576206144 0
55.9870728005950795136 0
56.3726660348565644654 0
56.7609149162376951381 0
57.1518377346384838233 0
57.5454529059243640177 0
57.9417789727939620548 0
58.3408346056530149326 0
58.7426386034932406233 0
59.1472098947782711775 0
59.554567538335611232 0
59.9647307242539113759 0
60.3777187747872758905 0
60.7935511452658019493 0
61.2122474250113839389 0
61.6338273382614048046 0
62.0583107450971169783 0
62.4857176423795976916 0
62.9160681646920920684 0
63.3493825852878345017 0
63.7856813170454657325 0
64.2249849134310011323 0
64.6673140694653341143 0
65.1126896226995910411 0
65.5611325541970160202 0
66.0126639895207176778 0
66.4673051997291963744 0
66.9250776023787636859 0
67.3860027625317883349 0
67.8501023937729144109 0
68.3173983592323850189 0
68.7879126726151923776 0
69.2616674992385554788 0
69.7386851570763752761 0
70.2189881178099852832 0
70.7025990078869739364 0
71.1895406095876381869 0
71.6798358620973488087 0
72.1735078625876127489 0
72.6705798673044967018 0
73.1710752926633887228 0
73.6750177163530395319 0
74.1824308784454444776 0
74.6933386825145362309 0
75.207765196762721871 0
75.7257346551538716994 0
76.2472714585552893141 0
76.7724001758877250268 0
77.3011455452818978529 0
77.8335324752442829777 0
78.3695860458309851992 0
78.909331509828319895 0
79.4527942939429578928 0
80.0000000000000284217 0
