0.00000000000000000 0.00000060395531271
0.00000060603270582 0.00000060811485713
0.00000121623926342 0.00000061230304905
0.00000183064841884 0.00000061652008578
0.00000244928911611 0.00000062076616596
0.00000307219049857 0.00000062504148963
0.00000369938191031 0.00000062934625819
0.00000433089289749 0.00000063368067443
0.00000496675320978 0.00000063804494254
0.00000560699280172 0.00000064243926813
0.00000625164183417 0.00000064686385819
0.00000690073067572 0.00000065131892117
0.00000755428990408 0.00000065580466693
0.00000821235030760 0.00000066032130680
0.00000887494288662 0.00000066486905354
0.00000954209885504 0.00000066944812141
0.00001021384964169 0.00000067405872610
0.00001089022689190 0.00000067870108482
0.00001157126246890 0.00000068337541627
0.00001225698845539 0.00000068808194064
0.00001294743715505 0.00000069282087967
0.00001364264109400 0.00000069759245658
0.00001434263302241 0.00000070239689616
0.00001504744591597 0.00000070723442475
0.00001575711297752 0.00000071210527023
0.00001647166763854 0.00000071700966207
0.00001719114356077 0.00000072194783129
0.00001791557463778 0.00000072692001054
0.00001864499499659 0.00000073192643405
0.00001937943899923 0.00000073696733766
0.00002011894124442 0.00000074204295884
0.00002086353656913 0.00000074715353671
0.00002161326005029 0.00000075229931200
0.00002236814700639 0.00000075748052713
0.00002312823299918 0.00000076269742619
0.00002389355383531 0.00000076795025493
0.00002466414556806 0.00000077323926081
0.00002544004449901 0.00000077856469298
0.00002622128717973 0.00000078392680233
0.00002700791041356 0.00000078932584144
0.00002779995125730 0.00000079476206467
0.00002859744702296 0.00000080023572811
0.00002940043527952 0.00000080574708961
0.00003020895385472 0.00000081129640881
0.00003102304083682 0.00000081688394713
0.00003184273457640 0.00000082250996778
0.00003266807368816 0.00000082817473582
0.00003349909705276 0.00000083387851808
0.00003433584381862 0.00000083962158328
0.00003517835340380 0.00000084540420196
0.00003602666549782 0.00000085122664653
0.00003688082006357 0.00000085708919129
0.00003774085733916 0.00000086299211240
0.00003860681783982 0.00000086893568794
0.00003947874235983 0.00000087492019792
0.00004035667197442 0.00000088094592425
0.00004124064804171 0.00000088701315079
0.00004213071220466 0.00000089312216337
0.00004302690639304 0.00000089927324978
0.00004392927282539 0.00000090546669977
0.00004483785401101 0.00000091170280513
0.00004575269275200 0.00000091798185962
0.00004667383214520 0.00000092430415904
0.00004760131558430 0.00000093067000122
0.00004853518676184 0.00000093707968606
0.00004947548967128 0.00000094353351551
0.00005042226860905 0.00000095003179359
0.00005137556817669 0.00000095657482644
0.00005233543328290 0.00000096316292228
0.00005330190914567 0.00000096979639147
0.00005427504129443 0.00000097647554651
0.00005525487557217 0.00000098320070204
0.00005624145813759 0.00000098997217488
0.00005723483546734 0.00000099679028402
0.00005823505435811 0.00000100365535065
0.00005924216192892 0.00000101056769819
0.00006025620562330 0.00000101752765225
0.00006127723321152 0.00000102453554071
0.00006230529279288 0.00000103159169372
0.00006334043279791 0.00000103869644366
0.00006438270199072 0.00000104585012525
0.00006543214947126 0.00000105305307547
0.00006648882467762 0.00000106030563365
0.00006755277738841 0.00000106760814146
0.00006862405772505 0.00000107496094289
0.00006970271615417 0.00000108236438434
0.00007078880348996 0.00000108981881456
0.00007188237089658 0.00000109732458473
0.00007298346989057 0.00000110488204844
0.00007409215234328 0.00000111249156170
0.00007520847048328 0.00000112015348299
0.00007633247689889 0.00000112786817326
0.00007746422454057 0.00000113563599592
0.00007860376672349 0.00000114345731693
0.00007975115712999 0.00000115133250472
0.00008090644981215 0.00000115926193028
0.00008206969919430 0.00000116724596717
0.00008324096007561 0.00000117528499150
0.00008442028763265 0.00000118337938197
0.00008560773742201 0.00000119152951991
0.00008680336538291 0.00000119973578926
0.00008800722783983 0.00000120799857659
0.00008921938150515 0.00000121631827117
0.00009043988348186 0.00000122469526492
0.00009166879126623 0.00000123312995247
0.00009290616275050 0.00000124162273117
0.00009415205622562 0.00000125017400110
0.00009540653038403 0.00000125878416511
0.00009666964432236 0.00000126745362879
0.00009794145754428 0.00000127618280057
0.00009922202996325 0.00000128497209166
0.00010051142190536 0.00000129382191612
0.00010180969411221 0.00000130273269084
0.00010311690774369 0.00000131170483561
0.00010443312438095 0.00000132073877308
0.00010575840602925 0.00000132983492884
0.00010709281512086 0.00000133899373139
0.00010843641451808 0.00000134821561220
0.00010978926751612 0.00000135750100569
0.00011115143784613 0.00000136685034929
0.00011252298967817 0.00000137626408343
0.00011390398762428 0.00000138574265158
0.00011529449674147 0.00000139528650026
0.00011669458253481 0.00000140489607908
0.00011810431096053 0.00000141457184072
0.00011952374842909 0.00000142431424100
0.00012095296180836 0.00000143412373888
0.00012239201842671 0.00000144400079645
0.00012384098607623 0.00000145394587903
0.00012529993301590 0.00000146395945511
0.00012676892797482 0.00000147404199641
0.00012824804015542 0.00000148419397791
0.00012973733923676 0.00000149441587787
0.00013123689537777 0.00000150470817780
0.00013274677922061 0.00000151507136259
0.00013426706189393 0.00000152550592042
0.00013579781501627 0.00000153601234284
0.00013733911069942 0.00000154659112481
0.00013889102155182 0.00000155724276468
0.00014045362068197 0.00000156796776422
0.00014202698170187 0.00000157876662869
0.00014361117873053 0.00000158963986680
0.00014520628639740 0.00000160058799078
0.00014681237984592 0.00000161161151638
0.00014842953473709 0.00000162271096290
0.00015005782725295 0.00000163388685322
0.00015169733410024 0.00000164513971382
0.00015334813251402 0.00000165647007482
0.00015501030026123 0.00000166787846997
0.00015668391564445 0.00000167936543671
0.00015836905750551 0.00000169093151616
0.00016006580522926 0.00000170257725320
0.00016177423874727 0.00000171430319644
0.00016349443854163 0.00000172610989827
0.00016522648564871 0.00000173799791490
0.00016697046166299 0.00000174996780635
0.00016872644874093 0.00000176202013650
0.00017049452960478 0.00000177415547313
0.00017227478754653 0.00000178637438792
0.00017406730643183 0.00000179867745648
0.00017587217070391 0.00000181106525840
0.00017768946538756 0.00000182353837725
0.00017951927609319 0.00000183609740061
0.00018136168902080 0.00000184874292014
0.00018321679096405 0.00000186147553154
0.00018508466931440 0.00000187429583463
0.00018696541206516 0.00000188720443337
0.00018885910781567 0.00000190020193584
0.00019076584577548 0.00000191328895436
0.00019268571576853 0.00000192646610544
0.00019461880823741 0.00000193973400982
0.00019656521424759 0.00000195309329256
0.00019852502549171 0.00000196654458297
0.00020049833429394 0.00000198008851475
0.00020248523361429 0.00000199372572592
0.00020448581705300 0.00000200745685891
0.00020650017885496 0.00000202128256059
0.00020852841391413 0.00000203520348226
0.00021057061777803 0.00000204922027972
0.00021262688665221 0.00000206333361328
0.00021469731740485 0.00000207754414780
0.00021678200757123 0.00000209185255272
0.00021888105535840 0.00000210625950210
0.00022099455964977 0.00000212076567463
0.00022312262000977 0.00000213537175366
0.00022526533668857 0.00000215007842729
0.00022742281062675 0.00000216488638831
0.00022959514346012 0.00000217979633431
0.00023178243752444 0.00000219480896768
0.00023398479586029 0.00000220992499565
0.00023620232221791 0.00000222514513031
0.00023843512106208 0.00000224047008866
0.00024068329757706 0.00000225590059265
0.00024294695767150 0.00000227143736917
0.00024522620798350 0.00000228708115016
0.00024752115588558 0.00000230283267257
0.00024983190948974 0.00000231869267843
0.00025215857765257 0.00000233466191488
0.00025450126998040 0.00000235074113422
0.00025686009683441 0.00000236693109392
0.00025923516933586 0.00000238323255666
0.00026162659937133 0.00000239964629039
0.00026403449959799 0.00000241617306833
0.00026645898344887 0.00000243281366905
0.00026890016513825 0.00000244956887645
0.00027135815966704 0.00000246643947986
0.00027383308282816 0.00000248342627402
0.00027632505121202 0.00000250053005916
0.00027883418221200 0.00000251775164103
0.00028136059403001 0.00000253509183089
0.00028390440568202 0.00000255255144564
0.00028646573700369 0.00000257013130777
0.00028904470865600 0.00000258783224543
0.00029164144213096 0.00000260565509251
0.00029425605975730 0.00000262360068861
0.00029688868470626 0.00000264166987913
0.00029953944099738 0.00000265986351528
0.00030220845350433 0.00000267818245414
0.00030489584796083 0.00000269662755869
0.00030760175096652 0.00000271519969786
0.00031032628999299 0.00000273389974656
0.00031306959338972 0.00000275272858571
0.00031583179039017 0.00000277168710233
0.00031861301111784 0.00000279077618953
0.00032141338659243 0.00000280999674656
0.00032423304873599 0.00000282934967888
0.00032707213037912 0.00000284883589818
0.00032993076526727 0.00000286845632244
0.00033280908806701 0.00000288821187595
0.00033570723437240 0.00000290810348936
0.00033862534071132 0.00000292813209974
0.00034156354455197 0.00000294829865062
0.00034452198430932 0.00000296860409201
0.00034750079935162 0.00000298904938048
0.00035050013000696 0.00000300963547918
0.00035352011756991 0.00000303036335789
0.00035656090430816 0.00000305123399308
0.00035962263346922 0.00000307224836793
0.00036270544928716 0.00000309340747241
0.00036580949698943 0.00000311471230329
0.00036893492280368 0.00000313616386422
0.00037208187396465 0.00000315776316574
0.00037525049872113 0.00000317951122538
0.00037844094634289 0.00000320140906766
0.00038165336712778 0.00000322345772416
0.00038488791240876 0.00000324565823356
0.00038814473456106 0.00000326801164169
0.00039142398700932 0.00000329051900160
0.00039472582423487 0.00000331318137359
0.00039805040178297 0.00000333599982524
0.00040139787627014 0.00000335897543150
0.00040476840539154 0.00000338210927472
0.00040816214792842 0.00000340540244472
0.00041157926375558 0.00000342885603879
0.00041501991384890 0.00000345247116181
0.00041848426029293 0.00000347624892626
0.00042197246628852 0.00000350019045227
0.00042548469616053 0.00000352429686771
0.00042902111536552 0.00000354856930818
0.00043258189049963 0.00000357300891714
0.00043616718930631 0.00000359761684590
0.00043977718068435 0.00000362239425371
0.00044341203469574 0.00000364734230781
0.00044707192257372 0.00000367246218345
0.00045075701673086 0.00000369775506401
0.00045446749076714 0.00000372322214101
0.00045820351947816 0.00000374886461415
0.00046196527886340 0.00000377468369144
0.00046575294613442 0.00000380068058916
0.00046956669972332 0.00000382685653200
0.00047340671929107 0.00000385321275307
0.00047727318573598 0.00000387975049399
0.00048116628120228 0.00000390647100490
0.00048508618908861 0.00000393337554458
0.00048903309405675 0.00000396046538047
0.00049300718204025 0.00000398774178873
0.00049700864025323 0.00000401520605432
0.00050103765719918 0.00000404285947105
0.00050509442267985 0.00000407070334163
0.00050917912780418 0.00000409873897774
0.00051329196499732 0.00000412696770012
0.00051743312800967 0.00000415539083858
0.00052160281192606 0.00000418400973209
0.00052580121317485 0.00000421282572887
0.00053002852953727 0.00000424184018638
0.00053428496015669 0.00000427105447147
0.00053857070554804 0.00000430046996038
0.00054288596760719 0.00000433008803883
0.00054723094962053 0.00000435991010210
0.00055160585627451 0.00000438993755506
0.00055601089366530 0.00000442017181228
0.00056044626930847 0.00000445061429803
0.00056491219214880 0.00000448126644644
0.00056940887257012 0.00000451212970148
0.00057393652240518 0.00000454320551709
0.00057849535494568 0.00000457449535719
0.00058308558495229 0.00000460600069582
0.00058770742866478 0.00000463772301716
0.00059236110381219 0.00000466966381559
0.00059704682962311 0.00000470182459581
0.00060176482683598 0.00000473420687288
0.00060651531770952 0.00000476681217227
0.00061129852603317 0.00000479964202998
0.00061611467713765 0.00000483269799258
0.00062096399790559 0.00000486598161731
0.00062584671678217 0.00000489949447209
0.00063076306378593 0.00000493323813569
0.00063571327051958 0.00000496721419772
0.00064069757018092 0.00000500142425876
0.00064571619757383 0.00000503586993038
0.00065076938911931 0.00000507055283528
0.00065585738286665 0.00000510547460734
0.00066098041850462 0.00000514063689166
0.00066613873737275 0.00000517604134470
0.00067133258247275 0.00000521168963432
0.00067656219847990 0.00000524758343985
0.00068182783175460 0.00000528372445222
0.00068712973035400 0.00000532011437397
0.00069246814404364 0.00000535675491939
0.00069784332430924 0.00000539364781457
0.00070325552436855 0.00000543079479748
0.00070870499918329 0.00000546819761807
0.00071419200547112 0.00000550585803834
0.00071971680171777 0.00000554377783242
0.00072527964818920 0.00000558195878666
0.00073088080694388 0.00000562040269972
0.00073652054184512 0.00000565911138264
0.00074219911857348 0.00000569808665894
0.00074791680463933 0.00000573733036468
0.00075367386939543 0.00000577684434860
0.00075947058404960 0.00000581663047215
0.00076530722167754 0.00000585669060958
0.00077118405723566 0.00000589702664810
0.00077710136757402 0.00000593764048787
0.00078305943144943 0.00000597853404216
0.00078905852953852 0.00000601970923742
0.00079509894445100 0.00000606116801334
0.00080118096074297 0.00000610291232301
0.00080730486493030 0.00000614494413294
0.00081347094550215 0.00000618726542320
0.00081967949293455 0.00000622987818748
0.00082593079970410 0.00000627278443322
0.00083222516030174 0.00000631598618168
0.00083856287124660 0.00000635948546803
0.00084494423109999 0.00000640328434146
0.00085136954047950 0.00000644738486530
0.00085783910207307 0.00000649178911705
0.00086435322065335 0.00000653649918854
0.00087091220309199 0.00000658151718601
0.00087751635837411 0.00000662684523019
0.00088416599761289 0.00000667248545643
0.00089086143406418 0.00000671844001478
0.00089760298314128 0.00000676471107011
0.00090439096242980 0.00000681130080217
0.00091122569170262 0.00000685821140575
0.00091810749293494 0.00000690544509075
0.00092503669031947 0.00000695300408229
0.00093201361028169 0.00000700089062081
0.00093903858149521 0.00000704910696218
0.00094611193489729 0.00000709765537781
0.00095323400370442 0.00000714653815475
0.00096040512342800 0.00000719575759581
0.00096762563189013 0.00000724531601965
0.00097489586923960 0.00000729521576091
0.00098221617796781 0.00000734545917029
0.00098958690292501 0.00000739604861470
0.00099700839133644 0.00000744698647734
0.00100448099281878 0.00000749827515782
0.00101200505939656 0.00000754991707230
0.00101958094551878 0.00000760191465355
0.00102720900807557 0.00000765427035111
0.00103488960641504 0.00000770698663139
0.00104262310236019 0.00000776006597778
0.00105040986022595 0.00000781351089079
0.00105825024683636 0.00000786732388814
0.00106614463154184 0.00000792150750488
0.00107409338623658 0.00000797606429354
0.00108209688537607 0.00000803099682421
0.00109015550599474 0.00000808630768470
0.00109826962772375 0.00000814199948063
0.00110643963280880 0.00000819807483555
0.00111466590612820 0.00000825453639113
0.00112294883521100 0.00000831138680717
0.00113128881025522 0.00000836862876184
0.00113968622414621 0.00000842626495172
0.00114814147247525 0.00000848429809199
0.00115665495355806 0.00000854273091650
0.00116522706845369 0.00000860156617796
0.00117385822098330 0.00000866080664801
0.00118254881774927 0.00000872045511739
0.00119129926815430 0.00000878051439608
0.00120010998442074 0.00000884098731338
0.00120898138160997 0.00000890187671809
0.00121791387764197 0.00000896318547863
0.00122690789331501 0.00000902491648318
0.00123596385232548 0.00000908707263981
0.00124508218128781 0.00000914965687662
0.00125426330975463 0.00000921267214186
0.00126350767023696 0.00000927612140410
0.00127281569822460 0.00000934000765235
0.00128218783220664 0.00000940433389622
0.00129162451369212 0.00000946910316602
0.00130112618723083 0.00000953431851296
0.00131069330043425 0.00000959998300924
0.00132032630399665 0.00000966609974824
0.00133002565171628 0.00000973267184462
0.00133979180051682 0.00000979970243451
0.00134962521046882 0.00000986719467564
0.00135952634481143 0.00000993515174748
0.00136949566997423 0.00001000357685139
0.00137953365559914 0.00001007247321080
0.00138964077456262 0.00001014184407132
0.00139981750299789 0.00001021169270092
0.00141006432031739 0.00001028202239008
0.00142038170923537 0.00001035283645195
0.00143077015579059 0.00001042413822247
0.00144123014936926 0.00001049593106059
0.00145176218272806 0.00001056821834837
0.00146236675201740 0.00001064100349117
0.00147304435680474 0.00001071428991780
0.00148379550009815 0.00001078808108069
0.00149462068837002 0.00001086238045605
0.00150552043158087 0.00001093719154403
0.00151649524320343 0.00001101251786888
0.00152754564024681 0.00001108836297911
0.00153867214328084 0.00001116473044771
0.00154987527646060 0.00001124162387224
0.00156115556755113 0.00001131904687504
0.00157251354795226 0.00001139700310342
0.00158394975272368 0.00001147549622979
0.00159546472061013 0.00001155452995187
0.00160705899406676 0.00001163410799282
0.00161873311928472 0.00001171423410147
0.00163048764621685 0.00001179491205245
0.00164232312860364 0.00001187614564639
0.00165424012399926 0.00001195793871011
0.00166623919379787 0.00001204029509677
0.00167832090326005 0.00001212321868607
0.00169048582153940 0.00001220671338443
0.00170273452170940 0.00001229078312519
0.00171506758079040 0.00001237543186875
0.00172748557977676 0.00001246066360281
0.00173998910366426 0.00001254648234252
0.00175257874147765 0.00001263289213070
0.00176525508629839 0.00001271989703800
0.00177801873529259 0.00001280750116310
0.00179087028973917 0.00001289570863292
0.00180381035505814 0.00001298452360280
0.00181683954083913 0.00001307395025671
0.00182995846087016 0.00001316399280740
0.00184316773316647 0.00001325465549667
0.00185646797999970 0.00001334594259552
0.00186985982792719 0.00001343785840437
0.00188334390782146 0.00001353040725325
0.00189692085489999 0.00001362359350202
0.00191059130875509 0.00001371742154056
0.00192435591338407 0.00001381189578899
0.00193821531721954 0.00001390702069786
0.00195217017315999 0.00001400280074838
0.00196622113860054 0.00001409924045264
0.00198036887546389 0.00001419634435378
0.00199461405023152 0.00001429411702623
0.00200895733397509 0.00001439256307595
0.00202339940238804 0.00001449168714059
0.00203794093581742 0.00001459149388976
0.00205258261929597 0.00001469198802524
0.00206732514257435 0.00001479317428116
0.00208216920015365 0.00001489505742427
0.00209711549131812 0.00001499764225417
0.00211216472016810 0.00001510093360349
0.00212731759565318 0.00001520493633815
0.00214257483160563 0.00001530965535759
0.00215793714677397 0.00001541509559497
0.00217340526485689 0.00001552126201746
0.00218897991453733 0.00001562815962642
0.00220466182951677 0.00001573579345764
0.00222045174854982 0.00001584416858163
0.00223635041547903 0.00001595329010380
0.00225235857926994 0.00001606316316471
0.00226847699404630 0.00001617379294034
0.00228470641912567 0.00001628518464233
0.00230104761905517 0.00001639734351817
0.00231750136364746 0.00001651027485155
0.00233406842801705 0.00001662398396250
0.00235074959261680 0.00001673847620771
0.00236754564327467 0.00001685375698076
0.00238445737123077 0.00001696983171239
0.00240148557317460 0.00001708670587071
0.00241863105128260 0.00001720438496152
0.00243589461325595 0.00001732287452854
0.00245327707235861 0.00001744218015363
0.00247077924745560 0.00001756230745715
0.00248840196305164 0.00001768326209814
0.00250614604932993 0.00001780504977459
0.00252401234219130 0.00001792767622379
0.00254200168329356 0.00001805114722249
0.00256011492009119 0.00001817546858726
0.00257835290587520 0.00001830064617472
0.00259671649981338 0.00001842668588181
0.00261520656699076 0.00001855359364611
0.00263382397845036 0.00001868137544607
0.00265256961123421 0.00001881003730133
0.00267144434842469 0.00001893958527298
0.00269044907918612 0.00001907002546387
0.00270958469880665 0.00001920136401884
0.00272885210874043 0.00001933360712510
0.00274825221665007 0.00001946676101245
0.00276778593644944 0.00001960083195359
0.00278745418834666 0.00001973582626442
0.00280725789888750 0.00001987175030436
0.00282719800099900 0.00002000861047662
0.00284727543403344 0.00002014641322848
0.00286749114381257 0.00002028516505167
0.00288784608267220 0.00002042487248260
0.00290834120950700 0.00002056554210271
0.00292897748981576 0.00002070718053876
0.00294975589574679 0.00002084979446315
0.00297067740614377 0.00002099339059423
0.00299174300659185 0.00002113797569665
0.00301295368946406 0.00002128355658160
0.00303431045396808 0.00002143014010722
0.00305581430619332 0.00002157773317887
0.00307746625915828 0.00002172634274946
0.00309926733285830 0.00002187597581981
0.00312121855431360 0.00002202663943891
0.00314332095761769 0.00002217834070436
0.00316557558398603 0.00002233108676258
0.00318798348180513 0.00002248488480926
0.00321054570668190 0.00002263974208962
0.00323326332149341 0.00002279566589878
0.00325613739643695 0.00002295266358211
0.00327916900908044 0.00002311074253557
0.00330235924441319 0.00002326991020605
0.00332570919489702 0.00002343017409173
0.00334921996051774 0.00002359154174244
0.00337289264883693 0.00002375402075999
0.00339672837504414 0.00002391761879857
0.00342072826200945 0.00002408234356506
0.00344489344033629 0.00002424820281943
0.00346922504841481 0.00002441520437510
0.00349372423247539 0.00002458335609929
0.00351839214664275 0.00002475266591341
0.00354322995299023 0.00002492314179342
0.00356823882159458 0.00002509479177023
0.00359341993059108 0.00002526762393004
0.00361877446622901 0.00002544164641475
0.00364430362292757 0.00002561686742233
0.00367000860333214 0.00002579329520721
0.00369589061837089 0.00002597093808069
0.00372195088731191 0.00002614980441127
0.00374819063782055 0.00002632990262513
0.00377461110601734 0.00002651124120646
0.00380121353653618 0.00002669382869787
0.00382799918258295 0.00002687767370084
0.00385496930599461 0.00002706278487606
0.00388212517729859 0.00002724917094387
0.00390946807577267 0.00002743684068468
0.00393699928950523 0.00002762580293937
0.00396472011545594 0.00002781606660970
0.00399263185951686 0.00002800764065876
0.00402073583657394 0.00002820053411133
0.00404903337056898 0.00002839475605439
0.00407752579456202 0.00002859031563747
0.00410621445079408 0.00002878722207314
0.00413510069075045 0.00002898548463739
0.00416418587522431 0.00002918511267013
0.00419347137438088 0.00002938611557556
0.00422295856782194 0.00002958850282268
0.00425264884465081 0.00002979228394568
0.00428254360353781 0.00002999746854442
0.00431264425278616 0.00003020406628490
0.00434295221039828 0.00003041208689964
0.00437346890414265 0.00003062154018825
0.00440419577162101 0.00003083243601779
0.00443513426033611 0.00003104478432328
0.00446628582775994 0.00003125859510819
0.00449765194140230 0.00003147387844485
0.00452923407888002 0.00003169064447499
0.00456103372798652 0.00003190890341017
0.00459305238676189 0.00003212866553229
0.00462529156356352 0.00003234994119405
0.00465775277713708 0.00003257274081947
0.00469043755668813 0.00003279707490433
0.00472334744195411 0.00003302295401674
0.00475648398327694 0.00003325038879756
0.00478984874167595 0.00003347938996095
0.00482344328892152 0.00003370996829486
0.00485726920760908 0.00003394213466152
0.00489132809123367 0.00003417589999800
0.00492562154426498 0.00003441127531668
0.00496015118222299 0.00003464827170578
0.00499491863175403 0.00003488690032990
0.00502992553070742 0.00003512717243051
0.00506517352821265 0.00003536909932653
0.00510066428475703 0.00003561269241481
0.00513639947226393 0.00003585796317071
0.00517238077417156 0.00003610492314862
0.00520860988551227 0.00003635358398249
0.00524508851299234 0.00003660395738643
0.00528181837507249 0.00003685605515518
0.00531880120204874 0.00003710988916476
0.00535603873613397 0.00003736547137295
0.00539353273153997 0.00003762281381989
0.00543128495456009 0.00003788192862866
0.00546929718365248 0.00003814282800581
0.00550757120952378 0.00003840552424198
0.00554610883521359 0.00003867002971244
0.00558491187617932 0.00003893635687771
0.00562398216038176 0.00003920451828410
0.00566332152837118 0.00003947452656436
0.00570293183337404 0.00003974639443822
0.00574281494138029 0.00004002013471303
0.00578297273123128 0.00004029576028433
0.00582340709470825 0.00004057328413649
0.00586411993662146 0.00004085271934328
0.00590511317489996 0.00004113407906855
0.00594638874068188 0.00004141737656679
0.00598794857840543 0.00004170262518376
0.00602979464590051 0.00004198983835716
0.00607192891448094 0.00004227902961724
0.00611435336903731 0.00004257021258741
0.00615707000813049 0.00004286340098492
0.00620008084408578 0.00004315860862150
0.00624338790308773 0.00004345584940400
0.00628699322527555 0.00004375513733504
0.00633089886483926 0.00004405648651369
0.00637510689011644 0.00004435991113612
0.00641961938368965 0.00004466542549626
0.00646443844248456 0.00004497304398651
0.00650956617786875 0.00004528278109836
0.00655500471575113 0.00004559465142313
0.00660075619668212 0.00004590866965262
0.00664682277595447 0.00004622485057983
0.00669320662370483 0.00004654320909963
0.00673990992501593 0.00004686376020947
0.00678693488001954 0.00004718651901009
0.00683428370400013 0.00004751150070626
0.00688195862749922 0.00004783872060743
0.00692996189642044 0.00004816819412850
0.00697829577213536 0.00004849993679054
0.00702696253158998 0.00004883396422153
0.00707596446741206 0.00004917029215705
0.00712530388801904 0.00004950893644109
0.00717498311772688 0.00004984991302672
0.00722500449685944 0.00005019323797692
0.00727537038185885 0.00005053892746527
0.00732608314539645 0.00005088699777676
0.00737714517648455 0.00005123746530853
0.00742855888058902 0.00005159034657065
0.00748032667974261 0.00005194565818689
0.00753245101265898 0.00005230341689552
0.00758493433484768 0.00005266363955010
0.00763777911872974 0.00005302634312023
0.00769098785375419 0.00005339154469242
0.00774456304651533 0.00005375926147084
0.00779850722087083 0.00005412951077814
0.00785282291806056 0.00005450231005629
0.00790751269682637 0.00005487767686737
0.00796257913353260 0.00005525562889443
0.00801802482228748 0.00005563618394231
0.00807385237506527 0.00005601935993844
0.00813006442182937 0.00005640517493376
0.00818666361065620 0.00005679364710350
0.00824365260785992 0.00005718479474809
0.00830103409811806 0.00005757863629398
0.00835881078459801 0.00005797519029453
0.00841698538908430 0.00005837447543089
0.00847556065210689 0.00005877651051287
0.00853453933307024 0.00005918131447980
0.00859392421038329 0.00005958890640149
0.00865371808159037 0.00005999930547905
0.00871392376350298 0.00006041253104585
0.00877454409233250 0.00006082860256841
0.00883558192382376 0.00006124753964732
0.00889704013338961 0.00006166936201816
0.00895892161624638 0.00006209408955243
0.00902122928755021 0.00006252174225850
0.00908396608253449 0.00006295234028253
0.00914713495664801 0.00006338590390942
0.00921073888569427 0.00006382245356381
0.00927478086597164 0.00006426200981097
0.00933926391441452 0.00006470459335783
0.00940419106873544 0.00006515022505392
0.00946956538756820 0.00006559892589237
0.00953538995061192 0.00006605071701090
0.00960166785877617 0.00006650561969280
0.00966840223432696 0.00006696365536794
0.00973559622103396 0.00006742484561379
0.00980325298431847 0.00006788921215641
0.00987137571140260 0.00006835677687152
0.00993996761145943 0.00006882756178548
0.01000903191576417 0.00006930158907635
0.01007857187784633 0.00006977888107494
0.01014859077364310 0.00007025946026586
0.01021909190165358 0.00007074334928857
0.01029007858309422 0.00007123057093845
0.01036155416205525 0.00007172114816788
0.01043352200565821 0.00007221510408732
0.01050598550421464 0.00007271246196637
0.01057894807138568 0.00007321324523494
0.01065241314434297 0.00007371747748427
0.01072638418393055 0.00007422518246807
0.01080086467482788 0.00007473638410368
0.01087585812571401 0.00007525110647314
0.01095136806943289 0.00007576937382434
0.01102739806315972 0.00007629121057220
0.01110395168856863 0.00007681664129975
0.01118103255200134 0.00007734569075936
0.01125864428463708 0.00007787838387387
0.01133679054266361 0.00007841474573774
0.01141547500744952 0.00007895480161829
0.01149470138571760 0.00007949857695686
0.01157447340971946 0.00008004609736998
0.01165479483741141 0.00008059738865063
0.01173566945263146 0.00008115247676944
0.01181710106527750 0.00008171138787587
0.01189909351148690 0.00008227414829950
0.01198165065381718 0.00008284078455125
0.01206477638142790 0.00008341132332461
0.01214847461026398 0.00008398579149692
0.01223274928324013 0.00008456421613063
0.01231760437042657 0.00008514662447457
0.01240304386923608 0.00008573304396524
0.01248907180461233 0.00008632350222810
0.01257569222921947 0.00008691802707888
0.01266290922363301 0.00008751664652486
0.01275072689653214 0.00008811938876622
0.01283914938489322 0.00008872628219738
0.01292818085418463 0.00008933735540828
0.01301782549856311 0.00008995263718580
0.01310808754107126 0.00009057215651506
0.01319897123383649 0.00009119594258081
0.01329048085827137 0.00009182402476879
0.01338262072527526 0.00009245643266715
0.01347539517543749 0.00009309319606780
0.01356880857924170 0.00009373434496783
0.01366286533727186 0.00009437990957093
0.01375756988041951 0.00009502992028882
0.01385292667009247 0.00009568440774265
0.01394894019842510 0.00009634340276447
0.01404561498848984 0.00009700693639868
0.01414295559451028 0.00009767503990350
0.01424096660207578 0.00009834774475240
0.01433965262835744 0.00009902508263564
0.01443901832232557 0.00009970708546172
0.01453906836496878 0.00010039378535891
0.01463980746951446 0.00010108521467675
0.01474124038165079 0.00010178140598758
0.01484337187975032 0.00010248239208805
0.01494620677509509 0.00010318820600072
0.01504974991210328 0.00010389888097556
0.01515400616855738 0.00010461445049155
0.01525898045583403 0.00010533494825823
0.01536467771913538 0.00010606040821732
0.01547110293772201 0.00010679086454428
0.01557826112514755 0.00010752635164998
0.01568615732949484 0.00010826690418224
0.01579479663361371 0.00010901255702754
0.01590418415536049 0.00010976334531261
0.01601432504783903 0.00011051930440612
0.01612522449964356 0.00011128046992030
0.01623688773510297 0.00011204687771269
0.01634932001452705 0.00011281856388774
0.01646252663445428 0.00011359556479860
0.01657651292790123 0.00011437791704877
0.01669128426461396 0.00011516565749384
0.01680684605132086 0.00011595882324324
0.01692320373198737 0.00011675745166198
0.01704036278807250 0.00011756158037241
0.01715832873878701 0.00011837124725598
0.01727710714135337 0.00011918649045504
0.01739670359126766 0.00012000734837465
0.01751712372256306 0.00012083385968434
0.01763837320807536 0.00012166606332001
0.01776045775971008 0.00012250399848566
0.01788338312871166 0.00012334770465535
0.01800715510593438 0.00012419722157497
0.01813177952211507 0.00012505258926416
0.01825726224814788 0.00012591384801817
0.01838360919536085 0.00012678103840979
0.01851082631579428 0.00012765420129123
0.01863891960248128 0.00012853337779606
0.01876789508972999 0.00012941860934114
0.01889775885340782 0.00013030993762857
0.01902851701122779 0.00013120740464767
0.01916017572303663 0.00013211105267694
0.01929274119110504 0.00013302092428608
0.01942621966041975 0.00013393706233794
0.01956061741897786 0.00013485950999059
0.01969594079808299 0.00013578831069936
0.01983219617264347 0.00013672350821883
0.01996938996147281 0.00013766514660493
0.02010752862759195 0.00013861327021704
0.02024661867853376 0.00013956792372001
0.02038666666664964 0.00014052915208634
0.02052767918941817 0.00014149700059824
0.02066966288975585 0.00014247151484980
0.02081262445633016 0.00014345274074911
0.02095657062387454 0.00014444072452046
0.02110150817350574 0.00014543551270646
0.02124744393304316 0.00014643715217031
0.02139438477733065 0.00014744569009792
0.02154233762856028 0.00014846117400022
0.02169130945659838 0.00014948365171533
0.02184130727931404 0.00015051317141084
0.02199233816290960 0.00015154978158609
0.02214440922225352 0.00015259353107443
0.02229752762121561 0.00015364446904554
0.02245170057300452 0.00015470264500775
0.02260693534050743 0.00015576810881035
0.02276323923663236 0.00015684091064595
0.02292061962465255 0.00015792110105285
0.02307908391855340 0.00015900873091742
0.02323863958338165 0.00016010385147649
0.02339929413559715 0.00016120651431975
0.02356105514342692 0.00016231677139223
0.02372393022722160 0.00016343467499668
0.02388792705981457 0.00016456027779610
0.02405305336688331 0.00016569363281617
0.02421931692731334 0.00016683479344777
0.02438672557356476 0.00016798381344949
0.02455528719204117 0.00016914074695016
0.02472500972346112 0.00017030564845143
0.02489590116323235 0.00017147857283029
0.02506796956182830 0.00017265957534167
0.02524122302516745 0.00017384871162108
0.02541566971499507 0.00017504603768717
0.02559131784926784 0.00017625160994441
0.02576817570254092 0.00017746548518576
0.02594625160635771 0.00017868772059528
0.02612555394964243 0.00017991837375091
0.02630609117909530 0.00018115750262712
0.02648787179959031 0.00018240516559764
0.02667090437457610 0.00018366142143827
0.02685519752647922 0.00018492632932957
0.02704075993711031 0.00018619994885972
0.02722760034807320 0.00018748234002728
0.02741572756117663 0.00018877356324402
0.02760515043884895 0.00019007367933780
0.02779587790455549 0.00019138274955538
0.02798791894321911 0.00019270083556537
0.02818128260164339 0.00019402799946108
0.02837597798893873 0.00019536430376348
0.02857201427695161 0.00019670981142413
0.02876940070069660 0.00019806458582813
0.02896814655879134 0.00019942869079716
0.02916826121389472 0.00020080219059241
0.02936975409314790 0.00020218514991769
0.02957263468861828 0.00020357763392241
0.02977691255774686 0.00020497970820467
0.02998259732379836 0.00020639143881437
0.03018969867631460 0.00020781289225631
0.03039822637157088 0.00020924413549330
0.03060819023303571 0.00021068523594936
0.03081960015183355 0.00021213626151285
0.03103246608721064 0.00021359728053970
0.03124679806700435 0.00021506836185662
0.03146260618811551 0.00021654957476433
0.03167990061698394 0.00021804098904084
0.03189869159006760 0.00021954267494475
0.03211898941432467 0.00022105470321853
0.03234080446769906 0.00022257714509185
0.03256414719960946 0.00022411007228498
0.03278902813144147 0.00022565355701211
0.03301545785704333 0.00022720767198482
0.03324344704322482 0.00022877249041543
0.03347300643026002 0.00023034808602051
0.03370414683239309 0.00023193453302431
0.03393687913834766 0.00023353190616229
0.03417121431184000 0.00023514028068462
0.03440716339209538 0.00023675973235974
0.03464473749436801 0.00023839033747789
0.03488394781046485 0.00024003217285478
0.03512480560927281 0.00024168531583513
0.03536732223728946 0.00024334984429635
0.03561150911915772 0.00024502583665222
0.03585737775820400 0.00024671337185656
0.03610493973698011 0.00024841252940695
0.03635420671780883 0.00025012338934849
0.03660519044333343 0.00025184603227758
0.03685790273707081 0.00025358053934568
0.03711235550396835 0.00025532699226317
0.03736856073096499 0.00025708547330316
0.03762653048755576 0.00025885606530541
0.03788627692636030 0.00026063885168022
0.03814781228369551 0.00026243391641232
0.03841114888015196 0.00026424134406488
0.03867629912117412 0.00026606121978347
0.03894327549764499 0.00026789362930006
0.03921209058647443 0.00026973865893709
0.03948275705119166 0.00027159639561150
0.03975528764254173 0.00027346692683885
0.04002969519908633 0.00027535034073743
0.04030599264780860 0.00027724672603242
0.04058419300472190 0.00027915617206006
0.04086430937548322 0.00028107876877189
0.04114635495601049 0.00028301460673891
0.04143034303310408 0.00028496377715595
0.04171628698507298 0.00028692637184589
0.04200420028236487 0.00028890248326401
0.04229409648820062 0.00029089220450234
0.04258598925921348 0.00029289562929407
0.04287989234609223 0.00029491285201794
0.04317581959422907 0.00029694396770268
0.04347378494437166 0.00029898907203152
0.04377380243328013 0.00030104826134664
0.04407588619438821 0.00030312163265380
0.04438005045846889 0.00030520928362681
0.04468630955430507 0.00030731131261219
0.04499467790936444 0.00030942781863379
0.04530517005047906 0.00031155890139747
0.04561780060452988 0.00031370466129576
0.04593258429913571 0.00031586519941261
0.04624953596334689 0.00031804061752817
0.04656867052834411 0.00032023101812355
0.04689000302814165 0.00032243650438568
0.04721354860029565 0.00032465718021215
0.04753932248661712 0.00032689315021610
0.04786734003389014 0.00032914451973118
0.04819761669459478 0.00033141139481648
0.04853016802763484 0.00033369388226152
0.04886500969907115 0.00033599208959133
0.04920215748285936 0.00033830612507147
0.04954162726159295 0.00034063609771313
0.04988343502725170 0.00034298211727830
0.05022759688195493 0.00034534429428491
0.05057412903871987 0.00034772274001204
0.05092304782222574 0.00035011756650518
0.05127436966958262 0.00035252888658149
0.05162811113110581 0.00035495681383512
0.05198428887109539 0.00035740146264256
0.05234291966862144 0.00035986294816805
0.05270402041831444 0.00036234138636896
0.05306760813116093 0.00036483689400130
0.05343369993530521 0.00036734958862518
0.05380231307685603 0.00036987958861038
0.05417346492069896 0.00037242701314190
0.05454717295131468 0.00037499198222561
0.05492345477360246 0.00037757461669385
0.05530232811370946 0.00038017503821119
0.05568381081986596 0.00038279336928010
0.05606792086322609 0.00038542973324674
0.05645467633871443 0.00038808425430680
0.05684409546587828 0.00039075705751130
0.05723619658974628 0.00039344826877254
0.05763099818169241 0.00039615801486997
0.05802851884030608 0.00039888642345621
0.05842877729226850 0.00040163362306304
0.05883179239323479 0.00040439974310746
0.05923758312872209 0.00040718491389778
0.05964616861500417 0.00040998926663978
0.06005756810001192 0.00041281293344287
0.06047180096423987 0.00041565604732632
0.06088888672165952 0.00041851874222552
0.06130884502063842 0.00042140115299832
0.06173169564486587 0.00042430341543133
0.06215745851428463 0.00042722566624635
0.06258615368602982 0.00043016804310684
0.06301780135537340 0.00043313068462432
0.06345242185667553 0.00043611373036500
0.06389003566434281 0.00043911732085627
0.06433066339379256 0.00044214159759339
0.06477432580242388 0.00044518670304608
0.06522104379059587 0.00044825278066530
0.06567083840261197 0.00045133997489000
0.06612373082771117 0.00045444843115387
0.06657974240106661 0.00045757829589223
0.06703889460479043 0.00046072971654896
0.06750120906894577 0.00046390284158338
0.06796670757256559 0.00046709782047727
0.06843541204467901 0.00047031480374195
0.06890734456534416 0.00047355394292530
0.06938252736668807 0.00047681539061897
0.06986098283395459 0.00048009930046551
0.07034273350655847 0.00048340582716564
0.07082780207914721 0.00048673512648553
0.07131621140267042 0.00049008735526415
0.07180798448545608 0.00049346267142063
0.07230314449429440 0.00049686123396173
0.07280171475552941 0.00050028320298931
0.07330371875615763 0.00050372873970787
0.07380918014493468 0.00050719800643218
0.07431812273348896 0.00051069116659486
0.07483057049744396 0.00051420838475417
0.07534654757754738 0.00051774982660166
0.07586607828080817 0.00052131565897006
0.07638918708164215 0.00052490604984109
0.07691589862302453 0.00052852116835340
0.07744623771765087 0.00053216118481052
0.07798022934910616 0.00053582627068888
0.07851789867304167 0.00053951659864592
0.07905927101835979 0.00054323234252819
0.07960437188840763 0.00054697367737955
0.08015322696217819 0.00055074077944941
0.08070586209552016 0.00055453382620106
0.08126230332235576 0.00055835299631999
0.08182257685590748 0.00056219846972235
0.08238670908993284 0.00056607042756337
0.08295472659996748 0.00056996905224597
0.08352665614457758 0.00057389452742927
0.08410252466662016 0.00057784703803732
0.08468235929451211 0.00058182677026773
0.08526618734350867 0.00058583391160052
0.08585403631698994 0.00058986865080691
0.08644593390775629 0.00059393117795821
0.08704190799933344 0.00059802168443480
0.08764198666728568 0.00060214036293511
0.08824619818053861 0.00060628740748473
0.08885457100271059 0.00061046301344553
0.08946713379345408 0.00061466737752488
0.09008391540980545 0.00061890069778491
0.09070494490754430 0.00062316317365182
0.09133025154256254 0.00062745500592530
0.09195986477224254 0.00063177639678801
0.09259381425684444 0.00063612754981503
0.09323212986090400 0.00064050866998353
0.09387484165463919 0.00064491996368238
0.09452197991536644 0.00064936163872188
0.09517357512892761 0.00065383390434358
0.09582965799112571 0.00065833697123009
0.09649025940917109 0.00066287105151503
0.09715541050313714 0.00066743635879303
0.09782514260742688 0.00067203310812978
0.09849948727224871 0.00067666151607215
0.09917847626510250 0.00068132180065843
0.09986214157227666 0.00068601418142856
0.10055051540035467 0.00069073887943450
0.10124363017773205 0.00069549611725062
0.10194151855614454 0.00070028611898421
0.10264421341220598 0.00070510911028602
0.10335174784895693 0.00070996531836090
0.10406415519742446 0.00071485497197850
0.10478146901819221 0.00071977830148403
0.10550372310298135 0.00072473553880915
0.10623095147624222 0.00072972691748286
0.10696318839675767 0.00073475267264251
0.10770046835925672 0.00073981304104490
0.10844282609603929 0.00074490826107740
0.10919029657861286 0.00075003857276919
0.10994291501933974 0.00075520421780259
0.11070071687309559 0.00076040543952441
0.11146373783894017 0.00076564248295746
0.11223201386179885 0.00077091559481202
0.11300558113415557 0.00077622502349755
0.11378447609775848 0.00078157101913431
0.11456873544533624 0.00078695383356522
0.11535839612232673 0.00079237372036766
0.11615349532861717 0.00079783093486545
0.11695407052029710 0.00080332573414085
0.11776015941142259 0.00080885837704673
0.11857179997579269 0.00081442912421869
0.11938903044873875 0.00082003823808739
0.12021188932892556 0.00082568598289088
0.12104041538016444 0.00083137262468708
0.12187464763324013 0.00083709843136628
0.12271462538774915 0.00084286367266379
0.12356038821395075 0.00084866862017262
0.12441197595463170 0.00085451354735632
0.12526942872698282 0.00086039872956178
0.12613278692448912 0.00086632444403230
0.12700209121883205 0.00087229096992057
0.12787738256180636 0.00087829858830187
0.12875870218724889 0.00088434758218728
0.12964609161298060 0.00089043823653704
0.13053959264276330 0.00089657083827396
0.13143924736826845 0.00090274567629692
0.13234509817105980 0.00090896304149451
0.13325718772459053 0.00091522322675872
0.13417555899621331 0.00092152652699874
0.13510025524920402 0.00092787323915484
0.13603132004480051 0.00093426366221237
0.13696879724425431 0.00094069809721586
0.13791273101089702 0.00094717684728317
0.13886316581222044 0.00095370021761978
0.13982014642197194 0.00096026851553320
0.14078371792226346 0.00096688205044738
0.14175392570569484 0.00097354113391737
0.14273081547749294 0.00098024607964391
0.14371443325766448 0.00098699720348828
0.14470482538316343 0.00099379482348715
0.14570203851007471 0.00100063925986755
0.14670611961581190 0.00100753083506198
0.14771711600132961 0.00101446987372358
0.14873507529335270 0.00102145670274143
0.14976004544661942 0.00102849165125597
0.15079207474614068 0.00103557505067447
0.15183121180947412 0.00104270723468666
0.15287750558901539 0.00104988853928045
0.15393100537430371 0.00105711930275777
0.15499176079434338 0.00106439986575047
0.15605982181994271 0.00107173057123641
0.15713523876606758 0.00107911176455559
0.15821806229421123 0.00108654379342642
0.15930834341478184 0.00109402700796213
0.16040613348950503 0.00110156176068720
0.16151148423384307 0.00110914840655405
0.16262444771943196 0.00111678730295970
0.16374507637653393 0.00112447880976260
0.16487342299650756 0.00113222328929966
0.16600954073429422 0.00114002110640322
0.16715348311092296 0.00114787262841831
0.16830530401603144 0.00115577822521992
0.16946505771040399 0.00116373826923042
0.17063279882852889 0.00117175313543715
0.17180858238117150 0.00117982320141001
0.17299246375796537 0.00118794884731933
0.17418449873002248 0.00119613045595372
0.17538474345256003 0.00120436841273810
0.17659325446754551 0.00121266310575192
0.17781008870636109 0.00122101492574738
0.17903530349248506 0.00122942426616784
0.18026895654419256 0.00123789152316640
0.18151110597727393 0.00124641709562453
0.18276181030777353 0.00125500138517085
0.18402112845474572 0.00126364479620007
0.18528911974303014 0.00127234773589206
0.18656584390604733 0.00128111061423097
0.18785136108861214 0.00128993384402461
0.18914573184976669 0.00129881784092386
0.19044901716563412 0.00130776302344226
0.19176127843229071 0.00131676981297572
0.19308257746865756 0.00132583863382238
0.19441297651941386 0.00133496991320260
0.19575253825792849 0.00134416408127907
0.19710132578921277 0.00135342157117709
0.19845940265289264 0.00136274281900496
0.19982683282620289 0.00137212826387455
0.20120368072700057 0.00138157834792197
0.20259001121679915 0.00139109351632837
0.20398588960382499 0.00140067421734097
0.20539138164609347 0.00141032090229412
0.20680655355450628 0.00142003402563062
0.20823147199597156 0.00142981404492306
0.20966620409654391 0.00143966142089544
0.21111081744458601 0.00144957661744482
0.21256538009395401 0.00145956010166323
0.21402996056720233 0.00146961234385961
0.21550462785881241 0.00147973381758203
0.21698945143844184 0.00148992499963994
0.21848450125419838 0.00150018637012668
0.21998984773593447 0.00151051841244206
0.22150556179856454 0.00152092161331516
0.22303171484540685 0.00153139646282724
0.22456837877154651 0.00154194345443483
0.22611562596722207 0.00155256308499300
0.22767352932123661 0.00156325585477873
0.22924216222439106 0.00157402226751448
0.23082159857294077 0.00158486283039197
0.23241191277207801 0.00159577805409601
0.23401317973943619 0.00160676845282859
0.23562547490861963 0.00161783454433311
0.23724887423275626 0.00162897684991873
0.23888345418807699 0.00164019589448498
0.24052929177751764 0.00165149220654647
0.24218646453434586 0.00166286631825774
0.24385505052581510 0.00167431876543843
0.24553512835684130 0.00168585008759841
0.24722677717370542 0.00169746082796328
0.24893007666778313 0.00170915153349991
0.25064510707929838 0.00172092275494224
0.25237194920110279 0.00173277504681719
0.25411068438248285 0.00174470896747082
0.25586139453299134 0.00175672507909461
0.25762416212630668 0.00176882394775196
0.25939907020411690 0.00178100614340481
0.26118620238003326 0.00179327223994058
0.26298564284352799 0.00180562281519910
0.26479747636390111 0.00181805845099993
0.26662178829427297 0.00183057973316968
0.26845866457560524 0.00184318725156967
0.27030819174075138 0.00185588160012370
0.27217045691852998 0.00186866337684601
0.27404554783783092 0.00188153318386948
0.27593355283174942 0.00189449162747399
0.27783456084174468 0.00190753931811495
0.27974866142183086 0.00192067687045210
0.28167594474279772 0.00193390490337844
0.28361650159645529 0.00194722404004940
0.28557042339991229 0.00196063490791218
0.28753780219988456 0.00197413813873533
0.28951873067702744 0.00198773436863848
0.29151330215030596 0.00200142423812235
0.29352161058138737 0.00201520839209888
0.29554375057906923 0.00202908747992162
0.29757981740373779 0.00204306215541637
0.29962990697185221 0.00205713307691190
0.30169411586046524 0.00207130090727102
0.30377254131177361 0.00208556631392180
0.30586528123769657 0.00209992996888899
0.30797243422448944 0.00211439254882568
0.31009409953738992 0.00212895473504522
0.31223037712529061 0.00214361721355325
0.31438136762544966 0.00215838067508006
0.31654717236823277 0.00217324581511312
0.31872789338188390 0.00218821333392985
0.32092363339733304 0.00220328393663059
0.32313449585303744 0.00221845833317183
0.32536058489985120 0.00223373723839966
0.32760200540593343 0.00224912137208342
0.32985886296168992 0.00226461145894965
0.33213126388474412 0.00228020822871619
0.33441931522494717 0.00229591241612657
0.33672312476942301 0.00231172476098465
0.33904280104764212 0.00232764600818942
0.34137845333653621 0.00234367690777012
0.34373019166564794 0.00235981821492159
0.34609812682230995 0.00237607069003981
0.34848237035686874 0.00239243509875775
0.35088303458793546 0.00240891221198141
0.35330023260767901 0.00242550280592616
0.35573407828715525 0.00244220766215332
0.35818468628166800 0.00245902756760692
0.36065217203617167 0.00247596331465084
0.36313665179071219 0.00249301570110610
0.36563824258589855 0.00251018553028843
0.36815706226841882 0.00252747361104616
0.37069322949659317 0.00254488075779829
0.37324686374596050 0.00256240779057286
0.37581808531490823 0.00258005553504558
0.37840701533034138 0.00259782482257875
0.38101377575338496 0.00261571649026040
0.38363848938513134 0.00263373138094369
0.38628127987242716 0.00265187034328673
0.38894227171369411 0.00267013423179242
0.39162159026479615 0.00268852390684878
0.39431936174494664 0.00270704023476952
0.39703571324265036 0.00272568408783473
0.39977077272169265 0.00274445634433209
0.40252466902716960 0.00276335788859820
0.40529753189155343 0.00278238961106021
0.40808949194080635 0.00280155240827781
0.41090068070053642 0.00282084718298546
0.41373123060218814 0.00284027484413490
0.41658127498928715 0.00285983630693798
0.41945094812371697 0.00287953249290976
0.42234038519204559 0.00289936432991195
0.42524972231189667 0.00291933275219659
0.42817909653835690 0.00293943870045010
0.43112864587043542 0.00295968312183752
0.43409850925756621 0.00298006697004724
0.43708882660614989 0.00300059120533582
0.44009973878614655 0.00302125679457328
0.44313138763771442 0.00304206471128868
0.44618391597788670 0.00306301593571589
0.44925746760730267 0.00308411145483984
0.45235218731698318 0.00310535226244301
0.45546822089514793 0.00312673935915221
0.45860571513408505 0.00314827375248576
0.46176481783706874 0.00316995645690090
0.46494567782531782 0.00319178849384166
0.46814844494500796 0.00321377089178687
0.47137327007433427 0.00323590468629874
0.47462030513061321 0.00325819092007152
0.47788970307744211 0.00328063064298069
0.48118161793190767 0.00330322491213243
0.48449620477183586 0.00332597479191337
0.48783361974310091 0.00334888135404073
0.49119402006698276 0.00337194567761289
0.49457756404756831 0.00339516884916011
0.49798441107921515 0.00341855196269582
0.50141472165405510 0.00344209611976807
0.50486865736955655 0.00346580242951146
0.50834638093614049 0.00348967200869944
0.51184805618483975 0.00351370598179683
0.51537384807502007 0.00353790548101282
0.51892392270215304 0.00356227164635437
0.52249844730563633 0.00358680562567983
0.52609759027667324 0.00361150857475304
0.52972152116621019 0.00363638165729782
0.53337041069291669 0.00366142604505273
0.53704443075123121 0.00368664291782629
0.54074375441946221 0.00371203346355260
0.54446855596793509 0.00373759887834723
0.54821901086720481 0.00376334036656361
0.55199529579632578 0.00378925914084980
0.55579758865116813 0.00381535642220551
0.55962606855280195 0.00384163344003974
0.56348091585593751 0.00386809143222862
0.56736231215741650 0.00389473164517375
0.57127044030476937 0.00392155533386090
0.57520548440483177 0.00394856376191917
0.57916762983241210 0.00397575820168047
0.58315706323902683 0.00400313993423948
0.58717397256169712 0.00403071024951402
0.59121854703179433 0.00405847044630576
0.59529097718396295 0.00408642183236150
0.59939145486508971 0.00411456572443465
0.60352017324334362 0.00414290344834737
0.60767732681727959 0.00417143633905297
0.61186311142499428 0.00420016574069884
0.61607772425335505 0.00422909300668969
0.62032136384729264 0.00425821949975143
0.62459423011914772 0.00428754659199524
0.62889652435809140 0.00431707566498229
0.63322844923961197 0.00434680810978883
0.63759020883505479 0.00437674532707163
0.64198200862124022 0.00440688872713407
0.64640405549014601 0.00443723972999252
0.65085655775864737 0.00446779976544326
0.65533972517833383 0.00449857027312978
0.65985376894539371 0.00452955270261071
0.66439890171055649 0.00456074851342798
0.66897533758911365 0.00459215917517567
0.67358329217100954 0.00462378616756921
0.67822298253098967 0.00465563098051506
0.68289462723883121 0.00468769511418094
0.68759844636964218 0.00471998007906650
0.69233466151422274 0.00475248739607442
0.69710349578950681 0.00478521859658213
0.70190517384907669 0.00481817522251393
0.70673992189373802 0.00485135882641357
0.71160796768218526 0.00488477097151750
0.71650954054172245 0.00491841323182840
0.72144487137907043 0.00495228719218939
0.72641419269124807 0.00498639444835871
0.73141773857651804 0.00502073660708481
0.73645574474541731 0.00505531528618213
0.74152844853186650 0.00509013211460726
0.74663608890434163 0.00512518873253572
0.75177890647713608 0.00516048679143916
0.75695714352169929 0.00519602795416324
0.76217104397804170 0.00523181389500590
0.76742085346623079 0.00526784629979626
0.77270681929796636 0.00530412686597407
0.77802919048822172 0.00534065730266959
0.78338821776697964 0.00537743933078418
0.78878415359104803 0.00541447468307136
0.79421725215594319 0.00545176510421839
0.79968776940787090 0.00548931235092850
0.80519596305578611 0.00552711819200367
0.81074209258352603 0.00556518440842789
0.81632641926203720 0.00560351279345108
0.82194920616168921 0.00564210515267365
0.82761071816465814 0.00568096330413141
0.83331122197740892 0.00572008907838135
0.83905098614326490 0.00575948431858780
0.84483028105504709 0.00579915088060929
0.85064937896782500 0.00583909063308596
0.85650855401173109 0.00587930545752761
0.86240808220487908 0.00591979724840229
0.86834824146637202 0.00596056791322563
0.87432931162938499 0.00600161937265060
0.88035157445435230 0.00604295356055806
0.88641531364224579 0.00608457242414786
0.89252081484793000 0.00612647792403051
0.89866836569362407 0.00616867203431961
0.90485825578245527 0.00621115674272482
0.91109077671209349 0.00625393405064549
0.91736622208849117 0.00629700597326495
0.92368488753972133 0.00634037453964547
0.93004707072989290 0.00638404179282379
0.93645307137317935 0.00642800978990740
0.94290319124794220 0.00647228060217149
0.94939773421093754 0.00651685631515641
0.95593700621163524 0.00656173902876603
0.96252131530663754 0.00660693085736661
0.96915097167417996 0.00665243392988643
0.97582628762874912 0.00669825038991603
0.98254757763580092 0.00674438239580927
0.98931515832656336 0.00679083212078493
0.99612934851295887 0.00683760175302913
1.00299046920262747 0.00688469349579844
1.00989884361403748 0.00693210956752358
1.01685479719172500 0.00697985220191404
1.02385865762161421 0.00702792364806323
1.03091075484645822 0.00707632617055443
1.03801142108138866 0.00712506204956754
1.04516099082955427 0.00717413358098643
1.05235980089788472 0.00722354307650709
1.05960819041296261 0.00727329286374663
1.06690650083698868 0.00732338528635280
1.07425507598387227 0.00737382270411446
1.08165426203543413 0.00742460749307278
1.08910440755770344 0.00747574204563311
1.09660586351734346 0.00752722877067769
1.10415898329819151 0.00757907009367920
1.11176412271789449 0.00763126845681493
1.11942164004467637 0.00768382631908185
1.12713189601422270 0.00773674615641253
1.13489525384666146 0.00779003046179165
1.14271207926368090 0.00784368174537352
1.15058274050576292 0.00789770253460036
1.15850760834951960 0.00795209537432127
1.16648705612516523 0.00800686282691216
1.17452145973411026 0.00806200747239653
1.18261119766665646 0.00811753190856688
1.19075665101983330 0.00817343875110717
1.19895820351535809 0.00822973063371606
1.20721624151769702 0.00828641020823089
1.21553115405228396 0.00834348014475273
1.22390333282383090 0.00840094313177204
1.23233317223478811 0.00845880187629538
1.24082106940393033 0.00851705910397299
1.24936742418505098 0.00857571755922707
1.25797263918580571 0.00863478000538115
1.26663711978668481 0.00869424922479025
1.27536127416009770 0.00875412801897195
1.28414551328960691 0.00881441920873835
1.29299025098929765 0.00887512563432900
1.30189590392325605 0.00893625015554464
1.31086289162520631 0.00899779565188194
1.31989163651828068 0.00905976502266922
1.32898256393490533 0.00912216118720292
1.33813610213684386 0.00918498708488518
1.34735268233538008 0.00924824567536234
1.35663273871161705 0.00931193993866433
1.36597670843693786 0.00937607287534501
1.37538503169360782 0.00944064750662365
1.38485815169549564 0.00950566687452712
1.39439651470896098 0.00957113404203326
1.40400057007388401 0.00963705209321522
1.41367077022481880 0.00970342413338662
1.42340757071231394 0.00977025328924794
1.43321143022438102 0.00983754270903382
1.44308281060808552 0.00990529556266127
1.45302217689132229 0.00997351504187914
1.46302999730470673 0.01004220436041834
1.47310674330363889 0.01011136675414331
1.48325288959052193 0.01018100548120449
1.49346891413710736 0.01025112382219172
1.50375529820702170 0.01032172508028883
1.51411252637844407 0.01039281258142929
1.52454108656692022 0.01046438967445281
1.53504147004835301 0.01053645973126310
1.54561417148215696 0.01060902614698687
1.55625968893454147 0.01068209234013353
1.56697852390198511 0.01075566175275639
1.57777118133486671 0.01082973785061484
1.58863816966123794 0.01090432412333748
1.59958000081078100 0.01097942408458658
1.61059719023893511 0.01105504127222366
1.62169025695116265 0.01113117924847608
1.63285972352740405 0.01120784160010485
1.64410611614670854 0.01128503193857367
1.65542996461200076 0.01136275390021896
1.66683180237505080 0.01144101114642124
1.67831216656161164 0.01151980736377762
1.68987159799670472 0.01159914626427540
1.70151064123010665 0.01167903158546696
1.71322984456201199 0.01175946709064592
1.72502976006884090 0.01184045656902426
1.73691094362927045 0.01192200383591102
1.74887395495040243 0.01200411273289186
1.76091935759413643 0.01208678712801008
1.77304771900373059 0.01217003091594896
1.78525961053051230 0.01225384801821504
1.79755560746080478 0.01233824238332298
1.80993628904303661 0.01242321798698159
1.82240223851501071 0.01250877883228101
1.83495404313138932 0.01259492894988136
1.84759229419136894 0.01268167239820266
1.86031758706651473 0.01276901326361592
1.87313052122882051 0.01285695566063569
1.88603170027895439 0.01294550373211394
1.89902173197467894 0.01303466164943514
1.91210122825948781 0.01312443361271277
1.92527080529144534 0.01321482385098732
1.93853108347219338 0.01330583662242530
1.95188268747618587 0.01339747621451999
1.96532624628012798 0.01348974694429343
1.97886239319258661 0.01358265315849964
1.99249176588383281 0.01367619923382953
2.00621500641589323 0.01377038957711708
2.02003276127277731 0.01386522862554681
2.03394568139093934 0.01396072084686293
2.04795442218995793 0.01405687073957982
2.06205964360338356 0.01415368283319383
2.07626201010985856 0.01425116168839680
2.09056219076439209 0.01434931189729080
2.10496085922989185 0.01444813808360449
2.11945869380890795 0.01454764490291100
2.13405637747556742 0.01464783704284714
2.14875459790775691 0.01474871922333429
2.16355404751953095 0.01485029619680080
2.17845542349370769 0.01495257274840575
2.19345942781472392 0.01505555369626443
2.20856676730171486 0.01515924389167540
2.22377815364179110 0.01526364821934888
2.23909430342357307 0.01536877159763691
2.25451593817096496 0.01547461897876518
2.27004378437711551 0.01558119534906610
2.28567857353866044 0.01568850572921384
2.30142104219018861 0.01579655517446088
2.31727193193891834 0.01590534877487601
2.33323198949964450 0.01601489165558424
2.34930196672992908 0.01612518897700823
2.36548262066549286 0.01623624593511132
2.38177471355589265 0.01634806776164232
2.39817901290044277 0.01646065972438210
2.41469629148434395 0.01657402712739154
2.43132732741510260 0.01668817531126152
2.44807290415919843 0.01680310965336456
2.46493381057896288 0.01691883556810799
2.48191084096977521 0.01703535850718917
2.49900479509745121 0.01715268395985217
2.51621647823593220 0.01727081745314644
2.53354670120523284 0.01738976455218727
2.55099628040961113 0.01750953086041773
2.56856603787604332 0.01763012201987281
2.58625680129295965 0.01775154371144523
2.60406940404921050 0.01787380165515293
2.62200468527333941 0.01799690161040859
2.64006348987312522 0.01812084937629104
2.65824666857535963 0.01824565079181830
2.67655507796593595 0.01837131173622268
2.69498958053021731 0.01849783812922791
2.71355104469363706 0.01862523593132775
2.73224034486262513 0.01875351114406692
2.75105836146581328 0.01888266981032392
2.77000598099548245 0.01901271801459549
2.78908409604933905 0.01914366188328334
2.80829360537257955 0.01927550758498289
2.82763541390019668 0.01940826133077362
2.84711043279962883 0.01954192937451179
2.86671957951369549 0.01967651801312514
2.88646377780378760 0.01981203358690936
2.90634395779340204 0.01994848247982684
2.92636105601196883 0.02008587111980750
2.94651601543894071 0.02022420597905141
2.96680978554825137 0.02036349357433394
2.98724332235300905 0.02050374046731249
3.00781758845055025 0.02064495326483573
3.02853355306780125 0.02078713861925496
3.04939219210690604 0.02093030322873727
3.07039448819121263 0.02107445383758114
3.09154143071158360 0.02121959723653434
3.11283401587297037 0.02136574026311358
3.13427324674135965 0.02151288980192672
3.15586013329104409 0.02166105278499721
3.17759569245216467 0.02181023619209044
3.19948094815863815 0.02196044705104263
3.22151693139640605 0.02211169243809205
3.24370468025197134 0.02226397947821214
3.26604523996131801 0.02241731534544722
3.28853966295916722 0.02257170726325065
3.31118900892852341 0.02272716250482483
3.33399434485060953 0.02288368839346393
3.35695674505515118 0.02304129230289909
3.38007729127094736 0.02319998165764541
3.40335707267685450 0.02335976393335198
3.42679718595310590 0.02352064665715406
3.45039873533294417 0.02368263740802747
3.47416283265465609 0.02384574381714573
3.49809059741397022 0.02400997356823973
3.52218315681675032 0.02417533439795934
3.54644164583214483 0.02434183409623825
3.57086720724601214 0.02450948050666065
3.59546099171477529 0.02467828152683083
3.62022415781964479 0.02484824510874539
3.64515787212116038 0.02501937925916756
3.67026330921416610 0.02519169204000453
3.69554165178316163 0.02536519156868737
3.72099409065798081 0.02553988601855317
3.74662182486990636 0.02571578361923019
3.77242606170817796 0.02589289265702572
3.79840801677682238 0.02607122147531611
3.82456891405194277 0.02625077847494000
3.85090998593939648 0.02643157211459418
3.87743247333281227 0.02661361091123183
3.90413762567206657 0.02679690344046383
3.93102670100216622 0.02698145833696293
3.95810096603246819 0.02716728429487020
3.98536169619637626 0.02735439006820477
4.01281017571144627 0.02754278447127637
4.04044769763983957 0.02773247637910023
4.06827556394925782 0.02792347472781534
4.09629508557430455 0.02811578851510561
4.12450758247818960 0.02830942680062334
4.15291438371494248 0.02850439870641628
4.18151682749203335 0.02870071341735739
4.21031626123337333 0.02889838018157728
4.23931404164284142 0.02909740831090020
4.26851153476814815 0.02929780718128241
4.29791011606521067 0.02949958623325398
4.32751117046297207 0.02970275497236371
4.35731609242859541 0.02990732296962659
4.38732628603318098 0.03011329986197486
4.41754316501793021 0.03032069535271208
4.44796815286070313 0.03052951921197003
4.47860268284309537 0.03073978127716905
4.50944819811798503 0.03095149145348167
4.54050615177746941 0.03116465971429886
4.57177800692133918 0.03137929610170007
4.60326523672603471 0.03159541072692647
4.63496932451398713 0.03181301377085689
4.66689176382352855 0.03203211548448764
4.69903405847926958 0.03225272618941558
4.73139772266289604 0.03247485627832401
4.76398428098452786 0.03269851621547248
4.79679526855455585 0.03292371653718980
4.82983223105592252 0.03315046785237018
4.86309672481695010 0.03337878084297306
4.89659031688469248 0.03360866626452661
4.93031458509869847 0.03384013494663397
4.96427111816537092 0.03407319779348363
4.99846151573283315 0.03430786578436328
5.03288738846622596 0.03454414997417662
5.06755035812365673 0.03478206149396463
5.10245205763253029 0.03502161155142951
5.13759413116650521 0.03526281143146281
5.17297823422297665 0.03550567249667729
5.20860603370100783 0.03575020618794179
5.24447920797988143 0.03599642402492039
5.28059944699819717 0.03624433760661525
5.31696845233342508 0.03649395861191269
5.35358793728209381 0.03674529880013354
5.39045962694052694 0.03699837001158727
5.42758525828605887 0.03725318416812944
5.46496658025888138 0.03750975327372345
5.50260535384447369 0.03776808941500630
5.54050335215649259 0.03802820476185753
5.57866236052033670 0.03829011156797273
5.61708417655727565 0.03855382217144102
5.65577061026908012 0.03881934899532584
5.69472348412331364 0.03908670454825046
5.73394463313921854 0.03935590142498736
5.77343590497410020 0.03962695230705119
5.81319916001040049 0.03989986996329639
5.85323627144336545 0.04017466725051892
5.89354912536922804 0.04045135711406148
5.93413962087409441 0.04072995258842359
5.97500967012343231 0.04101046679787583
6.01616119845208175 0.04129291295707759
6.05759614445503924 0.04157730437170022
6.09931646007870754 0.04186365443905329
6.14132411071287976 0.04215197664871595
6.18362107528336136 0.04244228458317263
6.22620934634512757 0.04273459191845244
6.26909093017622254 0.04302891242477369
6.31226784687230946 0.04332525996719277
6.35574213044176251 0.04362364850625686
6.39951582890152437 0.04392409209866187
6.44359100437361665 0.04422660489791481
6.48796973318221504 0.04453120115500008
6.53265410595150353 0.04483789521905113
6.57764622770418317 0.04514670153802654
6.62294821796058031 0.04545763465939028
6.66856221083852052 0.04577070923079718
6.71449035515390236 0.04608594000078325
6.76073481452185465 0.04640334181945998
6.80729776745870030 0.04672292963921414
6.85418140748460925 0.04704471851541238
6.90138794322687321 0.04736872360711004
6.94891959852397711 0.04769496017776549
6.99677861253040323 0.04802344359595941
7.04496723982204198 0.04835418933611830
7.09348775050243230 0.04868721297924369
7.14234243030975069 0.04902253021364644
7.19153358072439097 0.04936015683568513
7.24106351907749612 0.04970010875051098
7.29093457866002304 0.05004240197281642
7.34114910883271410 0.05038705262758988
7.39170947513679444 0.05073407695087558
7.44261805940534860 0.05108349129053796
7.49387725987554987 0.05143531210703196
7.54548949130168989 0.05178955597417886
7.59745718506884682 0.05214623957994637
7.64978278930746658 0.05250537972723516
7.70246876900873456 0.05286699333467061
7.75551760614061170 0.05323109743739934
7.80893179976480489 0.05359770918789196
7.86271386615452528 0.05396684585675136
7.91686633891295788 0.05433852483352581
7.97139176909264169 0.05471276362752837
8.02629272531570415 0.05508957986866205
8.08157179389476887 0.05546899130824978
8.13723157895484306 0.05585101581987086
8.19327470255603352 0.05623567140020336
8.24970380481698484 0.05662297616987125
8.30652154403929366 0.05701294837429838
8.36373059683278619 0.05740560638456828
8.42133365824150992 0.05780096869828897
8.47933344187075200 0.05819905394046472
8.53773268001491026 0.05859988086437373
8.59653412378610682 0.05900346835245081
8.65574054324390119 0.05940983541717780
8.71535472752569795 0.05981900120197849
8.77537948497815989 0.06023098498212068
8.83581764328957142 0.06064580616562462
8.89667204962294100 0.06106348429417659
8.95794557075018716 0.06148403904404989
9.01964109318722329 0.06190749022703197
9.08176152332984898 0.06233385779135717
9.14430978759071600 0.06276316182264681
9.20728883253723041 0.06319542254485562
9.27070162503026651 0.06363066032122387
9.33455115236398569 0.06406889565523702
9.39884042240660378 0.06451014919159184
9.46357246374199690 0.06495444171716842
9.52875032581242287 0.06540179416200964
9.59437707906221782 0.06585222760030753
9.66045581508235429 0.06630576325139539
9.72698964675612210 0.06676242248074775
9.79398170840582871 0.06722222680098716
9.86143515594034170 0.06768519787289695
9.92935316700382486 0.06815135750644204
9.99773894112547623 0.06862072766179669
10.06659569987014713 0.06909333045037831
10.13592668699016741 0.06956918813588943
10.20573516857819385 0.07004832313536692
10.27602443322096626 0.07053075802023719
10.34679779215434792 0.07101651551738036
10.41805857941921332 0.07150561851020026
10.48981015201854206 0.07199809003970256
10.56205589007563006 0.07249395330558070
10.63479919699321208 0.07299323166730809
10.70804349961384183 0.07349594864523880
10.78179224838138772 0.07400212792171605
10.85604891750345935 0.07451179334218706
10.93081700511513965 0.07502496891632675
11.00610003344382370 0.07554167881916918
11.08190154897503987 0.07606194739224571
11.15822512261957122 0.07658579914473197
11.23507434988173870 0.07711325875460293
11.31245285102866305 0.07764435106979459
11.39036427126086970 0.07817910110937504
11.46881228088406779 0.07871753406472337
11.54780057548193817 0.07925967530071568
11.62733287609027499 0.07980555035692023
11.70741292937236366 0.08035518494880127
11.78804450779532864 0.08090860496892935
11.86923140980793434 0.08146583648820166
11.95097746001958150 0.08202690575707058
12.03328650938034805 0.08259183920677947
12.11616243536247062 0.08316066345060819
12.19960914214307124 0.08373340528512732
12.28363056078792503 0.08431009169145942
12.36823064943682482 0.08489074983655132
12.45341339348988541 0.08547540707445284
12.53918280579536493 0.08606409094760584
12.62554292683876156 0.08665682918814223
12.71249782493303115 0.08725364971918939
12.80005159641030055 0.08785458065618615
12.88820836581490603 0.08845965030820759
12.97697228609757403 0.08906888717929791
13.06634753881110811 0.08968231996981350
13.15633833430746158 0.09029997757777557
13.24694891193594515 0.09092188910023051
13.33818354024298891 0.09154808383462110
13.43004651717330766 0.09217859128016705
13.52254217027224570 0.09281344113925395
13.61567485688968482 0.09345266331883273
13.70944896438540361 0.09409628793182918
13.80386891033561803 0.09474434529856153
13.89893914274114195 0.09539686594816921
13.99466414023702043 0.09605388062005167
14.09104841230335481 0.09671542026531538
14.18809649947781004 0.09738151604823238
14.28581297356959823 0.09805219934770899
14.38420243787468600 0.09872750175876292
14.48326952739274454 0.09940745509401228
14.58301890904555620 0.10009209138517459
14.68345528189669658 0.10078144288457470
14.78458337737311012 0.10147554206666552
14.88640795948781026 0.10217442162955648
14.98893382506439842 0.10287811449655465
15.09216580396309659 0.10358665381771603
15.19610875930813876 0.10430007297140634
15.30076758771692269 0.10501840556587375
15.40614721953078536 0.10574168544083284
15.51225261904708930 0.10646994666905762
15.61908878475316698 0.10720322355798709
15.72666074956188353 0.10794155065134213
15.83497358104856190 0.10868496273075164
15.94403238168977666 0.10943349481739145
16.05384228910383726 0.11018718217363503
16.16440847629262834 0.11094606030471324
16.27573615188538625 0.11171016496038755
16.38783056038416674 0.11247953213663486
16.50069698241071947 0.11325419807734190
16.61434073495536978 0.11403419927601342
16.72876717162753124 0.11481957247749172
16.84398168290777775 0.11561035467968658
16.95998969640185550 0.11640658313531888
17.07679667709644278 0.11720829535367583
17.19440812761645176 0.11801552910237716
17.31282958848430553 0.11882832240915457
17.43206663838105897 0.11964671356364398
17.55212489440898693 0.12047074111918783
17.67301001235643199 0.12130044389465286
17.79472768696403406 0.12213586097625741
17.91728365219310604 0.12297703171941343
18.04068368149582469 0.12382399575058098
18.16493358808703462 0.12467679296913368
18.29003922521819092 0.12553546354923908
18.41600648645320959 0.12640004794175180
18.54284130594588476 0.12727058687611784
18.67054965871956540 0.12814712136229384
18.79913756094870436 0.12902969269267980
18.92861107024209844 0.12991834244406300
19.05897628592832760 0.13081311247957711
19.19023934934321218 0.13171404495067515
19.32240644411890074 0.13262118229911379
19.45548379647529202 0.13353456725895343
19.58947767551343233 0.13445424285857194
19.72439439351064294 0.13538025242269036
19.86024030621799952 0.13631263957441464
19.99702181315981875 0.13725144823729121
20.13474535793495690 0.13819672263737487
20.27341742852043538 0.13914850730531286
20.41304455757720504 0.14010684707844343
20.55363332275766908 0.14107178710290652
20.69519034701566085 0.14204337283577140
20.83772229891854622 0.14302165004717873
20.98123589296111646 0.14400666482249497
21.12573788988219903 0.14499846356448556
21.27123509698287762 0.14599709299549896
21.41773436844730227 0.14700260015966851
21.56524260566567719 0.14801503242512939
21.71376675755915642 0.14903443748624853
21.86331382090732234 0.15006086336587221
22.01389084067788815 0.15109435841758906
22.16550491035836856 0.15213497132800646
22.31816317229034397 0.15318275111904486
22.47187281800605874 0.15423774715024796
22.62664108856695222 0.15530000912110631
22.78247527490490754 0.15636958707339940
22.93938271816583452 0.15744653139355394
23.09737081005526349 0.15853089281501584
23.25644699318666753 0.15962272242064099
23.41661876143221122 0.16072207164510258
23.57789366027551736 0.16182899227731229
23.74027928716727942 0.16294353646286122
23.90378329188323292 0.16406575670647675
24.06841337688434734 0.16519570587449470
24.23417729767975004 0.16633343719735039
24.40108286319222586 0.16747900427208712
24.56913793612584485 0.16863246106487961
24.73835043333644990 0.16979386191357668
24.90872832620479116 0.17096326153026237
25.08027964101170326 0.17214071500383096
25.25301245931659011 0.17332627780258480
25.42693491833779973 0.17452000577684493
25.60205521133612194 0.17572195516158329
25.77838158800087243 0.17693218257907267
25.95592235483826826 0.17815074504155229
26.13468587556286593 0.17937769995391445
26.31468057149170292 0.18061310511640985
26.49591492194075215 0.18185701872736859
26.67839746462448147 0.18310949938594254
26.86213679605822335 0.18437060609486713
27.04714157196285029 0.18564039826323883
27.23342050767267608 0.18691893570931475
27.42098237854617082 0.18820627866333170
27.60983602037906337 0.18950248777034148
27.79999032982073714 0.19080762409306884
27.99145426479347520 0.19212174911478905
28.18423684491418513 0.19344492474222238
28.37834715191940305 0.19477721330845116
28.57379433009332814 0.19611867757585760
28.77058758669825522 0.19746938073907822
28.96873619240848896 0.19882938642798179
29.16824948174722820 0.20019875871066820
29.36913685352597270 0.20157756209648417
29.57140777128746478 0.20296586153906346
29.77507176375166154 0.20436372243938780
29.98013842526423645 0.20577121064886536
30.18661741624899619 0.20718839247243567
30.39451846366259957 0.20861533467169088
30.60385136145291085 0.21005210446802153
30.81462597102058965 0.21149876954578478
31.02685222168328139 0.21295539805549038
31.24054011114357010 0.21442205861701250
31.45569970596010023 0.21589882032282326
31.67234114202147310 0.21738575274124550
31.89047462502390218 0.21888292591973096
32.11011043095216166 0.22039041038816157
32.33125890656335599 0.22190827716216960
32.55393046987445160 0.22343659774648397
32.77813561065330106 0.22497544413830048
33.00388489091239563 0.22652488883067060
33.23118894540665735 0.22808500481591812
33.46005848213456346 0.22965586558907877
33.69050428284223386 0.23123754515135986
33.92253720353155444 0.23283011801362802
34.15616817497173940 0.23443365919992015
34.39140820321391345 0.23604824425097548
34.62826837010977243 0.23767394922779522
34.86675983383382516 0.23931085071522720
35.10689382940867631 0.24095902582557108
35.34868166923443766 0.24261855220221193
35.59213474362190510 0.24428950802327995
35.83726452132862050 0.24597197200532947
36.08408255009970134 0.24766602340705127
36.33260045721140585 0.24937174203300311
36.58282995001901128 0.25108920823737024
36.83478281650860708 0.25281850292775282
37.08847092585194360 0.25455970756897384
37.34390622896582812 0.25631290418691882
37.60110075907528682 0.25807817537240102
37.86006663228003788 0.25985560428504945
38.12081604812546942 0.26164527465722792
38.38336129017754672 0.26344727079798075
38.64771472660106610 0.26526167759700181
38.91388881074252026 0.26708858052863516
39.18189608171694260 0.26892806565590249
39.45174916499820483 0.27078021963455517
39.72346077301400413 0.27264512971715760
39.99704370574492174 0.27452288375719908
40.27251085132701292 0.27641357021322960
40.54987518665913626 0.27831727815302848
40.82914977801451073 0.28023409725780163
41.11034778165581827 0.28216411782640338
41.39348244445520209 0.28410743077959200
41.67856710451849267 0.28606412766431399
41.96561519181314992 0.28803430065801405
42.25464022880114356 0.29001804257297892
42.54565583107618920 0.29201544686071107
42.83867570800463653 0.29402660761632743
43.13371366337192114 0.29605161958299636
43.43078359603229188 0.29809057815639722
43.72989950056381758 0.30014357938921593
44.03107546792784888 0.30221071999567123
44.33432568613240932 0.30429209735606794
44.63966444090076635 0.30638780952138578
44.94710611634466346 0.30849795521790002
45.25666519564148160 0.31062263385182937
45.56835626171672260 0.31276194551402020
45.88219399793127451 0.31491599098466350
46.19819318877259207 0.31708487173803901
46.51636872055146199 0.31926868994729751
46.83673558210352894 0.32146754848927561
47.15930886549484313 0.32368155094933854
47.48410376673314204 0.32591080162626190
47.81113558648395667 0.32815540553714689
48.14041973079085324 0.33041546842236358
48.47197171180150121 0.33269109675053427
48.80580714849863710 0.33498239772355076
49.14194176743541220 0.33728947928162117
49.48039140347642473 0.33961245010835639
49.82117200054399575 0.34195141963589176
50.16429961236871549 0.34430649805003888
50.50979040324599367 0.34667779629547807
50.85766064879778270 0.34906542608098645
51.20792673673872031 0.35146949988469672
51.56060516764880930 0.35389013095939992
51.91571255575011179 0.35632743333787698
52.27326562968973178 0.35878152183827228
52.63328123332806285 0.36125251206950409
52.99577632653188175 0.36374052043670790
53.36076798597342474 0.36624566414672100
53.72827340593521939 0.36876806121360650
54.09830989911951349 0.37130783046420879
54.47089489746409896 0.37386509154375319
54.84604595296382712 0.37643996492148429
55.22378073849689883 0.37903257189633732
55.60411704865762061 0.38164303460265381
55.98707280059507951 0.38427147601593797
56.37266603485656447 0.38691801995864544
56.76091491623769514 0.38958279110601834
57.15183773463848382 0.39226591499196067
57.54545290592436402 0.39496751801494828
57.94177897279396205 0.39768772744398490
58.34083460565301493 0.40042667142460009
58.74263860349324062 0.40318447898488152
59.14720989477827118 0.40596128004155579
59.55456753833561123 0.40875720540611027
59.96473072425391138 0.41157238679095154
60.37771877478727589 0.41440695681561246
60.79355114526580195 0.41726104901300132
61.21224742501138394 0.42013479783568780
61.63382733826140480 0.42302833866224282
62.05831074509711698 0.42594180780361018
62.48571764237959769 0.42887534250953108
62.91606816469209207 0.43182908097501149
63.34938258528783450 0.43480316234682770
63.78568131704546573 0.43779772673008421
64.22498491343100113 0.44081291519481580
64.66731406946533411 0.44384886978262816
65.11268962269959104 0.44690573351339269
65.56113255419701602 0.44998365039198518
66.01266398952071768 0.45308276541506570
66.46730519972919637 0.45620322457791107
66.92507760237876369 0.45934517488129556
67.38600276253178833 0.46250876433841043
67.85010239377291441 0.46569414198183934
68.31739835923238502 0.46890145787058168
68.78791267261519238 0.47213086309711633
69.26166749923855548 0.47538250979452240
69.73868515707637528 0.47865655114364808
70.21898811780998528 0.48195314138032219
70.70259900788697394 0.48527243580262180
71.18954060958763819 0.48861459077819192
71.67983586209734881 0.49197976375160529
72.17350786258761275 0.49536811325178298
72.67057986730449670 0.49877979889946428
73.17107529266338872 0.50221498141472110
73.67501771635303953 0.50567382262453531
74.18243087844544448 0.50915648547041670
74.69333868251453623 0.51266313401608099
75.20776519676272187 0.51619393345518216
75.72573465515387170 0.51974905011908856
76.24727145855528931 0.52332865148472107
76.77240017588772503 0.52693290618244604
77.30114554528189785 0.53056198400401333
77.83353247524428298 0.53421605591055799
78.36958604583098520 0.53789529404065672
78.90933150982831989 0.54159987171843127
79.45279429394295789 0.54532996346171680
80.00000000000002842 0.54908574499028551
