0 2120028778044.99194336
2.34773831044275953662e-05 5061690148.93444156647
4.74904773060668843098e-05 1314146874.01927947998
7.20515065558754031882e-05 610720343.377953767776
9.71729737330946278075e-05 359689476.05412453413
0.000122867667009884446632 240952727.852526813745
0.000149148666361188737611 175012191.522004753351
0.000176029350223142605752 134376771.740145295858
0.000203523402303413018192 107436726.819102659822
0.000231644818546938055341 88580430.7200628370047
0.000260407914260613602194 74817134.8496301323175
0.00028982733140055059887 64430184.4089721664786
0.000319918046025614616519 56375016.0551242530346
0.000350695375921042655932 49985293.4476804211736
0.000382174988396014926346 44819032.7716247811913
0.000414372908259155964348 40573275.1772655621171
0.000447305525976018274279 37034452.7652250081301
0.000480989606012709495445 34048323.5282140597701
0.000515442295369901134008 31501112.2168125472963
0.000550681132311572093911 29307317.7927284762263
0.000586724055292923291072 27401617.8104660324752
0.000623589412092012012646 25733364.9948827475309
0.000661295969149753833441 24262766.8430499061942
0.000699862921123046424418 22958182.6091383844614
0.000739309900655877086893 21794178.6433521620929
0.000779656988373390391969 20750106.9985852055252
0.000820924723104001917602 19809052.1959216892719
0.000863134112334761494784 18957040.4628785289824
0.000906306642905289178667 18182439.0255739688873
0.000950464291945728265848 17475494.786862179637
0.000995629538064279591761 16827976.4467175677419
0.00104182537279001925269 16232894.2494230624288
0.00108907531227681584653 15684278.6145165469497
0.00113740340927431446416 15177003.9000015072525
0.0011868342653720727331 14706646.8970586359501
0.00123739304352308838834 14269372.5911523606628
0.00128910548085308892564 13861841.1236330233514
0.00134199790176210828271 13481131.7112871725112
0.00139609723132501492224 13124679.9493989869952
0.0014514310089978174536 12790225.9037454016507
0.00150802740263672398376 12475770.9088946189731
0.00156591522283708577817 12179541.4214359205216
0.001625123937599537308 11899958.6352639254183
0.00168568368733078505564 11635612.8268536236137
0.00174762530018668718612 11385241.6020512878895
0.0018109803077654385798 11147711.3758492991328
0.00187578096115884160495 10922001.5434523317963
0.00194206024736983773153 10707190.9015862718225
0.00200985190610466178673 10502445.9582754652947
0.0020791904469481562942 10307010.834921842441
0.00215011116693099996189 10120198.516455899924
0.00222265016849778696342 9941383.25066442973912
0.00229684437788510139103 9769993.91403666697443
0.00237273156391895612138 9605508.21269312314689
0.00245035035724113945885 9447447.60955094173551
0.00252974026997428678987 9295372.85089828446507
0.00261094171583566318426 9148880.03435901924968
0.00269399603070991566431 9007597.13577735424042
0.00277894549369124468224 8871180.92757900990546
0.00286583334860573100966 8739314.25547728128731
0.00295470382602476154196 8611703.6060766838491
0.00304560216578075339255 8488076.94836932420731
0.00313857463999665580942 8368181.80312154442072
0.00323366857664093712912 8251783.51365606952459
0.0033309323836200562842 8138663.70471846871078
0.00343041557342067685368 8028618.88887208793312
0.00353216878831417698328 7921459.22028739750385
0.00363624382613628085309 7817007.37255330849439
0.00374269366665492143192 7715097.52203322667629
0.00385157249853979076828 7615574.43263865727931
0.00396293574694726435242 7518292.62902540527284
0.00407684010173478463684 7423115.64531740546227
0.00419334354631902602589 7329915.34409079328179
0.00431250538719256219788 7238571.29865192528814
0.00443438628411404935775 7148970.23142542131245
0.004559048280987288565 7061005.50281371176243
0.00468655483744489630843 6974576.64475808572024
0.00481697086115265467321 6889588.93581137899309
0.00495036274085099581993 6805953.01314863655716
0.00508679838015041810295 6723584.5182007336989
0.00522634723209806396904 6642403.77238874603063
0.00536908033453303932397 6562335.48054880928248
0.00551507034624848253151 6483308.4592163413763
0.00566439158397877458306 6405255.38768812827766
0.00581712006023074167799 6328112.57978103123605
0.0059733335219780900327 6251819.77444771490991
0.00613311149023878024455 6176319.94365601893514
0.00629653530055548135008 6101559.11601159907877
0.00646368814439972176611 6027486.2148118102923
0.00663465511152080186091 5954052.90927777346224
0.00680952323326103163559 5881213.47794542368501
0.00698838152685935312669 5808924.68310615886003
0.00717132104076586250618 5737145.65551744867116
0.00735843490099037395719 5665837.78846181277186
0.00754981835850852822656 5594964.64046469889581
0.00774556883774963744055 5524491.84595861751586
0.00794578598619095216593 5454387.03324648924172
0.00815057172508355971818 5384619.74924952164292
0.00836003030133574374927 5315161.39041817653924
0.00857426834058026485219 5245985.1393975019455
0.00879339490145249896846 5177065.90696165896952
0.00901752153110714493867 5108380.27879862301052
0.00924676232200168091158 5039906.46675751078874
0.00948123396997553949395 4971624.26422217767686
0.00972105583365454745115 4903515.00521967653185
0.00996634999521086098473 4835561.527074707672
0.0102172413225092989508 4767748.13615973573178
0.0104738575326718177244 4700060.57645258773118
0.0107363292570923415242 4632486.00078764837235
0.0110047901079351265197 4565012.94444301258773
0.0112793767461505430733 4497631.30089032277465
0.0115602289510427762992 4430332.29943148698658
0.0118474896914250154428 4363108.48462457209826
0.0121413051983982212684 4295953.6969835665077
0.0124418250397905667815 4228863.05501460377127
0.0127492021962955070363 4161832.93835568288341
0.0130635931393471363404 4094860.97183121088892
0.0133851579107724973083 4027946.01033228263259
0.0137140602042614828671 3961088.12404238199815
0.0140504674486956835505 3894288.58399011334404
0.0143945508933786079503 3827549.84787241183221
0.0147464856952108230859 3760875.54595349822193
0.0151064510078541495292 3694270.46692360611632
0.0154746300729304651217 3627740.54317751899362
0.0158512103133015454237 3561292.83571991836652
0.0162363834284772814986 3494935.51851861877367
0.0166303454922010519879 3428677.86229806952178
0.0170332970522617359321 3362530.21716233622283
0.0174454432325832423101 3296503.9941179510206
0.0178669938376436431005 3230611.64555321121588
0.0182981634592768380165 3164866.64458369743079
0.0187391715859112906184 3099283.46269670128822
0.0191902427143014302213 3033877.54572740988806
0.0196516064638084866911 2968665.28832511650398
0.0201234976932890448353 2903664.00680406717584
0.0206061566206508089971 2838891.90971371065825
0.0210998289451363382763 2774368.06640726700425
0.0216047659723971711976 2710112.37373811937869
0.0221212247424218307057 2646145.52062937244773
0.0226494681603829212113 2582488.94994771573693
0.023189765130469990051 2519164.81825526664034
0.023742390692776151051 2456195.95345019269735
0.0243076261633081679159 2393605.80965507915244
0.0248857592771914437613 2331418.41951707564294
0.025477084335142567012 2269658.34436303935945
0.0260819023532841316737 2208350.62190553732216
0.0267005212163780834833 2147520.71100206626579
0.0273332558345555677592 2087194.43427788373083
0.0279804283036229825554 2027397.91862705349922
0.0286423680690260883119 1968157.53281865641475
0.0293194120935552950125 1909499.8229697404895
0.0300119050288778325963 1851451.44628670881502
0.0307201993909839016217 1794039.10229656426236
0.0314446557396361181524 1737289.46205262630247
0.0321856428619138393299 1681229.09610907454044
0.0329435379599454930544 1625884.40059555973858
0.0337187268429246372881 1571281.52156109572388
0.0345116041235075526883 1517446.27874122420326
0.0353225734186922019076 1464404.08818539837375
0.0361520475552808348563 1412179.88368121115491
0.0370004487800310727375 1360798.03841575281695
0.037868208974601962058 1310282.28638472431339
0.0387557698754049870238 1260655.64333204855211
0.0396635832984715552829 1211940.32892737258226
0.0405921113694514418269 1164157.68964732252061
0.0415418267588596179518 1117328.12212172918953
0.0425132129226908350716 1071470.99886947101913
0.0435067643485245111878 1026604.59572754101828
0.0445229868072455695072 982746.020835861447267
0.0455623976105087591382 939911.147285444429144
0.0466255258740780123561 898114.548395341378637
0.047712912787174779905 857369.43578361987602
0.0488251118879722903476 817687.602402894874103
0.0499626893453760725916 779079.369017213000916
0.0511262242472343211852 741553.534833933226764
0.0523163088951245566771 705117.334298711968586
0.0535335491058669468711 669776.397969840909354
0.0547785645199174373032 635534.71900019410532
0.0560519889167978915823 602394.626687862561084
0.0573544705377239186217 570356.76459565886762
0.058686672415594297314 539420.075741764041595
0.0600492727125102945807 509581.795237607497256
0.0614429650649962813547 480837.447983491059858
0.0628684589370981927736 453180.854708015685901
0.0643264799815385091009 426604.145148464478552
0.0658177704091124082808 401097.776954422472045
0.0673430893665128149639 376650.563686256471556
0.0689032133227767407124 353249.709042674920056
0.0704989364645494664963 330880.847656407859176
0.0721310711003682880627 309528.094887414306868
0.0738004480741710072733 289174.101602545299102
0.0755079171882398619831 269800.116379242914263
0.0772543476357965552825 251386.055400861223461
0.0790406284434681249973 233910.576301150809741
0.0808676689238488760614 217351.159754098916892
0.0827363991383895935883 201684.196196017990587
0.0846477703708483492084 186885.076033711753553
0.0866027556115449709262 172928.286580203508493
0.0886023500526652296738 159787.510901376284892
0.0906475715948667631894 147435.729876675322885
0.0927394613654453914275 135845.328174094320275
0.0948790842483244190042 124988.199128145148279
0.0970675294261375970484 114835.85203556624765
0.099305910934681496105 105359.51898469288426
0.101595368230019397759 96530.2589187466655858
0.103937066768525140925 88319.0621846956491936
0.106332198600163352342 80696.9506120592268417
0.108781982975306390493 73635.0748557687184075
0.111287666965398102104 67104.809779504314065
0.113850526097780166412 61077.8438386964699021
0.116471865005003338833 55526.2666940610361053
0.119153018088955953147 50422.6523456947252271
0.121895350200145455299 45740.1370757899640012
0.124700257332480635153 41452.4949977684154874
0.127569167333907190764 37534.2066366980434395
0.130503540633258946491 33960.5228910865553189
0.133504870983693846309 30707.5234615652880166
0.136574686223095070892 27752.1667944619257469
0.13971454905182187356 25072.3346446682189708
0.142926057828207719869 22646.8678113581809157
0.146210847382210629153 20455.5938687525231217
0.149570589847628526714 18479.348160862486111
0.153006995513305710244 16699.9852897691962426
0.156521813693760891706 15100.3844110637255653
0.160116833619682180645 13664.4471453321366425
0.163793885348741313779 12377.0883665317705891
0.167554840697191065324 11224.22237415393829
0.171401614192719597973 10192.7425803064706997
0.175336164049048115476 9270.49720668633926834
0.179360493162766365671 8446.26105818768883182
0.18347665013291397651 7709.70298608657958539
0.187686730303827625788 7051.35132119287845853
0.191992876831782594005 6462.55605541806744441
0.196397281775975235396 5935.44919406064400391
0.200902187214397731641 5462.90386495202528749
0.205509886385176115953 5038.4916279014050815
0.210222724853951214996 4656.43971041565328051
0.215043101707897449382 4311.58755828866560478
0.219973470776985868813 3999.34343605838421354
0.225016341883116199885 3715.64176211709445852
0.2301742821177497067 3456.90073086030679406
0.235449917148696702407 3219.9813288369878137
0.24084593255672179235 3002.14748795311197682
0.246365075202648664554 2801.02767716675498377
0.252010154625658455707 2614.57842609334738881
0.257784044473497064853 2441.04945184300959227
0.263689683965314558556 2278.95094880448414187
0.269730079387885790521 2127.0229016336515997
0.275908305625971406183 1984.20645865285177933
0.282227507727597637377 1849.61759206521855958
0.28869090250505607953 1722.52278670096916358
0.29530178017243219335 1602.31693903411724023
0.302063506020500860405 1488.5033333703770495
0.308979522129839312417 1380.67559821574354828
0.31605334912303123529 1278.50166936749906199
0.323288587956850670402 1181.7095455452636088
0.330688921755343756548 1090.07481930884978283
0.338258117684734904707 1003.40984326322302422
0.346000028871116582785 921.554392229582617801
0.353918596361896931057 844.367754303001220251
0.362017851132002910219 771.72207871358864395
0.370301916135864217505 703.496897349829964696
0.378775008406216529 639.574699033679962668
0.387441441200797542788 579.837431953676400553
0.396305626198025950924 524.163861292391288771
0.405372075742782556063 472.427661118037917731
0.414645405143433842809 424.496171391872508138
0.424130335021273452423 380.229744608723763122
0.433831693713569721549 339.481598588485610435
0.443754419731448135344 302.098139352544649228
0.453903564273858639577 267.919679127736173996
0.464284293798904790229 236.781511167689728836
0.474901892653849522219 208.515292826897251643
0.485761765765130304473 182.950648996542582836
0.496869441389755306382 159.916917414954212973
0.508230573929483453455 139.244855342613817584
0.519850946809217395739 120.768113785521990167
0.53173647542107504993 104.324277277636028316
0.543893210135643401237 89.7553331134090655041
0.556327339381940011442 76.9076627242516508431
0.569045192797654419969 65.6318078575469598945
0.582053244451273155136 55.782435409306245333
0.595358116137727932937 47.218884385808500781
0.608966580749241703785 39.8064001226402126576
0.622885565723096279456 33.4177830640694253361
0.637122156568067476989 27.9348514703636041645
0.651683600471328561277 23.2492583388948759193
0.666577309987657407042 19.2625902474548773569
0.681810866812821214644 15.8859684286624727179
0.697392025643070234686 13.0394540227924764508
0.713328718122689608983 10.6514171888682565026
0.729629056881632931386 8.65794211143936998099
0.746301339665284224623 7.00227214962794519693
0.763354053558456979722 5.63427380412488343353
0.780795879305770323953 4.50991924653033748882
0.798635695730618322408 3.59077235284529594495
0.8168825842549632954 2.84348400657441890971
0.835545833522266634397 2.23930002530644278735
0.8546349441259067925 1.75358250045968389053
0.874159633445486972114 1.36535564102509709983
0.894129840593505975654 1.0568750430232558557
0.914555731474896216326 0.81322689685972371354
0.935447703962014376344 0.621958898464569087672
0.956816393187714941959 0.472742226238600571353
0.978672676959203791114 0.357067569570190090911
1.00102768129542063491 0.267972126952667033528
1.02389278609078426818 0.199798031503704204281
1.04727963090816400538 0.147980287485015432614
1.07120012090404226335 0.108861721565322880356
1.09566643288887766161 0.0795338890384414409773
1.12069102152574862075 0.0577006716633377617076
1.14628662567045114251 0.0415629063981356322577
1.17246627485625443121 0.0297215440346888064294
1.19924329592663103661 0.021096942989865596213
1.22663131981933570813 0.0148625008702622622703
1.25464428850528153525 0.010390306243929508731
1.283296462085748324 0.00720721028104439557366
1.31260242605154120454 0.0049595901784033882484
1.34257709870778474404 0.00338531524912353979154
1.3732357387681388694 0.00229171888698263478967
1.40459395312230261865 0.00153838313512903984009
1.43666770478075278561 0.00102385578834682266537
1.46947332100077798778 0.000675481384532022237702
1.50302750159792197771 0.000441686818853044343633
1.53734732744708502139 0.000286198636976789117653
1.57245026917760477581 0.000183736582682805262273
1.60835419606674356885 0.00011684753108596670915
1.64507738513610046738 7.3596852492545906878e-05
1.68263853045560551891 4.5901912496376819214e-05
1.72105675265979285449 2.83432837670413413991e-05
1.76035160868123274902 1.73232642559458743326e-05
1.8005431017060558041 1.04780311763976894876e-05
1.8416516913566474134 6.27060208650243187722e-06
1.88369830410668570586 3.71212315432941738938e-06
1.92670434393384626404 2.17332021528508775252e-06
1.97069170321556752512 1.25809280815257819522e-06
2.01568277387344352292 7.19923797751005682125e-07
2.06170045877191476791 4.07137742229153163203e-07
2.10876818337704374784 2.27492148166309113066e-07
2.15690990768134405187 1.25560481473807723264e-07
2.20615013840069051909 6.84360865379667307867e-08
2.25651394144955519394 3.68252644732980544346e-08
2.30802695470089735963 1.95576648751288589847e-08
2.36071540103721577708 1.02487784548544014151e-08
2.4146061016993938253 5.2977270192129070695e-09
2.46972648994015919754 2.70046137331029543906e-09
2.52610462498907040185 1.35702047218495122332e-09
2.58376920633616835588 6.72051440789914134994e-10
2.64274958834155793141 3.2790116652705507246e-10
2.70307579517833929117 1.5756945192352996872e-10
2.76477853611653268118 7.45484557042388877914e-11
2.82788922115573315708 3.47131793637518685431e-11
2.89243997701448662951 1.59032950635494852776e-11
2.95846366348450695583 7.165560583961684392e-12
3.02599389015807407333 3.17416160940867014588e-12
3.09506503353710504811 1.38180431090309177398e-12
3.16571225453265236993 5.90926709080974153965e-13
3.2379715163636770825 2.48150320895170224966e-13
3.31187960286425919776 1.02281642227502766149e-13
3.38747413720853529639 4.13627261312948108657e-14
3.46479360106291345289 1.64037547166661293567e-14
3.5438773541752985885 6.37693413675820067342e-15
3.62476565441132070333 2.42893040029919929708e-15
3.70749967824771786695 9.06010669327188798861e-16
3.79212154173340687535 3.30808285802612829924e-16
3.8786743219287811435 1.18169458177228611169e-16
3.96720207883424968998 4.12776374096891166373e-17
4.05774987781913587526 1.40921379988348546101e-17
4.1503638125623609767 4.69941257036868678965e-18
4.24509102851660191646 1.53005989476232787747e-18
4.34197974690784604945 4.86063528327302120489e-19
4.44107928928257855716 1.5058421103663778203e-19
4.5424401026150933447 4.54680119023585895424e-20
4.6461137849877101047 1.33719920971961692325e-20
4.75215311185692979024 3.828505316552416132e-21
4.86061206291901815035 1.06629984172820542269e-21
4.97154584958852741039 2.88750768818159230269e-22
5.08501094310387546926 7.59725669336943335545e-23
5.2010651032742227784 1.94078073477133567421e-23
5.31976740788231872159 4.81114339242457320483e-24
5.44117828275824777506 1.15634068111064309426e-24
5.56535953253941695351 2.69321457017583556465e-25
5.69237437213242802869 6.07352781108786124398e-26
5.82228745889284748927 1.32516571033338433141e-26
5.95516492553926291009 2.7957770215063300242e-27
6.09107441381839276318 5.6973835231383076608e-28
6.23008510893831068955 1.120964342396852239e-28
6.37226777478748918071 2.12717081794447374897e-29
6.51769478995736317728 3.89013310952400831957e-30
6.66644018458692322326 6.8517935012711216385e-31
6.81857967804801656797 1.16079311369893299083e-31
6.97419071749056662668 1.89087614158691685871e-32
7.13335251726731822686 2.95768523112826511729e-33
7.29614609925818324854 4.43902974336207473159e-34
7.46265433411472312031 6.38789699798465397968e-35
7.63296198344574072792 8.79975839105826076397e-36
7.807155742965494305 1.16025919646581915989e-36
7.98532428662641091677 1.46165410234862287299e-37
8.16755831175894897456 1.75818505731510575746e-38
8.35395058524134981326 2.01757286591393449307e-39
8.54459599072295716837 2.20449097234920310352e-40
8.7395915769250756 2.29382726656164764557e-41
8.93903660704397040604 2.26745030538648368489e-42
9.14303260928114625017 2.1286995574549773215e-43
9.35168342852664125076 1.89568311338526832969e-44
9.56509527922163549363 1.59779678355172395854e-45
9.78337679942729465665 1.27535783924487934197e-46
10.0066391061273751717 9.60813601343416921248e-48
10.2349958517926467039 6.83452607459687905901e-49
10.4685632822361966987 4.58191987644649889658e-50
10.7074602957887048404 0
10.9518085038240720053 0
11.20173229266613113 0
11.457358886907940132 0
11.718818414175915521 0
11.9862439713717687795 0
12.2597716924259430016 0
12.5395408175970946019 0
12.8256937643528488024 0
13.1183761998678267702 0
13.4177371151761839485 0
13.7239289010159311033 0
14.0371074254040024698 0
14.3574321129814244102 0
14.6850660261689931474 0
15.0201759481747867397 0
15.3629324678957406292 0
15.7135100667565428267 0
16.0720872075300142967 0
16.4388464251842449926 0
16.8139744198025660182 0
17.1976621516240442133 0
17.5901049382523844145 0
17.991502554083041332 0
18.4020593319991121461 0
18.8219842673877160166 0
19.2514911245298208087 0
19.6907985454177314466 0
20.1401301610555556465 0
20.5997147052993767602 0
21.0697861312950607271 0
21.5505837305727965258 0
22.0423522548595194337 0
22.5453420406704978518 0
23.0598091367440645172 0
23.5860154343841301738 0
24.1242288007769118963 0
24.6747232153496298679 0
25.2377789092407489591 0
25.8136825079526062154 0
26.4027271772591660692 0
27.0052127724431372258 0
27.6214459909381737646 0
28.2517405284545830568 0
28.8964172386670554715 0
29.5558042965464160545 0
30.2302373654182545692 0
30.9200597678335391549 0
31.6256226603381804807 0
32.3472852122305098987 0
33.0854147883977063316 0
33.8403871363241819381 0
34.6125865773672458658 0
35.4024062023969960933 0
36.2102480719010273447 0
37.0365234206544542417 0
37.8816528670605450202 0
38.746066627267978788 0
39.6302047341739367425 0
40.5345172614243907105 0
41.4594645525256808583 0
42.4055174551840678987 0
43.3731575609923751813 0
44.3628774505859055921 0
45.3751809443924756238 0
46.4105833591036684993 0
47.4696117699990765004 0
48.5528052792555726569 0
49.6607152903792297138 0
50.793905788899245124 0
51.9529536294667977359 0
53.1384488295049379758 0
54.3509948695590523471 0
55.5912090005008181492 0
56.8597225577418825537 0
58.157181282617592899 0
59.4842456511034143318 0
60.8415912100332505474 0
62.2299089209885281093 0
63.6499055120347563275 0
65.1023038374839586595 0
66.5878432458662246063 0
68.1072799562977024834 0
69.6613874434366522337 0
71.2509568312234051746 0
72.8767972956049732147 0
74.5397364764488372657 0
76.2406208988556528539 0
77.9803164040865226525 0
79.7597085903221056924 0
