0 33876.5317809807311278
2.34773831044275953662e-05 30645.5438477816132945
4.74904773060668843098e-05 30058.3543214559358603
7.20515065558754031882e-05 29702.1998969024753023
9.71729737330946278075e-05 29439.1584950867800217
0.000122867667009884446632 29226.5329022638325114
0.000149148666361188737611 29045.4377197400135628
0.000176029350223142605752 28885.8338064695381036
0.000203523402303413018192 28741.7365716213935229
0.000231644818546938055341 28609.2863542609666183
0.000260407914260613602194 28485.8463384453825711
0.00028982733140055059887 28369.5337468618090497
0.000319918046025614616519 28258.9561633606499527
0.000350695375921042655932 28153.0538384056781069
0.000382174988396014926346 28051.0006313123594737
0.000414372908259155964348 27952.1392291160882451
0.000447305525976018274279 27855.9373306333691289
0.000480989606012709495445 27761.9571534343958774
0.000515442295369901134008 27669.8336794119677506
0.000550681132311572093911 27579.258801086260064
0.000586724055292923291072 27489.9695468761347001
0.000623589412092012012646 27401.7391883435193449
0.000661295969149753833441 27314.3704240864462918
0.000699862921123046424418 27227.6900828065845417
0.000739309900655877086893 27141.5449595081081497
0.000779656988373390391969 27055.7985036463069264
0.000820924723104001917602 26970.3281605065203621
0.000863134112334761494784 26885.0232162482243439
0.000906306642905289178667 26799.7830367602837214
0.000950464291945728265848 26714.5156173210998531
0.000995629538064279591761 26629.1363796441837621
0.00104182537279001925269 26543.5671674233853992
0.00108907531227681584653 26457.7354026196298946
0.00113740340927431446416 26371.5733732999797212
0.0011868342653720727331 26285.0176279675506521
0.00123739304352308838834 26198.0084600895897893
0.00128910548085308892564 26110.4894652008661069
0.00134199790176210828271 26022.4071608814338106
0.00139609723132501492224 25933.710658016421803
0.0014514310089978174536 25844.3513760851819825
0.00150802740263672398376 25754.282795882645587
0.00156591522283708577817 25663.4602440142261912
0.001625123937599537308 25571.8407046802203695
0.00168568368733078505564 25479.3826549955265364
0.00174762530018668718612 25386.0459206909108616
0.0018109803077654385798 25291.7915495272391126
0.00187578096115884160495 25196.5817001788855123
0.00194206024736983773153 25100.3795446708827512
0.00200985190610466178673 25003.1491827468307747
0.0020791904469481562942 24904.8555667806031124
0.00215011116693099996189 24805.4644360803395102
0.00222265016849778696342 24704.9422597102093277
0.00229684437788510139103 24603.2561865687675891
0.00237273156391895612138 24500.3740022237434459
0.00245035035724113945885 24396.2640922203063383
0.00252974026997428678987 24290.8954104055083008
0.00261094171583566318426 24184.2374526418170717
0.00269399603070991566431 24076.2602351533641922
0.00277894549369124468224 23966.9342768415008322
0.00286583334860573100966 23856.2305859977823275
0.00295470382602476154196 23744.1206501986489457
0.00304560216578075339255 23630.5764300056252978
0.00313857463999665580942 23515.5703557011329394
0.00323366857664093712912 23399.075326921287342
0.0033309323836200562842 23281.0647155640581332
0.00343041557342067685368 23161.5123708839055325
0.00353216878831417698328 23040.3926275318553962
0.00363624382613628085309 22917.680316099904303
0.00374269366665492143192 22793.3507757828083413
0.00385157249853979076828 22667.3798695291989134
0.00396293574694726435242 22539.7440014949570468
0.00407684010173478463684 22410.4201365149965568
0.00419334354631902602589 22279.3858216952030489
0.00431250538719256219788 22146.6192101140077284
0.00443438628411404935775 22012.0990865375388239
0.004559048280987288565 21875.8048951022938127
0.00468655483744489630843 21737.7167688771405665
0.00481697086115265467321 21597.8155613495546277
0.00495036274085099581993 21456.0828797791109537
0.00508679838015041810295 21312.5011203784815734
0.00522634723209806396904 21167.0535052918312431
0.00536908033453303932397 21019.724121340081183
0.00551507034624848253151 20870.4979605022526812
0.00566439158397877458306 20719.3609621016039455
0.00581712006023074167799 20566.3000566607843211
0.0059733335219780900327 20411.3032113935951202
0.00613311149023878024455 20254.3594772953401844
0.00629653530055548135008 20095.4590377905187779
0.00646368814439972176611 19934.5932588929354097
0.00663465511152080186091 19771.7547408307400474
0.00680952323326103163559 19606.9373710837535327
0.00698838152685935312669 19440.1363787759255501
0.00717132104076586250618 19271.3483903605119849
0.00735843490099037395719 19100.5714865293266485
0.00754981835850852822656 18927.805260272234591
0.00774556883774963744055 18753.0508760063312366
0.00794578598619095216593 18576.3111296849310747
0.00815057172508355971818 18397.5905097902359557
0.00836003030133574374927 18216.8952591072702489
0.00857426834058026485219 18034.2334371658907912
0.00879339490145249896846 17849.6149832299161062
0.00901752153110714493867 17663.0517797027096094
0.00924676232200168091158 17474.5577158093074104
0.00948123396997553949395 17284.1487514042928524
0.00972105583365454745115 17091.8429807456341223
0.00996634999521086098473 16897.6606960738718044
0.0102172413225092989508 16701.6244507953306311
0.0104738575326718177244 16503.7591220687500027
0.0107363292570923415242 16304.0919726115935191
0.0110047901079351265197 16102.6527115006520035
0.0112793767461505430733 15899.4735537356973509
0.0115602289510427762992 15694.589278334791743
0.0118474896914250154428 15488.0372847200087563
0.0121413051983982212684 15279.8576470494172099
0.0124418250397905667815 15070.0931662841121579
0.0127492021962955070363 14858.7894196930174076
0.0130635931393471363404 14645.9948074892745353
0.0133851579107724973083 14431.7605963283203891
0.0137140602042614828671 14216.1409592278687342
0.0140504674486956835505 13999.1930116141265898
0.0143945508933786079503 13780.9768431973170664
0.0147464856952108230859 13561.5555453111282986
0.0151064510078541495292 13340.9952333916189673
0.0154746300729304651217 13119.3650640182459028
0.0158512103133015454237 12896.7372463025585603
0.0162363834284772814986 12673.18704724091549
0.0166303454922010519879 12448.7927907118464645
0.0170332970522617359321 12223.6358494911910384
0.0174454432325832423101 11997.8006299564713117
0.0178669938376436431005 11771.3745492183461465
0.0182981634592768380165 11544.4480043520288746
0.0187391715859112906184 11317.1143330382274144
0.0191902427143014302213 11089.4697652906506846
0.0196516064638084866911 10861.6133661177827889
0.0201234976932890448353 10633.6469688279976253
0.0206061566206508089971 10405.6750981254790531
0.0210998289451363382763 10177.8048829547242349
0.0216047659723971711976 9950.14595901879329176
0.0221212247424218307057 9722.81036059355210455
0.0226494681603829212113 9495.91240078395276214
0.023189765130469990051 9269.56854065285733668
0.023742390692776151051 9043.89724720934464131
0.0243076261633081679159 8819.0188393663502211
0.0248857592771914437613 8595.05532189896257478
0.025477084335142567012 8372.13020800461708859
0.0260819023532841316737 8150.36833011406633887
0.0267005212163780834833 7929.89563812818505539
0.0273332558345555677592 7710.83898633631997654
0.0279804283036229825554 7493.32590929945945391
0.0286423680690260883119 7277.48438540417100739
0.0293194120935552950125 7063.44258949944196502
0.0300119050288778325963 6851.32863567466210952
0.0307201993909839016217 6641.27030890693276888
0.0314446557396361181524 6433.39478662654528307
0.0321856428619138393299 6227.82835223957226845
0.0329435379599454930544 6024.69609954786665185
0.0337187268429246372881 5824.12162859653017222
0.0345116041235075526883 5626.22673602086979372
0.0353225734186922019076 5431.13109907782290975
0.0361520475552808348563 5238.95195341703310987
0.0370004487800310727375 5049.8037686927100367
0.037868208974601962058 4863.79792133885894145
0.0387557698754049870238 4681.04236423628208286
0.0396635832984715552829 4501.64129840149962547
0.0405921113694514418269 4325.6948458951928842
0.0415418267588596179518 4153.29872359646560653
0.0425132129226908350716 3984.54392399618473064
0.0435067643485245111878 3819.51640164603577432
0.0445229868072455695072 3658.29676522936051697
0.0455623976105087591382 3500.95998233026284652
0.0466255258740780123561 3347.57509439210025448
0.047712912787174779905 3198.20494278790283715
0.0488251118879722903476 3052.90591365488535303
0.0499626893453760725916 2911.72769722186876606
0.0511262242472343211852 2774.71306440460466547
0.0523163088951245566771 2641.89766810470609926
0.0535335491058669468711 2513.30986280377192088
0.0547785645199174373032 2388.97054809945711895
0.0560519889167978915823 2268.89304198054878725
0.0573544705377239186217 2153.0829756500647818
0.058686672415594297314 2041.53821913789806786
0.0600492727125102945807 1934.24883973002988569
0.0614429650649962813547 1831.19708505935591347
0.0628684589370981927736 1732.35740311856761764
0.0643264799815385091009 1637.69649538222961382
0.0658177704091124082808 1547.17339807481198477
0.0673430893665128149639 1460.73960435132016755
0.0689032133227767407124 1378.33921709106243725
0.0704989364645494664963 1299.90913361387788427
0.0721310711003682880627 1225.37927165262590279
0.0738004480741710072733 1154.67282149482070963
0.0755079171882398619831 1087.70653342040168354
0.0772543476357965552825 1024.39104149771992525
0.0790406284434681249973 964.631209214092564252
0.0808676689238488760614 908.326511326905233545
0.0827363991383895935883 855.371441748333381838
0.0846477703708483492084 805.65594079473646616
0.0866027556115449709262 759.06585425373725684
0.0886023500526652296738 715.483405388074629627
0.0906475715948667631894 674.787684822087612702
0.0927394613654453914275 636.855161107088861172
0.0948790842483244190042 601.56019230291860822
0.0970675294261375970484 568.775552434778433053
0.099305910934681496105 538.372961464607669768
0.101595368230019397759 510.223609449092350587
0.103937066768525140925 484.198687269733852645
0.106332198600163352342 460.169903364131016588
0.108781982975306390493 438.009991903289403581
0.111287666965398102104 417.593213597968144768
0.113850526097780166412 398.795830903404635137
0.116471865005003338833 381.496572035736107864
0.119153018088955953147 365.577070899429315887
0.121895350200145455299 350.922278453267381337
0.124700257332480635153 337.420855422363615617
0.127569167333907190764 324.965527948118221957
0.130503540633258946491 313.4534155589702209
0.133504870983693846309 302.786328213591787062
0.136574686223095070892 292.871021545611995407
0.13971454905182187356 283.619422594013713024
0.142926057828207719869 274.94881275920039343
0.146210847382210629153 266.781970921999004531
0.149570589847628526714 259.047280672506303745
0.153006995513305710244 251.678790457821122573
0.156521813693760891706 244.616237924328657982
0.160116833619682180645 237.805032975681854168
0.163793885348741313779 231.196199965973903545
0.167554840697191065324 224.746287314171496519
0.171401614192719597973 218.417238000903154216
0.175336164049048115476 212.176229895505287004
0.179360493162766365671 205.995486486103914103
0.18347665013291397651 199.852057958501291068
0.187686730303827625788 193.727580811547937856
0.191992876831782594005 187.608013686458036773
0.196397281775975235396 181.483355421022793053
0.200902187214397731641 175.34734843576768526
0.205509886385176115953 169.197168315934760585
0.210222724853951214996 163.03310585555743728
0.215043101707897449382 156.858242356625709135
0.219973470776985868813 150.678122381496024218
0.225016341883116199885 144.500427263318414361
0.2301742821177497067 138.334651426583235434
0.235449917148696702407 132.191785317640835729
0.24084593255672179235 126.084006918207336412
0.246365075202648664554 120.024384665393583305
0.252010154625658455707 114.026593733912392281
0.257784044473497064853 108.10464796497593909
0.263689683965314558556 102.27264890092546068
0.269730079387885790521 96.5445534630268724641
0.275908305625971406183 90.933961786612655942
0.282227507727597637377 85.4539254722593568658
0.28869090250505607953 80.1167777728632017897
0.29530178017243219335 74.9339854494598682777
0.302063506020500860405 69.9160226859775377761
0.308979522129839312417 65.0722672800006165517
0.31605334912303123529 60.4109181354029871613
0.323288587956850670402 55.9389342802416891232
0.330688921755343756548 51.661994149752537453
0.338258117684734904707 47.5844744415459359743
0.346000028871116582785 43.7094475941613040959
0.353918596361896931057 40.0386964504084446048
0.362017851132002910219 36.5727450398253424169
0.370301916135864217505 33.310903882565639833
0.378775008406216529 30.2513285033258014778
0.387441441200797542788 27.3910893306624210197
0.396305626198025950924 24.7262517270243940004
0.405372075742782556063 22.2519641175359303986
0.414645405143433842809 19.9625526915210365075
0.424130335021273452423 17.8516211613778743583
0.433831693713569721549 15.912153173501975445
0.443754419731448135344 14.1366165356122763797
0.453903564273858639577 12.5170666137723074485
0.464284293798904790229 11.0452475743560842858
0.474901892653849522219 9.71268999397681298547
0.485761765765130304473 8.51080229685067379819
0.496869441389755306382 7.43095589733609074301
0.508230573929483453455 6.4645619348826244277
0.519850946809217395739 5.60313989216946506389
0.53173647542107504993 4.83837890258530833876
0.543893210135643401237 4.16219211901237873263
0.556327339381940011442 3.56676708844377188257
0.569045192797654419969 3.04461209816935207684
0.582053244451273155136 2.58859891313252754586
0.595358116137727932937 2.19200027908318384462
0.608966580749241703785 1.84851832166192231455
0.622885565723096279456 1.55230221461548811845
0.637122156568067476989 1.29795325721670673502
0.651683600471328561277 1.08051959085961746254
0.666577309987657407042 0.895483837618459621588
0.681810866812821214644 0.738746030597518532623
0.697392025643070234686 0.606604562369091326879
0.713328718122689608983 0.495735290589230992442
0.729629056881632931386 0.403169545201031487291
0.746301339665284224623 0.326271281715891425801
0.763354053558456979722 0.262713254039845467425
0.780795879305770323953 0.210453035976314539734
0.798635695730618322408 0.167708774585541064983
0.8168825842549632954 0.132935280719663789784
0.835545833522266634397 0.104800773032433833243
0.8546349441259067925 0.0821643655136863881872
0.874159633445486972114 0.0640548097478073341637
0.894129840593505975654 0.0496504166382372644217
0.914555731474896216326 0.0382604308319929517501
0.935447703962014376344 0.0293079160405597498318
0.956816393187714941959 0.0223141050998924631021
0.978672676959203791114 0.0168843421838923840594
1.00102768129542063491 0.0126954676718917802702
1.02389278609078426818 0.00948466245563543176866
1.04727963090816400538 0.00703965994992695760085
1.07120012090404226335 0.00519020791564084489622
1.09566643288887766161 0.00380072944593417248738
1.12069102152574862075 0.00276403071567642936307
1.14628662567045114251 0.00199597792829799697278
1.17246627485625443121 0.00143102735979403709182
1.19924329592663103661 0.00101849761596363506781
1.22663131981933570813 0.000719501391903222325616
1.25464428850528153525 0.000504429891685840214519
1.283296462085748324 0.000350916622670378148489
1.31260242605154120454 0.00024220128980161092537
1.34257709870778474404 0.000165825541306481658976
1.3732357387681388694 0.000112605893958247214089
1.40459395312230261865 7.58290686311922229601e-05
1.43666770478075278561 5.06294908709947703699e-05
1.46947332100077798778 3.35113564581628235544e-05
1.50302750159792197771 2.19849476197976723504e-05
1.53734732744708502139 1.42931401186313618908e-05
1.57245026917760477581 9.20703436724280956181e-06
1.60835419606674356885 5.87517584154811757996e-06
1.64507738513610046738 3.71320637707452198682e-06
1.68263853045560551891 2.32390646291361888153e-06
1.72105675265979285449 1.4399374393985511728e-06
1.76035160868123274902 8.83149961026323594726e-07
1.8005431017060558041 5.36042718282200978003e-07
1.8416516913566474134 3.21918315817753654268e-07
1.88369830410668570586 1.91238532363636782152e-07
1.92670434393384626404 1.12354704188694139297e-07
1.97069170321556752512 6.52665904799576204249e-08
2.01568277387344352292 3.74774518620912344762e-08
2.06170045877191476791 2.12678347061013048864e-08
2.10876818337704374784 1.19244586703012915044e-08
2.15690990768134405187 6.60399142691244995199e-09
2.20615013840069051909 3.61168743694190018067e-09
2.25651394144955519394 1.94998789982219293345e-09
2.30802695470089735963 1.0390898633374251765e-09
2.36071540103721577708 5.4631963595012918078e-10
2.4146061016993938253 2.83328725822624501394e-10
2.46972648994015919754 1.44894588234575899825e-10
2.52610462498907040185 7.30464838147151700362e-11
2.58376920633616835588 3.62909306438511245507e-11
2.64274958834155793141 1.77624745192590286183e-11
2.70307579517833929117 8.56204754606099344171e-12
2.76477853611653268118 4.06319531090595996565e-12
2.82788922115573315708 1.89768153618046893266e-12
2.89243997701448662951 8.71948305782228219697e-13
2.95846366348450695583 3.94005253911640018719e-13
3.02599389015807407333 1.7502553323654543555e-13
3.09506503353710504811 7.64031208599203230399e-14
3.16571225453265236993 3.27613195460079296675e-14
3.2379715163636770825 1.37935638643437215071e-14
3.31187960286425919776 5.69985571472831894026e-15
3.38747413720853529639 2.31073584294227497825e-15
3.46479360106291345289 9.18607799872309800212e-16
3.5438773541752985885 3.57944223957225509535e-16
3.62476565441132070333 1.36648926870214604841e-16
3.70749967824771786695 5.108388065911393259e-17
3.79212154173340687535 1.86921109590741413313e-17
3.8786743219287811435 6.69100584529386112601e-18
3.96720207883424968998 2.34195486161740597368e-18
4.05774987781913587526 8.01110190457037257604e-19
4.1503638125623609767 2.67661424239393377771e-19
4.24509102851660191646 8.73078751205557440794e-20
4.34197974690784604945 2.77854901191266768114e-20
4.44107928928257855716 8.62308551525500582439e-21
4.5424401026150933447 2.60811592150053303297e-21
4.6461137849877101047 7.68308120507848626023e-22
4.75215311185692979024 2.20327450330191416484e-22
4.86061206291901815035 6.14613120302116205941e-23
4.97154584958852741039 1.66691177846268980043e-23
5.08501094310387546926 4.39236280382416701097e-24
5.2010651032742227784 1.12371369188287136873e-24
5.31976740788231872159 2.78966229182430210514e-25
5.44117828275824777506 6.71429795484347335782e-26
5.56535953253941695351 1.56597448125270771058e-26
5.69237437213242802869 3.53623990342366519125e-27
5.82228745889284748927 7.72580554108198051943e-28
5.95516492553926291009 1.63206949927021161399e-28
6.09107441381839276318 3.3301476967697997357e-29
6.23008510893831068955 6.56024588009721973246e-30
6.37226777478748918071 1.24640642806614979364e-30
6.51769478995736317728 2.28212477660475625709e-31
6.66644018458692322326 4.02425222586800947584e-32
6.81857967804801656797 6.82544007202283822152e-33
6.97419071749056662668 1.11306916869875949644e-33
7.13335251726731822686 1.74294300105460069162e-34
7.29614609925818324854 2.61866704893597272392e-35
7.46265433411472312031 3.77224614639281370493e-36
7.63296198344574072792 5.20178591959846837052e-37
7.807155742965494305 6.86539732656875891901e-38
7.98532428662641091677 8.65714393361881987772e-39
8.16755831175894897456 1.04232820039533858906e-39
8.35395058524134981326 1.19720910265334135288e-40
8.54459599072295716837 1.30930756044621538262e-41
8.7395915769250756 1.36356495882544520528e-42
8.93903660704397040604 1.34905836240581001703e-43
9.14303260928114625017 1.26758875601343447863e-44
9.35168342852664125076 1.12978265290523408594e-45
9.56509527922163549363 9.53039918641133717454e-47
9.78337679942729465665 7.61336850645163058918e-48
10.0066391061273751717 5.74031697445724044502e-49
10.2349958517926467039 4.08651728453070640028e-50
10.4685632822361966987 0
10.7074602957887048404 0
10.9518085038240720053 0
11.20173229266613113 0
11.457358886907940132 0
11.718818414175915521 0
11.9862439713717687795 0
12.2597716924259430016 0
12.5395408175970946019 0
12.8256937643528488024 0
13.1183761998678267702 0
13.4177371151761839485 0
13.7239289010159311033 0
14.0371074254040024698 0
14.3574321129814244102 0
14.6850660261689931474 0
15.0201759481747867397 0
15.3629324678957406292 0
15.7135100667565428267 0
16.0720872075300142967 0
16.4388464251842449926 0
16.8139744198025660182 0
17.1976621516240442133 0
17.5901049382523844145 0
17.991502554083041332 0
18.4020593319991121461 0
18.8219842673877160166 0
19.2514911245298208087 0
19.6907985454177314466 0
20.1401301610555556465 0
20.5997147052993767602 0
21.0697861312950607271 0
21.5505837305727965258 0
22.0423522548595194337 0
22.5453420406704978518 0
23.0598091367440645172 0
23.5860154343841301738 0
24.1242288007769118963 0
24.6747232153496298679 0
25.2377789092407489591 0
25.8136825079526062154 0
26.4027271772591660692 0
27.0052127724431372258 0
27.6214459909381737646 0
28.2517405284545830568 0
28.8964172386670554715 0
29.5558042965464160545 0
30.2302373654182545692 0
30.9200597678335391549 0
31.6256226603381804807 0
32.3472852122305098987 0
33.0854147883977063316 0
33.8403871363241819381 0
34.6125865773672458658 0
35.4024062023969960933 0
36.2102480719010273447 0
37.0365234206544542417 0
37.8816528670605450202 0
38.746066627267978788 0
39.6302047341739367425 0
40.5345172614243907105 0
41.4594645525256808583 0
42.4055174551840678987 0
43.3731575609923751813 0
44.3628774505859055921 0
45.3751809443924756238 0
46.4105833591036684993 0
47.4696117699990765004 0
48.5528052792555726569 0
49.6607152903792297138 0
50.793905788899245124 0
51.9529536294667977359 0
53.1384488295049379758 0
54.3509948695590523471 0
55.5912090005008181492 0
56.8597225577418825537 0
58.157181282617592899 0
59.4842456511034143318 0
60.8415912100332505474 0
62.2299089209885281093 0
63.6499055120347563275 0
65.1023038374839586595 0
66.5878432458662246063 0
68.1072799562977024834 0
69.6613874434366522337 0
71.2509568312234051746 0
72.8767972956049732147 0
74.5397364764488372657 0
76.2406208988556528539 0
77.9803164040865226525 0
79.7597085903221056924 0
