0.00000000000000000 -0.00000000020347124 -0.00000000322581515
0.00002347738310443 0.00000011098352759 0.00000175969264279
0.00004749047730607 0.00000035623133382 0.00000564820477231
0.00007205150655588 0.00000071321132117 0.00001130828037604
0.00009717297373309 0.00000117693226684 0.00001866078165195
0.00012286766700988 0.00000174687536456 0.00002769748291282
0.00014914866636119 0.00000242468339669 0.00003844443140126
0.00017602935022314 0.00000321333309918 0.00005094882477583
0.00020352340230341 0.00000411674535952 0.00006527283063156
0.00023164481854694 0.00000513957467598 0.00008149024828497
0.00026040791426061 0.00000628708830031 0.00009968459253067
0.00028982733140055 0.00000756509536922 0.00011994796998978
0.00031991804602561 0.00000897990571700 0.00014238042606776
0.00035069537592104 0.00001053830717246 0.00016708958498740
0.00038217498839601 0.00001224755489046 0.00019419048063663
0.00041437290825916 0.00001411536887467 0.00022380551729065
0.00044730552597602 0.00001614993733063 0.00025606452277727
0.00048098960601271 0.00001835992436091 0.00029110487048655
0.00051544229536990 0.00002075448103281 0.00032907165485493
0.00055068113231157 0.00002334325918353 0.00037011791025198
0.00058672405529292 0.00002613642753233 0.00041440486644647
0.00062358941209201 0.00002914468980885 0.00046210223603814
0.00066129596914975 0.00003237930470122 0.00051338853074470
0.00069986292112305 0.00003585210748896 0.00056845140439971
0.00073930990065588 0.00003957553327752 0.00062748802134764
0.00077965698837339 0.00004356264177812 0.00069070544933771
0.00082092472310400 0.00004782714360782 0.00075832107652352
0.00086313411233476 0.00005238342809940 0.00083056305240046
0.00090630664290529 0.00005724659262752 0.00090767075278375
0.00095046429194573 0.00006243247346900 0.00098989526911241
0.00099562953806428 0.00006795767822492 0.00107749992251357
0.00104182537279002 0.00007383961983952 0.00117076080318752
0.00108907531227682 0.00008009655225878 0.00126996733578890
0.00113740340927431 0.00008674760777794 0.00137542287158620
0.00118683426537207 0.00009381283612904 0.00148744530821148
0.00123739304352309 0.00010131324537136 0.00160636773799387
0.00128910548085309 0.00010927084464345 0.00173253912581064
0.00134199790176211 0.00011770868884856 0.00186632501759191
0.00139609723132501 0.00012665092534203 0.00200810828056781
0.00145143100899782 0.00013612284269780 0.00215828987647969
0.00150802740263672 0.00014615092163356 0.00231728966901841
0.00156591522283709 0.00015676288817784 0.00248554726680818
0.00162512393759954 0.00016798776916642 0.00266352290332270
0.00168568368733079 0.00017985595015935 0.00285169835518133
0.00174762530018669 0.00019239923587394 0.00305057790033518
0.00181098030776544 0.00020565091323269 0.00326068931771506
0.00187578096115884 0.00021964581712948 0.00348258492997716
0.00194206024736984 0.00023442039902121 0.00371684269104692
0.00200985190610466 0.00025001279845629 0.00396406732022761
0.00207919044694816 0.00026646291765569 0.00422489148470717
0.00215011116693100 0.00028381249926656 0.00449997703236715
0.00222265016849779 0.00030210520741324 0.00479001627687221
0.00229684437788510 0.00032138671217372 0.00509573333706966
0.00237273156391896 0.00034170477761556 0.00541788553282578
0.00245035035724114 0.00036310935353068 0.00575726483950732
0.00252974026997429 0.00038565267100976 0.00611469940334051
0.00261094171583566 0.00040938934200652 0.00649105512002942
0.00269399603070992 0.00043437646304415 0.00688723727904841
0.00277894549369124 0.00046067372322113 0.00730419227610158
0.00286583334860573 0.00048834351668218 0.00774290939637608
0.00295470382602476 0.00051745105972018 0.00820442267121978
0.00304560216578075 0.00054806451268598 0.00868981281104732
0.00313857463999666 0.00058025510688407 0.00920020921729595
0.00323366857664094 0.00061409727663941 0.00973679207636985
0.00333093238362006 0.00064966879672845 0.01030079453863258
0.00343041557342068 0.00068705092536761 0.01089350498551171
0.00353216878831418 0.00072632855296507 0.01151626938797851
0.00363624382613628 0.00076759035684317 0.01217049375969135
0.00374269366665492 0.00081092896214460 0.01285764670817956
0.00385157249853979 0.00085644110914467 0.01357926208759347
0.00396293574694726 0.00090422782719576 0.01433694175660527
0.00407684010173478 0.00095439461553543 0.01513235844512899
0.00419334354631903 0.00100705163119732 0.01596725873365209
0.00431250538719256 0.00106231388426982 0.01684346614906089
0.00443438628411405 0.00112030144075286 0.01776288438092949
0.00455904828098729 0.00118113963326946 0.01872750062233942
0.00468655483744490 0.00124495927989402 0.01973938903938561
0.00481697086115265 0.00131189691136653 0.02080071437363089
0.00495036274085100 0.00138209500696631 0.02191373568185180
0.00508679838015042 0.00145570223932514 0.02308081021750782
0.00522634723209806 0.00153287372846485 0.02430439745845407
0.00536908033453304 0.00161377130534967 0.02558706328549958
0.00551507034624848 0.00169856378524879 0.02693148431649300
0.00566439158397877 0.00178742725120925 0.02834045240069352
0.00581712006023074 0.00188054534794374 0.02981687927825452
0.00597333352197809 0.00197810958644216 0.03136380140971390
0.00613311149023878 0.00208031965961935 0.03298438498044374
0.00629653530055548 0.00218738376931485 0.03468193108506550
0.00646368814439972 0.00229951896496348 0.03645988109687991
0.00663465511152080 0.00241695149425756 0.03832182222739988
0.00680952323326103 0.00253991716612371 0.04027149328109997
0.00698838152685935 0.00266866172633788 0.04231279061051424
0.00717132104076586 0.00280344124610304 0.04444977427681938
0.00735843490099037 0.00294452252391314 0.04668667442103373
0.00754981835850853 0.00309218350102596 0.04902789785094143
0.00774556883774964 0.00324671369086528 0.05147803484881797
0.00794578598619095 0.00340841462266937 0.05404186620497899
0.00815057172508356 0.00357760029969863 0.05672437048210624
0.00836003030133574 0.00375459767230967 0.05953073151521829
0.00857426834058026 0.00393974712619627 0.06246634615204243
0.00879339490145250 0.00413340298608947 0.06553683223841406
0.00901752153110714 0.00433593403519915 0.06874803685317518
0.00924676232200168 0.00454772405066836 0.07210604479686206
0.00948123396997554 0.00476917235529811 0.07561718733826228
0.00972105583365455 0.00500069438578590 0.07928805122268544
0.00996634999521086 0.00524272227770448 0.08312548794553112
0.01021724132250930 0.00549570546742658 0.08713662329440423
0.01047385753267182 0.00576011131118014 0.09132886716268872
0.01073632925709234 0.00603642572139642 0.09570992363714530
0.01100479010793513 0.00632515382048555 0.10028780136164685
0.01127937674615054 0.00662682061214427 0.10507082417870151
0.01156022895104278 0.00694197167027005 0.11006764204991808
0.01184748969142502 0.00727117384552109 0.11528724225602521
0.01214130519839822 0.00761501598951150 0.12073896087625041
0.01244182503979057 0.00797410969660397 0.12643249454644359
0.01274920219629551 0.00834909006320963 0.13237791249448547
0.01306359313934714 0.00874061646445433 0.13858566885072388
0.01338515791077250 0.00914937334802465 0.14506661523045267
0.01371406020426148 0.00957607104492289 0.15183201358410395
0.01405046744869568 0.01002144659681663 0.15889354931014132
0.01439455089337861 0.01048626459960653 0.16626334462464623
0.01474648569521082 0.01097131806275364 0.17395397218028824
0.01510645100785415 0.01147742928383997 0.18197846892629171
0.01547463007293047 0.01200545073769490 0.19035035019876911
0.01585121031330155 0.01255626597940537 0.19908362403056051
0.01623638342847728 0.01313079056040347 0.20819280566773585
0.01663034549220105 0.01372997295674374 0.21769293227862907
0.01703329705226174 0.01435479550848607 0.22759957783815113
0.01744544323258324 0.01500627536905352 0.23792886816938685
0.01786699383764364 0.01568546546334142 0.24869749612299791
0.01829816345927684 0.01639345545321470 0.25992273687274303
0.01873917158591129 0.01713137270876362 0.27162246330118295
0.01919024271430143 0.01790038328364103 0.28381516144889429
0.01965160646380849 0.01870169289272379 0.29651994599922188
0.02012349769328904 0.01953654789014397 0.30975657576747512
0.02060615662065081 0.02040623624531570 0.32354546915680538
0.02109982894513634 0.02131208851469757 0.33790771954480586
0.02160476597239717 0.02225547880685740 0.35286511056210879
0.02212122474242183 0.02323782573807667 0.36844013121903579
0.02264946816038292 0.02426059337524798 0.38465599082865698
0.02318976513046999 0.02532529216318611 0.40153663368043729
0.02374239069277615 0.02643347983308089 0.41910675341239734
0.02430762616330817 0.02758676228808143 0.43739180701801023
0.02488575927719144 0.02878679446216387 0.45641802842660473
0.02547708433514257 0.03003528114852822 0.47621244159750664
0.02608190235328413 0.03133397779297400 0.49680287305552556
0.02670052121637808 0.03268469124702394 0.51821796378458129
0.02733325583455557 0.03408928047652014 0.54048718041138466
0.02798042830362298 0.03554965722059707 0.56364082559805673
0.02864236806902609 0.03706778659446883 0.58771004753931277
0.02931941209355530 0.03864568763086351 0.61272684848191328
0.03001190502887783 0.04028543375450508 0.63872409217720039
0.03072019939098390 0.04198915318193921 0.66573551014416843
0.03144465573963612 0.04375902924018819 0.69379570663932844
0.03218564286191384 0.04559730059826738 0.72294016223824853
0.03294353795994549 0.04750626140278381 0.75320523588906796
0.03371872684292464 0.04948826130949821 0.78462816530870871
0.03451160412350755 0.05154570540461804 0.81724706562235727
0.03532257341869220 0.05368105400596033 0.85110092608924082
0.03615204755528083 0.05589682233417068 0.88622960475842794
0.03700044878003107 0.05819558004763583 0.92267382095302386
0.03786820897460196 0.06057995063005962 0.96047514540710877
0.03875576987540499 0.06305261061925450 0.99967598787309286
0.03966358329847156 0.06561628867088168 1.04031958209921016
0.04059211136945144 0.06827376444473890 1.08244996797960269
0.04154182675885962 0.07102786730076194 1.12611197067250779
0.04251321292269084 0.07388147479892021 1.17135117659317856
0.04350676434852451 0.07683751098883870 1.21821390605577484
0.04452298680724557 0.07989894447550758 1.26674718234677752
0.04556239761050876 0.08306878625610720 1.31699869714975315
0.04662552587407801 0.08635008731138384 1.36901677205749062
0.04771291278717478 0.08974593593824970 1.42285031595875466
0.04882511188797229 0.09325945481974900 1.47854877823689379
0.04996268934537607 0.09689379781259685 1.53616209746487686
0.05112622424723432 0.10065214644119437 1.59574064541905836
0.05231630889512456 0.10453770609510812 1.65733516636204836
0.05353354910586695 0.10855370190633351 1.72099671121732611
0.05477856451991744 0.11270337430027590 1.78677656653731409
0.05605198891679789 0.11698997421696306 1.85472617820746177
0.05735447053772392 0.12141675797533262 1.92489706945349326
0.05868667241559430 0.12598698178297868 1.99734075318717519
0.06004927271251029 0.13070389588432194 2.07210863857650152
0.06144296506499628 0.13557073832010469 2.14925193140796988
0.06286845893709819 0.14059072831141198 2.22882152844743597
0.06432647998153851 0.14576705925355429 2.31086790556405397
0.06581777040911241 0.15110289130089175 2.39544099931424226
0.06734308936651281 0.15660134356581579 2.48259008235048295
0.06890321332277674 0.16226548590726128 2.57236363226110054
0.07049893646454947 0.16809833030962482 2.66480919385131454
0.07213107110036829 0.17410282188025042 2.75997323530836658
0.07380044807417101 0.18028182943344814 2.85790099773888295
0.07550791718823986 0.18663813569358384 2.95863633859031827
0.07725434763579656 0.19317442713800287 3.06222156928147093
0.07904062844346812 0.19989328345271037 3.16869728660827743
0.08086766892384888 0.20679716666518591 3.27810219894108723
0.08273639913838959 0.21388840994790673 3.39047294710678138
0.08464777037084835 0.22116920608778931 3.50584391987473820
0.08660275561154497 0.22864159568814924 3.62424706509778183
0.08860235005266523 0.23630745504590744 3.74571169559462369
0.09064757159486676 0.24416848371874630 3.87026429000171390
0.09273946136544539 0.25222619178348504 3.99792828860961569
0.09487908424832442 0.26048188665535960 4.12872388211196384
0.09706752942613760 0.26893665946416306 4.26266779319830746
0.09930591093468150 0.27759137084392521 4.39977304871344543
0.10159536823001940 0.28644663596157816 4.54004873961077227
0.10393706676852514 0.29550280872622003 4.68349976777054611
0.10633219860016335 0.30475996493607826 4.83012657582737415
0.10878198297530639 0.31421788429466163 4.97992485891758463
0.11128766696539810 0.32387603127975123 5.13288525808479612
0.11385052609778017 0.33373353479338236 5.28899303419997935
0.11647186500500334 0.34378916686578453 5.44822772672222921
0.11915301808895595 0.35404132062296417 5.61056280062014512
0.12189535020014546 0.36448798789215342 5.77596528738186255
0.12470025733248064 0.37512673706080485 5.94439542987192304
0.12756916733390719 0.38595469161571150 6.11580633778899685
0.13050354063325895 0.39696851004799882 6.29014366459127228
0.13350487098369385 0.40816436767350095 6.46734531459429629
0.13657468622309507 0.41953794067867367 6.64734118514749106
0.13971454905182187 0.43108439281976113 6.83005295066789841
0.14292605782820772 0.44279836465731481 7.01539388665266461
0.14621084738221063 0.45467396515604791 7.20326873097243148
0.14957058984762853 0.46670476537733280 7.39357357812582361
0.15300699551330571 0.47888379355916078 7.58619579527131194
0.15652181369376089 0.49120353134108824 7.78101395620409253
0.16011683361968218 0.50365591066524584 7.97789778584709541
0.16379388534874131 0.51623231109566015 8.17670811117421792
0.16755484069719107 0.52892355776329514 8.37729682186905755
0.17140161419271960 0.54171991975445111 8.57950683782480361
0.17533616404904812 0.55461110934465818 8.78317208987537867
0.17936049316276637 0.56758628224939123 8.98811751648218937
0.18347665013291398 0.58063403888851484 9.19415907632883211
0.18768673030382763 0.59374242711245273 9.40110378395219470
0.19199287683178259 0.60689894617324591 9.60874976497325228
0.19639728177597524 0.62009055214796516 9.81688633423999590
0.20090218721439773 0.63330366492191736 10.02529409861149823
0.20550988638517612 0.64652417648423477 10.23374508046660480
0.21022272485395121 0.65973746092840280 10.44200286820699830
0.21504310170789745 0.67292838594246029 10.64982279035332802
0.21997347077698587 0.68608132593963456 10.85695211565672658
0.22501634188311620 0.69918017709739233 11.06313028352024475
0.23017428211774971 0.71220837410644244 11.26808916159022189
0.23544991714869670 0.72514890912325758 11.47155333840584390
0.24084593255672179 0.73798435288349606 11.67324045045085157
0.24636507520264866 0.75069687815303410 11.87286154644163894
0.25201015462565846 0.76326828592303553 12.07012149535859180
0.25778404447349706 0.77568003422653309 12.26471943627713301
0.26368968396531456 0.78791327006956047 12.45634927788687918
0.26973007938788579 0.79994886453056446 12.64470024857192954
0.27590830562597141 0.81176745115140925 12.82945749902756027
0.28222750772759764 0.82334946798709752 13.01030276330590496
0.28869090250505608 0.83467520315656618 13.18691507577142907
0.29530178017243219 0.84572484417274141 13.35897154844498225
0.30206350602050086 0.85647853095790749 13.52614820726361700
0.30897952212983931 0.86691641237828865 13.68812088462424725
0.31605334912303124 0.87701870624981881 13.84456616753093172
0.32328858795685067 0.88676576229671034 13.99516239309892640
0.33068892175534376 0.89613812772476009 14.13959068613593928
0.33825811768473490 0.90511661474971561 14.27753602838415503
0.34600002887111658 0.91368236934248259 14.40868834774204466
0.35391859636189693 0.92181694044005591 14.53274361569096129
0.36201785113200291 0.92950234879379534 14.64940493980609304
0.37030191613586422 0.93672115484362073 14.75838364177617379
0.37877500840621653 0.94345652521814849 14.85940031464543409
0.38744144120079754 0.94969229819673606 14.95218586455948184
0.39630562619802595 0.95541304901150548 15.03648255089078312
0.40537207574278256 0.96060415736117077 15.11204506198307662
0.41464540514343384 0.96525188067341450 15.17864168204320841
0.42413033502127345 0.96934343819955437 15.23605562880432984
0.43383169371356972 0.97286711285644445 15.28408667008403654
0.44375441973144814 0.97581237761401451 15.32255312508499401
0.45390356427385864 0.97817005290786574 15.35129435075517890
0.46428429379890479 0.97993249619867484 15.37017372883151367
0.47490189265384952 0.98109381442963317 15.37908200604307929
0.48576176576513030 0.98165007222680856 15.37794055948680771
0.49686944138975531 0.98159944144469524 15.36670373345572216
0.50823057392948345 0.98094221001569137 15.34535896483182249
0.51985094680921740 0.97968055092378026 15.31392315189561337
0.53173647542107505 0.97781796961275036 15.27243400331482270
0.54389321013564340 0.97535842329847544 15.22093628741791704
0.55632733938194001 0.97230523140778602 15.15946486845381003
0.56904519279765442 0.96866005109108511 15.08802882432293480
0.58205324445127316 0.96442228792181894 15.00660241669474182
0.59535811613772793 0.95958926262545952 14.91512788267642442
0.60896658074924170 0.95415720241272284 14.81353105825252570
0.62288556572309628 0.94812274697590959 14.70174494729530856
0.63712215656806748 0.94148442467647853 14.57973273448891938
0.65168360047132856 0.93424363964582369 14.44750311417773503
0.66657730998765741 0.92640503581197886 14.30511589492271263
0.68181086681282121 0.91797638841218254 14.15268026054690154
0.69739202564307023 0.90896826616671200 13.99034948547189217
0.71332871812268961 0.89939365328360865 13.81831504520968501
0.72962905688163293 0.88926762749145383 13.63680160805855301
0.74630133966528422 0.87860712094666626 13.44606331505542407
0.76335405355845698 0.86743075771729816 13.24638124328878774
0.78079587930577032 0.85575874454392142 13.03806168458279124
0.79863569573061832 0.84361279284420743 12.82143489636093037
0.81688258425496330 0.83101604971136533 12.59685397930836359
0.83554583352226663 0.81799302114174510 12.36469362390527849
0.85463494412590679 0.80456947885337404 12.12534859661390030
0.87415963344548697 0.79077234357575021 11.87923185795953884
0.89412984059350598 0.77662954710022558 11.62677235336550652
0.91455573147489622 0.76216987505918310 11.36841250982758567
0.93544770396201438 0.74742279503839815 11.10460551213993874
0.95681639318771494 0.73241827747101074 10.83581247707983586
0.97867267695920379 0.71718661189846356 10.56249956500631626
1.00102768129542063 0.70175822598816451 10.28513514563401010
1.02389278609078427 0.68616350964394357 10.00418705339300907
1.04727963090816401 0.67043264714093997 9.72011997765258506
1.07120012090404226 0.65459546132445867 9.43339305116273330
1.09566643288887766 0.63868126871125785 9.14445761664441115
1.12069102152574862 0.62271874920487202 8.85375523015716581
1.14628662567045114 0.60673582920401437 8.56171588076423618
1.17246627485625443 0.59075957838927673 8.26875643051576503
1.19924329592663104 0.57481612126696380 7.97527929187850049
1.22663131981933571 0.55893056072695602 7.68167129850506747
1.25464428850528154 0.54312691515552325 7.38830279465674433
1.28329646208574832 0.52742806662666852 7.09552690431153010
1.31260242605154120 0.51185571952475084 6.80367897091632212
1.34257709870778474 0.49643036921929301 6.51307616375171072
1.37323573876813887 0.48117127823470307 6.22401721205310832
1.40459395312230262 0.46609646035073038 5.93678227715446294
1.43666770478075279 0.45122267053481629 5.65163293217453599
1.46947332100077799 0.43656540029386603 5.36881224635580701
1.50302750159792198 0.42213887803231098 5.08854497136219663
1.53734732744708502 0.40795607342870016 4.81103781677189701
1.57245026917760478 0.39402870636823145 4.53647982659666749
1.60835419606674357 0.38036726005284466 4.26504285208874201
1.64507738513610047 0.36698099892440733 3.99688213128170533
1.68263853045560552 0.35387799177352375 3.73213697963230784
1.72105675265979285 0.34106514071197835 3.47093159850836708
1.76035160868123275 0.32854821635765752 3.21337600183042804
1.80054310170605580 0.31633189968971021 2.95956706040311479
1.84165169135664741 0.30441983060594691 2.70958965593064738
1.88369830410668571 0.29281466226869962 2.46351792459253049
1.92670434393384626 0.28151812102932650 2.22141657876511145
1.97069170321556753 0.27053106935593291 1.98334226660680391
2.01568277387344352 0.25985357036515611 1.74934495235395060
2.06170045877191477 0.24948495089716335 1.51946928377263335
2.10876818337704375 0.23942385980985925 1.29375592014104157
2.15690990768134405 0.22966831948280145 1.07224282560106188
2.20615013840069052 0.22021576662294703 0.85496651298597004
2.25651394144955519 0.21106308224399054 0.64196328455197083
2.30802695470089736 0.20220661028949402 0.43327050317295462
2.36071540103721578 0.19364216714406901 0.22892794879237402
2.41460610169939383 0.18536504765701955 0.02897933167403923
2.46972648994015920 0.17737003249724478 -0.16652602671501338
2.52610462498907040 0.16965140545019783 -0.35753132219361594
2.58376920633616836 0.16220298573114489 -0.54397027351524896
2.64274958834155793 0.15501817890100894 -0.72576510369404923
2.70307579517833929 0.14809004724176084 -0.90282461266844516
2.76477853611653268 0.14141139414888371 -1.07504250310329486
2.82788922115573316 0.13497485783833349 -1.24229604230474266
2.89243997701448663 0.12877300549488491 -1.40444514884197047
2.95846366348450696 0.12279842117262832 -1.56133191756124723
3.02599389015807407 0.11704378315827690 -1.71278055171717436
3.09506503353710505 0.11150192629989542 -1.85859767847706059
3.16571225453265237 0.10616589067333110 -1.99857297040213511
3.23797151636367708 0.10102895605704726 -2.13248004546741488
3.31187960286425920 0.09608466473798072 -2.26007760371429445
3.38747413720853530 0.09132683542014930 -2.38111077683895633
3.46479360106291345 0.08674956893013450 -2.49531269570196246
3.54387735417529859 0.08234724926617616 -2.60240625799662650
3.62476565441132070 0.07811453980232831 -2.70210610946281715
3.70749967824771787 0.07404637625266852 -2.79412082738638867
3.79212154173340688 0.07013795711843272 -2.87815529319704755
3.87867432192878114 0.06638473076382864 -2.95391323575819165
3.96720207883424969 0.06278238058568042 -3.02109989857746397
4.05774987781913588 0.05932680689568155 -3.07942478730213987
4.15036381256236098 0.05601410624735393 -3.12860443167568469
4.24509102851660192 0.05284054833208125 -3.16836509677689948
4.34197974690784605 0.04980255003915731 -3.19844538507288911
4.44107928928257856 0.04689664837444178 -3.21859867717747905
4.54244010261509334 0.04411947196680928 -3.22859539327020917
4.64611378498771010 0.04146771292414198 -3.22822508211908055
4.75215311185692979 0.03893810009013007 -3.21729838473801610
4.86061206291901815 0.03652737441246702 -3.19564896249851849
4.97154584958852741 0.03423226833905180 -3.16313550066664328
5.08501094310387547 0.03204948918659593 -3.11964393817182595
5.20106510327422278 0.02997570769732363 -3.06509007166714031
5.31976740788231872 0.02800755182999551 -2.99942268707797721
5.44117828275824778 0.02614160538131803 -2.92262736066431605
5.56535953253941695 0.02437441175330885 -2.83473102836603763
5.69237437213242803 0.02270248145974103 -2.73580740621848983
5.82228745889284749 0.02112230325718088 -2.62598327653159691
5.95516492553926291 0.01963035779713210 -2.50544561554365464
6.09107441381839276 0.01822313270834620 -2.37444947941274975
6.23008510893831069 0.01689713884264736 -2.23332649634159885
6.37226777478748918 0.01564892611542256 -2.08249376965687638
6.51769478995736318 0.01447509888865267 -1.92246292173781708
6.66644018458692322 0.01337232994726232 -1.75384896774277177
6.81857967804801657 0.01233737247774210 -1.57737866262818627
6.97419071749056663 0.01136707016567397 -1.39389792152688052
7.13335251726731823 0.01045836449559840 -1.20437791738828537
7.29614609925818325 0.00960829981140952 -1.00991943423854291
7.46265433411472312 0.00881402579656949 -0.81175509012102876
7.63296198344574073 0.00807279756317545 -0.61124908149105162
7.80715574296549430 0.00738197397522075 -0.40989411328864334
7.98532428662641092 0.00673901402890611 -0.20930530548314924
8.16755831175894897 0.00614147228695276 -0.01121083733135551
8.35395058524134981 0.00558699344406842 0.18256077818837346
8.54459599072295717 0.00507330655844963 0.37009687137351882
8.73959157692507560 0.00459821955965287 0.54942035149982205
8.93903660704397041 0.00415961396169716 0.71851292713818382
9.14303260928114625 0.00375544048495372 0.87534192591716131
9.35168342852664125 0.00338371541136731 1.01789061257034685
9.56509527922163549 0.00304251787015918 1.14419198152135482
9.78337679942729466 0.00272998816479357 1.25236601429952654
10.00663910612737517 0.00244432677966413 1.34066011321143708
10.23499585179264670 0.00218379430878182 1.40749266636105652
10.46856328223619670 0.00194671186616916 1.45149924101208572
10.70746029578870484 0.00173146195582440 1.47158096167750441
10.95180850382407201 0.00153648969035762 1.46695441668376825
11.20173229266613113 0.00136030399461032 1.43720197927077753
11.45735888690794013 0.00120147893966517 1.38232152859121293
11.71881841417591552 0.00105865483422378 1.30277382651037255
11.98624397137176878 0.00093053912377786 1.19952578136616839
12.25977169242594300 0.00081590703102466 1.07408736414766315
12.53954081759709460 0.00071360174907821 0.92853950024434939
12.82569376435284880 0.00062253437350190 0.76555019288754678
13.11837619986782677 0.00054168335214044 0.58837558923813904
13.41773711517618395 0.00047009359514397 0.40084278279392588
13.72392890101593110 0.00040687523580229 0.20731094608510994
14.03710742540400247 0.00035120198799904 0.01260769494495523
14.35743211298142441 0.00030230928231461 -0.17806221644751793
14.68506602616899315 0.00025949206022586 -0.35923782884890237
15.02017594817478674 0.00022210238357593 -0.52535373140388009
15.36293246789574063 0.00018954686102683 -0.67092238845961349
15.71351006675654283 0.00016128389557037 -0.79074463147863727
16.07208720753001430 0.00013682088542295 -0.88014456374359873
16.43884642518424499 0.00011571130816905 -0.93522128830264561
16.81397441980256602 0.00009755181029108 -0.95310822676079321
17.19766215162404421 0.00008197929384894 -0.93222693948275948
17.59010493825238441 0.00006866801735982 -0.87251917280760816
17.99150255408304133 0.00005732678612874 -0.77563914747012275
18.40205933199911215 0.00004769618703361 -0.64508414166069017
18.82198426738771602 0.00003954594342561 -0.48624217200638820
19.25149112452982081 0.00003267237247552 -0.30633446505048406
19.69079854541773145 0.00002689595735709 -0.11423346071685331
20.14013016105555565 0.00002205906656152 0.07985823533200680
20.59971470529937676 0.00001802378976775 0.26487499213592014
21.06978613129506073 0.00001466992802950 0.42949770335728032
21.55058373057279653 0.00001189311780415 0.56288842711249742
22.04235225485951943 0.00000960309321626 0.65551593405714437
22.54534204067049785 0.00000772209386228 0.70002203337771951
23.05980913674406452 0.00000618339703785 0.69205727632676572
23.58601543438413017 0.00000492998798385 0.63100319513604219
24.12422880077691190 0.00000391334992834 0.52048339197498250
24.67472321534962987 0.00000309237239223 0.36856510481281035
25.23777890924074896 0.00000243237389848 0.18756164753558363
25.81368250795260622 0.00000190422457910 -0.00663339330023754
26.40272717725916607 0.00000148356993783 -0.19570713351942373
27.00521277244313723 0.00000115014193832 -0.36055783834218208
27.62144599093817376 0.00000088715316425 -0.48329723683333792
28.25174052845458306 0.00000068076727420 -0.54945303962988867
28.89641723866705547 0.00000051963608190 -0.55011871688926095
29.55580429654641605 0.00000039450003190 -0.48374505182883826
30.23023736541825457 0.00000029784280276 -0.35723026987856943
30.92005976783353915 0.00000022359560428 -0.18599157875135566
31.62562266033818048 0.00000016688533677 0.00721965753540874
32.34728521223050990 0.00000012382058422 0.19484601498546850
33.08541478839770633 0.00000009131184826 0.34826203113878845
33.84038713632418194 0.00000006692052781 0.44232942706087491
34.61258657736724587 0.00000004873334745 0.46010945765007943
35.40240620239699609 0.00000003525845985 0.39686513067589818
36.21024807190102734 0.00000002533985525 0.26238872601599217
37.03652342065445424 0.00000001808764604 0.08081023388165803
37.88165286706054502 0.00000001282118796 -0.11263899568269295
38.74606662726797879 0.00000000902342519 -0.27783023748733809
39.63020473417393674 0.00000000630433689 -0.37810624799751147
40.53451726142439071 0.00000000437177563 -0.38922051432295207
41.45946455252568086 0.00000000300851010 -0.30668828865365938
42.40551745518406790 0.00000000205420011 -0.14922195291271090
43.37315756099237518 0.00000000139140134 0.04354876189035217
44.36287745058590559 0.00000000093475973 0.21966155388380859
45.37518094439247562 0.00000000062273338 0.32847127913602908
46.41058335910366850 0.00000000041131525 0.33615346427200044
47.46961176999907650 0.00000000026929680 0.23833736621784574
48.55280527925557266 0.00000000017473611 0.06491727739966734
49.66071529037922971 0.00000000011234127 -0.12637881881085841
50.79390578889924512 0.00000000007154969 -0.26766958655282397
51.95295362946679774 0.00000000004513301 -0.30536561934983070
53.13844882950493798 0.00000000002819042 -0.22287592553614774
54.35099486955905235 0.00000000001743133 -0.05158206521116598
55.59120900050081815 0.00000000001066795 0.13728537051282921
56.85972255774188255 0.00000000000646023 0.26015421694374691
58.15718128261759290 0.00000000000387014 0.25887513211747099
59.48424565110341433 0.00000000000229303 0.13194005977491183
60.84159121003325055 0.00000000000134333 -0.05853253859258529
62.22990892098852811 0.00000000000077793 -0.21294847837744851
63.64990551203475633 0.00000000000044520 -0.24553002774491489
65.10230383748395866 0.00000000000025172 -0.13558273641309670
66.58784324586622461 0.00000000000014058 0.05300676457661042
68.10727995629770248 0.00000000000007752 0.20309312147285852
69.66138744343665223 0.00000000000004220 0.21583492304407376
71.25095683122340517 0.00000000000002267 0.08055258102642923
72.87679729560497321 0.00000000000001201 -0.10838627663125340
74.53973647644883727 0.00000000000000628 -0.21123213255178397
76.24062089885565285 0.00000000000000324 -0.14711848237551345
77.98031640408652265 0.00000000000000165 0.03420538642086397
79.75970859032210569 0.00000000000000083 0.18132184900502452
