0.00000000000000000 25.52751971886828386 -6.39055496355193142
0.00002347738310443 24.27685298903899636 -6.07746297656672141
0.00004749047730607 24.04305133503478231 -6.01893281444180950
0.00007205150655588 23.90008694574472869 -5.98314282829009692
0.00009717297373309 23.79391911602418119 -5.95656447605104944
0.00012286766700988 23.70772975652952752 -5.93498751937767910
0.00014914866636119 23.63405454843926989 -5.91654334136654292
0.00017602935022314 23.56891509912501803 -5.90023599131567167
0.00020352340230341 23.50993450051084466 -5.88547043389258562
0.00023164481854694 23.45557675614773174 -5.87186214742575707
0.00026040791426061 23.40479056600755925 -5.85914794904574965
0.00028982733140055 23.35682391292752769 -5.84713957828466580
0.00031991804602561 23.31111963304454093 -5.83569755419468628
0.00035069537592104 23.26725288308293571 -5.82471552091788869
0.00038217498839601 23.22489181533569536 -5.81411040306622429
0.00041437290825916 23.18377183355385540 -5.80381596094372387
0.00044730552597602 23.14367816374506148 -5.79377842732168080
0.00048098960601271 23.10443371369303733 -5.78395346819130651
0.00051544229536990 23.06589040425096115 -5.77430401263968296
0.00055068113231157 23.02792284674677248 -5.76479867005091862
0.00058672405529292 22.99042364330573562 -5.75541055358814369
0.00062358941209201 22.95329983457711265 -5.74611639091640747
0.00066129596914975 22.91647017473339076 -5.73689584202481573
0.00069986292112305 22.87986301198244021 -5.72773096863259923
0.00073930990065588 22.84341462095419928 -5.71860581671735435
0.00077965698837339 22.80706787497194910 -5.70950608412985172
0.00082092472310400 22.77077117903673553 -5.70041885347570165
0.00086313411233476 22.73447760389432304 -5.69133237533588421
0.00090630664290529 22.69814417736984069 -5.68223589085761915
0.00095046429194573 22.66173129984705881 -5.67311948542347366
0.00099562953806428 22.62520225857300105 -5.66397396706032730
0.00104182537279002 22.58852282126160915 -5.65479076469997555
0.00108907531227682 22.55166089390894868 -5.64556184251434079
0.00113740340927431 22.51458623115311752 -5.63627962740464827
0.00118683426537207 22.47727018914987696 -5.62693694713387416
0.00123739304352309 22.43968551445258441 -5.61752697747241658
0.00128910548085309 22.40180616183380025 -5.60804319658892059
0.00134199790176211 22.36360713717013837 -5.59847934571533390
0.00139609723132501 22.32506436074041289 -5.58882939492211506
0.00145143100899782 22.28615454803151152 -5.57908751327622454
0.00150802740263672 22.24685510540544442 -5.56924804271934448
0.00156591522283709 22.20714403835601658 -5.55930547509763873
0.00162512393759954 22.16699987055429588 -5.54925443189230450
0.00168568368733079 22.12640157217391135 -5.53908964627308187
0.00174762530018669 22.08532849622801209 -5.52880594715727547
0.00181098030776544 22.04376032184342904 -5.51839824500531861
0.00187578096115884 22.00167700356834999 -5.50786151912660671
0.00194206024736984 21.95905872594108033 -5.49719080630225498
0.00200985190610466 21.91588586266469818 -5.48638119056077755
0.00207919044694816 21.87213893982742263 -5.47542779396636892
0.00215011116693100 21.82779860270277794 -5.46432576830326511
0.00222265016849779 21.78284558577547969 -5.45307028756740131
0.00229684437788510 21.73726068548219459 -5.44165654113761299
0.00237273156391896 21.69102473546410437 -5.43007972757541779
0.00245035035724114 21.64411858421490820 -5.41833504902436225
0.00252974026997429 21.59652307453505315 -5.40641770606129590
0.00261094171583566 21.54821902494063934 -5.39432289303685941
0.00269399603070992 21.49918721272045374 -5.38204579382835213
0.00277894549369124 21.44940835837269333 -5.36958157793778934
0.00286583334860573 21.39886311159231980 -5.35692539697799397
0.00295470382602476 21.34753203831883539 -5.34407238142391083
0.00304560216578075 21.29539560909507045 -5.33101763769195180
0.00313857463999666 21.24243418842708309 -5.31775624546975401
0.00323366857664094 21.18862802508985510 -5.30428325528246258
0.00333093238362006 21.13395724353180682 -5.29059368633393401
0.00343041557342068 21.07840183594203154 -5.27668252451359887
0.00353216878831418 21.02194165528745984 -5.26254472064591461
0.00363624382613628 20.96455640914548368 -5.24817518893874713
0.00374269366665492 20.90622565418064482 -5.23356880559276405
0.00385157249853979 20.84692879141896782 -5.21872040761026934
0.00396293574694726 20.78664506225040753 -5.20362479178610027
0.00407684010173478 20.72535354505184912 -5.18827671385365363
0.00419334354631903 20.66303315247932559 -5.17267088779817996
0.00431250538719256 20.59966262943338577 -5.15680198533839462
0.00443438628411405 20.53522055166909155 -5.14066463556924091
0.00455904828098729 20.46968532504338967 -5.12425342476394174
0.00468655483744490 20.40303518537700711 -5.10756289632971683
0.00481697086115265 20.33524819896280178 -5.09058755092507376
0.00495036274085100 20.26630226371323218 -5.07332184673689301
0.00508679838015042 20.19617511094841689 -5.05576019991762582
0.00522634723209806 20.12484430783138833 -5.03789698518435269
0.00536908033453304 20.05228726045947951 -5.01972653658185219
0.00551507034624848 19.97848121762210383 -5.00124314841229456
0.00566439158397877 19.90340327523738040 -4.98244107633470890
0.00581712006023074 19.82703038148043007 -4.96331453863742578
0.00597333352197809 19.74933934261969526 -4.94385771768754978
0.00613311149023878 19.67030682957794241 -4.92406476156176520
0.00629653530055548 19.58990938523587033 -4.90392978586283945
0.00646368814439972 19.50812343249733161 -4.88344687572671976
0.00663465511152080 19.42492528313728783 -4.86261008802542527
0.00680952323326103 19.34029114745392519 -4.84141345377121102
0.00698838152685935 19.25419714474832844 -4.81985098072781426
0.00717132104076586 19.16661931465550950 -4.79791665623481833
0.00735843490099037 19.07753362935200059 -4.77560445025142766
0.00754981835850853 18.98691600666615287 -4.75290831862627261
0.00774556883774964 18.89474232411851418 -4.72982220660008945
0.00794578598619095 18.80098843391925811 -4.70634005254811516
0.00815057172508356 18.70563017895149471 -4.68245579196941186
0.00836003030133574 18.60864340977025222 -4.65816336173062862
0.00857426834058026 18.51000400264676315 -4.63345670457171810
0.00879339490145250 18.40968787868905565 -4.60832977388134069
0.00901752153110714 18.30767102406976221 -4.58277653874982072
0.00924676232200168 18.20392951139308479 -4.55679098930768589
0.00948123396997554 18.09843952223277341 -4.53036714235782600
0.00972105583365455 17.99117737087387425 -4.50349904730956752
0.00996634999521086 17.88211952929463067 -4.47618079242382283
0.01021724132250930 17.77124265341464593 -4.44840651137596055
0.01047385753267182 17.65852361064012399 -4.42017039014417179
0.01073632925709234 17.54393950874661456 -4.39146667423359816
0.01100479010793513 17.42746772612914441 -4.36228967624375041
0.01127937674615054 17.30908594345152451 -4.33263378378733233
0.01156022895104278 17.18877217673009739 -4.30249346776939223
0.01184748969142502 17.06650481188707502 -4.27186329103574369
0.01214130519839822 16.94226264077928690 -4.24073791739222816
0.01244182503979057 16.81602489875459838 -4.20911212100808285
0.01274920219629551 16.68777130376255258 -4.17698079621018170
0.01306359313934714 16.55748209704572105 -4.14433896767495202
0.01338515791077250 16.42513808545075449 -4.11118180102792596
0.01371406020426148 16.29072068534993534 -4.07750461384875695
0.01405046744869568 16.15421196821004202 -4.04330288709118069
0.01439455089337861 16.01559470784443562 -4.00857227692705731
0.01474648569521082 15.87485242936373098 -3.97330862701858889
0.01510645100785415 15.73196945985141504 -3.93750798122553602
0.01547463007293047 15.58693098072428107 -3.90116659673763388
0.01585121031330155 15.43972308183568032 -3.86428095764697721
0.01623638342847728 15.29033281732888661 -3.82684778896248723
0.01663034549220105 15.13874826326025946 -3.78886407107163592
0.01703329705226174 14.98495857693536415 -3.75032705463553029
0.01744544323258324 14.82895405797509447 -3.71123427592193389
0.01786699383764364 14.67072621113521258 -3.67158357258238821
0.01829816345927684 14.51026781087710660 -3.63137309987323542
0.01873917158591129 14.34757296760488465 -3.59060134729966007
0.01919024271430143 14.18263719556451363 -3.54926715568204099
0.01965160646380849 14.01545748242255840 -3.50736973464938107
0.02012349769328904 13.84603236049744979 -3.46490868055343215
0.02060615662065081 13.67436197950297405 -3.42188399476885197
0.02109982894513634 13.50044818081881459 -3.37829610238348188
0.02160476597239717 13.32429457327271649 -3.33414587127536111
0.02212122474242183 13.14590661034783636 -3.28943463155524851
0.02264946816038292 12.96529166864422322 -3.24416419533239253
0.02318976513046999 12.78245912763390102 -3.19833687681383561
0.02374239069277615 12.59742045064132832 -3.15195551272066021
0.02430762616330817 12.41018926683068990 -3.10502348296704467
0.02488575927719144 12.22078145412470995 -3.05754473158376960
0.02547708433514257 12.02921522303656765 -3.00952378788202957
0.02608190235328413 11.83551120122732492 -2.96096578781115438
0.02670052121637808 11.63969251853129805 -2.91187649544638072
0.02733325583455557 11.44178489246809427 -2.86226232461178931
0.02798042830362298 11.24181671408328320 -2.81213036059936350
0.02864236806902609 11.03981913373999824 -2.76148838189030910
0.02931941209355530 10.83582614683076706 -2.71034488187139511
0.03001190502887783 10.62987467928730112 -2.65870909051611815
0.03072019939098390 10.42200467245380935 -2.60659099592264676
0.03144465573963612 10.21225916717047788 -2.55400136567062397
0.03218564286191384 10.00068438699274331 -2.50095176797848584
0.03294353795994549 9.78732982007255004 -2.44745459254333619
0.03371872684292464 9.57224829940799715 -2.39352307099038919
0.03451160412350755 9.35549608142803635 -2.33917129692369397
0.03532257341869220 9.13713292239736852 -2.28441424544980975
0.03615204755528083 8.91722215221511760 -2.22926779206819692
0.03700044878003107 8.69583074560636327 -2.17374873092783893
0.03786820897460196 8.47302939013563794 -2.11787479230764975
0.03875576987540499 8.24889255050105774 -2.06166465918552611
0.03966358329847156 8.02349852913978800 -2.00513798290315215
0.04059211136945144 7.79692952248902760 -1.94831539776265195
0.04154182675885962 7.56927167227485231 -1.89121853439817356
0.04251321292269084 7.34061511189813487 -1.83387003193864451
0.04350676434852451 7.11105400713262537 -1.77629354876532242
0.04452298680724557 6.88068659046913123 -1.71851377169724806
0.04556239761050876 6.64961518922108663 -1.66055642363176292
0.04662552587407801 6.41794624641757938 -1.60244826939625384
0.04771291278717478 6.18579033386163157 -1.54421711965459751
0.04882511188797229 5.95326215750657273 -1.48589183290416416
0.04996268934537607 5.72048055392131083 -1.42750231525552773
0.05112622424723432 5.48756847739442222 -1.36907951788048088
0.05231630889512456 5.25465297781882068 -1.31065543216070601
0.05353354910586695 5.02186516782513870 -1.25226308215337867
0.05477856451991744 4.78934017906155596 -1.19393651434493675
0.05605198891679789 4.55721710762441123 -1.13571078469038067
0.05735447053772392 4.32563894683909300 -1.07762194248686605
0.05868667241559430 4.09475250782392930 -1.01970701118481299
0.06004927271251029 3.86470832745724735 -0.96200396603752958
0.06144296506499628 3.63566056191281506 -0.90455170812872621
0.06286845893709819 3.40776686679921648 -0.84739003502981125
0.06432647998153851 3.18118826282148914 -0.79055960781267209
0.06581777040911241 2.95608898558170985 -0.73410191406838476
0.06734308936651281 2.73263632095815989 -0.67805922728297907
0.06890321332277674 2.51100042405488155 -0.62247456206475404
0.07049893646454947 2.29135412140668793 -0.56739162513770192
0.07213107110036829 2.07387269776388861 -0.51285476242236827
0.07380044807417101 1.85873366458749611 -0.45890890148349894
0.07550791718823986 1.64611651156845884 -0.40559948966225401
0.07725434763579656 1.43620244145279807 -0.35297242795425005
0.07904062844346812 1.22917408523355109 -0.30107399989409089
0.08086766892384888 1.02521520063319160 -0.24995079616314736
0.08273639913838959 0.82451035216189650 -0.19964963448493864
0.08464777037084835 0.62724457139118184 -0.15021747446008452
0.08660275561154497 0.43360300094972798 -0.10170132820239523
0.08860235005266523 0.24377051857784698 -0.05414816585608183
0.09064757159486676 0.05793134321274774 -0.00760481647477832
0.09273946136544539 -0.12373137439768660 0.03788213512525754
0.09487908424832442 -0.30103598033853690 0.08226645648691566
0.09706752942613760 -0.47380275922965492 0.12550237907495881
0.09930591093468150 -0.64185438916421333 0.16754471333021997
0.10159536823001940 -0.80501641001185198 0.20834896725351412
0.10393706676852514 -0.96311769674651004 0.24787146645097649
0.10633219860016335 -1.11599094098853202 0.28606947644158848
0.10878198297530639 -1.26347313510574022 0.32290132582957820
0.11128766696539810 -1.40540605379431471 0.35832652908926010
0.11385052609778017 -1.54163673835586090 0.39230591027697054
0.11647186500500334 -1.67201797475228475 0.42480172546894529
0.11915301808895595 -1.79640876990716514 0.45577778505966732
0.12189535020014546 -1.91467482950017676 0.48519957675426739
0.12470025733248064 -2.02668903149091006 0.51303438784226940
0.12756916733390719 -2.13233190814508777 0.53925142995802267
0.13050354063325895 -2.23149213236509247 0.56382196529981943
0.13350487098369385 -2.32406701004991678 0.58671943474872579
0.13657468622309507 -2.40996298772245332 0.60791959019661257
0.13971454905182187 -2.48909616241208642 0.62740062783402384
0.14292605782820772 -2.56139280105909073 0.64514332420018117
0.14621084738221063 -2.62678986190155417 0.66113117309905234
0.14957058984762853 -2.68523550420447954 0.67535051995609752
0.15300699551330571 -2.73668959278773549 0.68779069521044833
0.15652181369376089 -2.78112417572345505 0.69844414132293253
0.16011683361968218 -2.81852393569867576 0.70730653350788897
0.16379388534874131 -2.84888661346716221 0.71437689378466340
0.16755484069719107 -2.87222338561501545 0.71965769388900180
0.17140161419271960 -2.88855921108138025 0.72315495064379232
0.17533616404904812 -2.89793313098011085 0.72487830990532220
0.17936049316276637 -2.90039852118533359 0.72484111892605096
0.18347665013291398 -2.89602330677181330 0.72306048938926082
0.18768673030382763 -2.88489011669840734 0.71955734566684615
0.19199287683178259 -2.86709639531580329 0.71435646242410955
0.19639728177597524 -2.84275445911146996 0.70748648862982677
0.20090218721439773 -2.81199149131796533 0.69897995607390262
0.20550988638517612 -2.77494949102478516 0.68887327653072872
0.21022272485395121 -2.73178515178541081 0.67720672123081660
0.21504310170789745 -2.68266968665857997 0.66402438684292109
0.21997347077698587 -2.62778859487117211 0.64937414670002191
0.22501634188311620 -2.56734135728949786 0.63330758396941333
0.23017428211774971 -2.50154108502844519 0.61587991282940557
0.23544991714869670 -2.43061409590004596 0.59714988119400714
0.24084593255672179 -2.35479943467801656 0.57717965892723355
0.24636507520264866 -2.27434833978104312 0.55603471212044842
0.25201015462565846 -2.18952363870988131 0.53378365886195800
0.25778404447349706 -2.10059910157258489 0.51049811381962740
0.26368968396531456 -2.00785872868392090 0.48625251544878728
0.26973007938788579 -1.91159598535740938 0.46112393902733678
0.27590830562597141 -1.81211299293256833 0.43519189770332189
0.28222750772759764 -1.70971965471154941 0.40853812600829731
0.28869090250505608 -1.60473274837504221 0.38124635373971300
0.29530178017243219 -1.49747496364342325 0.35340206468781232
0.30206350602050086 -1.38827389494557352 0.32509224255758518
0.30897952212983931 -1.27746100335563506 0.29640510761388489
0.31605334912303124 -1.16537052529149743 0.26742983817229982
0.32328858795685067 -1.05233836008864290 0.23825628503771787
0.33068892175534376 -0.93870091991379268 0.20897467455669369
0.33825811768473490 -0.82479395003046319 0.17967530222477102
0.34600002887111658 -0.71095133837519642 0.15044822164467644
0.35391859636189693 -0.59750389492767320 0.12138292371717785
0.36201785113200291 -0.48477813346337745 0.09256801438573711
0.37030191613586422 -0.37309504623702572 0.06409088842358161
0.37877500840621653 -0.26276888049372749 0.03603740146082274
0.38744144120079754 -0.15410593889441526 0.00849154590118921
0.39630562619802595 -0.04740338929411501 -0.01846487318082774
0.40537207574278256 0.05705188733291366 -0.04475255479095656
0.41464540514343384 0.15898441831491217 -0.07029501349921559
0.42413033502127345 0.25813122740422845 -0.09501888512264821
0.43383169371356972 0.35424287877523358 -0.11885422383728410
0.44375441973144814 0.44708449870596773 -0.14173479648846429
0.45390356427385864 0.53643676638782145 -0.16359837167209781
0.46428429379890479 0.62209688971947441 -0.18438700736638700
0.47490189265384952 0.70387956540342889 -0.20404733623406046
0.48576176576513030 0.78161789611099430 -0.22253084027168468
0.49686944138975531 0.85516422011347615 -0.23979410186106223
0.50823057392948345 0.92439074070651372 -0.25579900037593123
0.51985094680921740 0.98918981065841793 -0.27051281613414269
0.53173647542107505 1.04947370716103561 -0.28390820010489887
0.54389321013564340 1.10517379634121693 -0.29596298672146976
0.55632733938194001 1.15623915107525033 -0.30665987227910796
0.56904519279765442 1.20263492384528425 -0.31598604308118855
0.58205324445127316 1.24434099768435913 -0.32393289170416251
0.59535811613772793 1.28135147243990200 -0.33049596197323811
0.60896658074924170 1.31367527468472933 -0.33567518658153556
0.62288556572309628 1.34133762230444042 -0.33947533510885086
0.63712215656806748 1.36438164048911492 -0.34190648300038928
0.65168360047132856 1.38286940436569461 -0.34298431581641037
0.66657730998765741 1.39688208217308429 -0.34273019182081471
0.68181086681282121 1.40651929984704505 -0.34117100107527809
0.69739202564307023 1.41189802253638663 -0.33833890039292502
0.71332871812268961 1.41315124399713121 -0.33427099891323026
0.72962905688163293 1.41042664410587482 -0.32900903366437917
0.74630133966528422 1.40388527634441207 -0.32259904878738421
0.76335405355845698 1.39370031059532007 -0.31509108335489011
0.78079587930577032 1.38005579369814391 -0.30653885664765967
0.79863569573061832 1.36314542233221370 -0.29699944913504123
0.81688258425496330 1.34317129493545329 -0.28653297043209314
0.83554583352226663 1.32034262136274849 -0.27520220900210191
0.85463494412590679 1.29487440084748107 -0.26307226734682537
0.87415963344548697 1.26698604519200209 -0.25021017696927877
0.89412984059350598 1.23689998123291978 -0.23668450309709602
0.91455573147489622 1.20484023586649780 -0.22256494038077768
0.93544770396201438 1.17103101990197134 -0.20792190412250575
0.95681639318771494 1.13569534857781851 -0.19282612767188659
0.97867267695920379 1.09905369131741093 -0.17734826359129455
1.00102768129542063 1.06132269290646586 -0.16155850039066008
1.02389278609078427 1.02271396570742423 -0.14552619447310799
1.04727963090816401 0.98343296432251237 -0.12931952030014210
1.07120012090404226 0.94367796733023879 -0.11300514583563022
1.09566643288887766 0.90363914922713717 -0.09664792818574207
1.12069102152574862 0.86349777078453160 -0.08031063775273527
1.14628662567045114 0.82342547555095724 -0.06405370738207865
1.17246627485625443 0.78358369533714134 -0.04793500748108955
1.19924329592663104 0.74412317469735778 -0.03200965050276978
1.22663131981933571 0.70518359425374644 -0.01632981904820419
1.25464428850528154 0.66689330825197346 -0.00094462287073988
1.28329646208574832 0.62936917949111937 0.01410001971430907
1.31260242605154120 0.59271651001267511 0.02876147576785924
1.34257709870778474 0.55702906753950443 0.04300046597965135
1.37323573876813887 0.52238919064424771 0.05678111168211535
1.40459395312230262 0.48886797801981213 0.07007095766834714
1.43666770478075279 0.45652554684487207 0.08284097449215216
1.46947332100077799 0.42541135703732508 0.09506554010112803
1.50302750159792198 0.39556459623002016 0.10672240117738707
1.53734732744708502 0.36701461492866205 0.11779261676232412
1.57245026917760478 0.33978140999137507 0.12826048360466444
1.60835419606674357 0.31387614674108616 0.13811344588751656
1.64507738513610047 0.28930171551027029 0.14734199018574751
1.68263853045560552 0.26605331519863124 0.15593952778966941
1.72105675265979285 0.24411905894451746 0.16390226627836130
1.76035160868123275 0.22348059394044673 0.17122907293183642
1.80054310170605580 0.20411373059040810 0.17792133213732389
1.84165169135664741 0.18598907447438587 0.18398279915347010
1.88369830410668571 0.16907265270345118 0.18941945313746480
1.92670434393384626 0.15332653312563671 0.19423934983321706
1.97069170321556753 0.13870942450024706 0.19845247696839358
2.01568277387344352 0.12517725766876325 0.20207061103919430
2.06170045877191477 0.11268374038998233 0.20510717563570099
2.10876818337704375 0.10118088020733143 0.20757710031090634
2.15690990768134405 0.09061947804571989 0.20949667554117030
2.20615013840069052 0.08094958239791285 0.21088340372985828
2.25651394144955519 0.07212091086395174 0.21175584096099129
2.30802695470089736 0.06408323473109560 0.21213342964445206
2.36071540103721578 0.05678672707263164 0.21203632324810448
2.41460610169939383 0.05018228108129013 0.21148520497340362
2.46972648994015920 0.04422179196297948 0.21050111096884674
2.52610462498907040 0.03885841181891616 0.20910526451305872
2.58376920633616836 0.03404677271289611 0.20731893383988606
2.64274958834155793 0.02974317849430672 0.20516332221087155
2.70307579517833929 0.02590576865898038 0.20265949325867788
2.76477853611653268 0.02249464659741815 0.19982833438599493
2.82788922115573316 0.01947197956274862 0.19669054925316318
2.89243997701448663 0.01680206572586037 0.19326667270185041
2.95846366348450696 0.01445137159641982 0.18957709699743400
3.02599389015807407 0.01238854469813019 0.18564209870019313
3.09506503353710505 0.01058439942342913 0.18148186144838285
3.16571225453265237 0.00901188528111631 0.17711648743207292
3.23797151636367708 0.00764603621022855 0.17256599803341793
3.31187960286425920 0.00646390588856665 0.16785032294171698
3.38747413720853530 0.00544449281013363 0.16298927837988572
3.46479360106291345 0.00456865424666323 0.15800253809497281
3.54387735417529859 0.00381901529238714 0.15290959644864602
3.62476565441132070 0.00317987143245261 0.14772972697808323
3.70749967824771787 0.00263708802311410 0.14248193636020653
3.79212154173340688 0.00217799839752967 0.13718491388864879
3.87867432192878114 0.00179130010179345 0.13185697793414328
3.96720207883424969 0.00146695294662735 0.12651601720374234
4.05774987781913588 0.00119607766010142 0.12117942830261907
4.15036381256236098 0.00097085737453581 0.11586404841390681
4.24509102851660192 0.00078444258819881 0.11058608325669735
4.34197974690784605 0.00063085940476950 0.10536103205784109
4.44107928928257856 0.00050492293596271 0.10020360937677858
4.54244010261509334 0.00040215496276140 0.09512766739130493
4.64611378498771010 0.00031870701009277 0.09014612031856080
4.75215311185692979 0.00025128879135465 0.08527087423033818
4.86061206291901815 0.00019710179261710 0.08051276604098082
4.97154584958852741 0.00015377863955998 0.07588151357221794
5.08501094310387547 0.00011932751145720 0.07138568031549973
5.20106510327422278 0.00009208194996047 0.06703265580843085
5.31976740788231872 0.00007065569198098 0.06282865283140894
5.44117828275824778 0.00005390221198335 0.05877872157369135
5.56535953253941695 0.00004087896422944 0.05488677947684922
5.69237437213242803 0.00003081574338191 0.05115565571164896
5.82228745889284749 0.00002308708222610 0.04758714782205039
5.95516492553926291 0.00001718825825362 0.04418208834864644
6.09107441381839276 0.00001271457740764 0.04094041867870019
6.23008510893831069 0.00000934369490134 0.03786126768082279
6.37226777478748918 0.00000682054918847 0.03494303238827697
6.51769478995736318 0.00000494469467936 0.03218345866142210
6.66644018458692322 0.00000355969471877 0.02957971975590348
6.81857967804801657 0.00000254431227561 0.02712849093394168
6.97419071749056663 0.00000180527027318 0.02482601937782768
7.13335251726731823 0.00000127132176613 0.02266818780170071
7.29614609925818325 0.00000088845531425 0.02065057202425996
7.46265433411472312 0.00000061603614536 0.01876849202816199
7.63296198344574073 0.00000042372915277 0.01701705673395893
7.80715574296549430 0.00000028906933197 0.01539120366038138
7.98532428662641092 0.00000019555302085 0.01388573336589731
8.16755831175894897 0.00000013115708176 0.01249534055379140
8.35395058524134981 0.00000008719627413 0.01121464216873574
8.54459599072295717 0.00000005745061806 0.01003820349318377
8.73959157692507560 0.00000003750535180 0.00896056347016542
8.93903660704397041 0.00000002425502076 0.00797625894527621
9.14303260928114625 0.00000001553556588 0.00707984915568681
9.35168342852664125 0.00000000985314651 0.00626593986356990
9.56509527922163549 0.00000000618653828 0.00552920731848007
9.78337679942729466 0.00000000384457093 0.00486442213846486
10.00663910612737517 0.00000000236414394 0.00426647202644466
10.23499585179264670 0.00000000143821496 0.00373038384115404
10.46856328223619670 0.00000000086535272 0.00325134385521249
10.70746029578870484 0.00000000051484213 0.00282471616420213
10.95180850382407201 0.00000000030280231 0.00244605906219871
11.20173229266613113 0.00000000017600921 0.00211113854318193
11.45735888690794013 0.00000000010108578 0.00181593952466732
11.71881841417591552 0.00000000005734650 0.00155667399810134
11.98624397137176878 0.00000000003212667 0.00132978649485069
12.25977169242594300 0.00000000001776836 0.00113195694408569
12.53954081759709460 0.00000000000969895 0.00096010067642546
12.82569376435284880 0.00000000000522363 0.00081136633963362
13.11837619986782677 0.00000000000277499 0.00068313138470170
13.41773711517618395 0.00000000000145363 0.00057299575103491
13.72392890101593110 0.00000000000075062 0.00047877394581330
14.03710742540400247 0.00000000000038196 0.00039848559674752
14.35743211298142441 0.00000000000019147 0.00033034513043128
14.68506602616899315 0.00000000000009452 0.00027275044704415
15.02017594817478674 0.00000000000004594 0.00022427113638949
15.36293246789574063 0.00000000000002197 0.00018363636376979
15.71351006675654283 0.00000000000001034 0.00014972255743571
16.07208720753001430 0.00000000000000478 0.00012154128988138
16.43884642518424499 0.00000000000000217 0.00009822727350241
16.81397441980256602 0.00000000000000097 0.00007902679869505
17.19766215162404421 0.00000000000000043 0.00006328663364065
17.59010493825238441 0.00000000000000018 0.00005044345577712
17.99150255408304133 0.00000000000000008 0.00004001397448376
18.40205933199911215 0.00000000000000003 0.00003158566382680
18.82198426738771602 0.00000000000000001 0.00002480823998726
19.25149112452982081 0.00000000000000001 0.00001938583245863
19.69079854541773145 0.00000000000000000 0.00001506985141798
20.14013016105555565 0.00000000000000000 0.00001165257211646
20.59971470529937676 0.00000000000000000 0.00000896135593432
21.06978613129506073 0.00000000000000000 0.00000685352847776
21.55058373057279653 0.00000000000000000 0.00000521184410384
22.04235225485951943 0.00000000000000000 0.00000394050453752
22.54534204067049785 0.00000000000000000 0.00000296169834732
23.05980913674406452 0.00000000000000000 0.00000221259553238
23.58601543438413017 0.00000000000000000 0.00000164277374888
24.12422880077691190 0.00000000000000000 0.00000121201734922
24.67472321534962987 0.00000000000000000 0.00000088845275076
25.23777890924074896 0.00000000000000000 0.00000064698195312
25.81368250795260622 0.00000000000000000 0.00000046797025770
26.40272717725916607 0.00000000000000000 0.00000033616089117
27.00521277244313723 0.00000000000000000 0.00000023977943576
27.62144599093817376 0.00000000000000000 0.00000016980226415
28.25174052845458306 0.00000000000000000 0.00000011936354178
28.89641723866705547 0.00000000000000000 0.00000008327681492
29.55580429654641605 0.00000000000000000 0.00000005765367175
30.23023736541825457 0.00000000000000000 0.00000003960086371
30.92005976783353915 0.00000000000000000 0.00000002698232331
31.62562266033818048 0.00000000000000000 0.00000001823358950
32.34728521223050990 0.00000000000000000 0.00000001221803607
33.08541478839770633 0.00000000000000000 0.00000000811678863
33.84038713632418194 0.00000000000000000 0.00000000534485037
34.61258657736724587 0.00000000000000000 0.00000000348793036
35.40240620239699609 0.00000000000000000 0.00000000225523846
36.21024807190102734 0.00000000000000000 0.00000000144449901
37.03652342065445424 0.00000000000000000 0.00000000091632630
37.88165286706054502 0.00000000000000000 0.00000000057556709
38.74606662726797879 0.00000000000000000 0.00000000035789533
39.63020473417393674 0.00000000000000000 0.00000000022025785
40.53451726142439071 0.00000000000000000 0.00000000013412770
41.45946455252568086 0.00000000000000000 0.00000000008080047
42.40551745518406790 0.00000000000000000 0.00000000004814044
43.37315756099237518 0.00000000000000000 0.00000000002835941
44.36287745058590559 0.00000000000000000 0.00000000001651447
45.37518094439247562 0.00000000000000000 0.00000000000950377
46.41058335910366850 0.00000000000000000 0.00000000000540351
47.46961176999907650 0.00000000000000000 0.00000000000303448
48.55280527925557266 0.00000000000000000 0.00000000000168266
49.66071529037922971 0.00000000000000000 0.00000000000092107
50.79390578889924512 0.00000000000000000 0.00000000000049755
51.95295362946679774 0.00000000000000000 0.00000000000026516
53.13844882950493798 0.00000000000000000 0.00000000000013936
54.35099486955905235 0.00000000000000000 0.00000000000007222
55.59120900050081815 0.00000000000000000 0.00000000000003689
56.85972255774188255 0.00000000000000000 0.00000000000001856
58.15718128261759290 0.00000000000000000 0.00000000000000920
59.48424565110341433 0.00000000000000000 0.00000000000000449
60.84159121003325055 0.00000000000000000 0.00000000000000216
62.22990892098852811 0.00000000000000000 0.00000000000000102
63.64990551203475633 0.00000000000000000 0.00000000000000047
65.10230383748395866 0.00000000000000000 0.00000000000000022
66.58784324586622461 0.00000000000000000 0.00000000000000010
68.10727995629770248 0.00000000000000000 0.00000000000000004
69.66138744343665223 0.00000000000000000 0.00000000000000002
71.25095683122340517 0.00000000000000000 0.00000000000000001
72.87679729560497321 0.00000000000000000 0.00000000000000000
74.53973647644883727 0.00000000000000000 0.00000000000000000
76.24062089885565285 0.00000000000000000 0.00000000000000000
77.98031640408652265 0.00000000000000000 0.00000000000000000
79.75970859032210569 0.00000000000000000 0.00000000000000000
