0.00000000000000000 -0.00024717037890562 0.00018525191412642
0.00002347738310443 -0.00802378738987762 0.00601369670032046
0.00004749047730607 -0.01345224369060083 0.01008223837418211
0.00007205150655588 -0.01831038676000295 0.01372334187901790
0.00009717297373309 -0.02288388726825266 0.01715111228513936
0.00012286766700988 -0.02729213963447906 0.02045503355667614
0.00014914866636119 -0.03159985999260136 0.02368360924392250
0.00017602935022314 -0.03584744359024416 0.02686711482364944
0.00020352340230341 -0.04006245919902195 0.03002621255818023
0.00023164481854694 -0.04426492432043219 0.03317590516922651
0.00026040791426061 -0.04847006457265618 0.03632760394929502
0.00028982733140055 -0.05268989717346597 0.03949031555373684
0.00031991804602561 -0.05693420280781677 0.04267137039787914
0.00035069537592104 -0.06121115314221352 0.04587689296750262
0.00038217498839601 -0.06552773247770778 0.04911211783988385
0.00041437290825916 -0.06989003045590531 0.05238160906137591
0.00044730552597602 -0.07430345089517974 0.05568941666608883
0.00048098960601271 -0.07877286431564612 0.05903919099031375
0.00051544229536990 -0.08330272167545942 0.06243426791553922
0.00055068113231157 -0.08789714071290816 0.06587773358000903
0.00058672405529292 -0.09255997256859501 0.06937247431056294
0.00062358941209201 -0.09729485394369380 0.07292121571402803
0.00066129596914975 -0.10210524846470558 0.07652655367907303
0.00069986292112305 -0.10699447989913943 0.08019097927047422
0.00073930990065588 -0.11196575909704545 0.08391689892101398
0.00077965698837339 -0.11702220608673183 0.08770665099151914
0.00082092472310400 -0.12216686834618265 0.09156251946464580
0.00086313411233476 -0.12740273605217206 0.09548674537348968
0.00090630664290529 -0.13273275490642208 0.09948153641421968
0.00095046429194573 -0.13815983700327167 0.10354907509084392
0.00099562953806428 -0.14368687010258180 0.10769152566471005
0.00104182537279002 -0.14931672559475206 0.11191104012374725
0.00108907531227682 -0.15505226538315947 0.11620976334031330
0.00113740340927431 -0.16089634785974374 0.12058983754934693
0.00118683426537207 -0.16685183313575325 0.12505340626825140
0.00123739304352309 -0.17292158762114826 0.12960261772857853
0.00128910548085309 -0.17910848807599608 0.13423962791195124
0.00134199790176211 -0.18541542518776746 0.13896660323062285
0.00139609723132501 -0.19184530675780240 0.14378572291508215
0.00145143100899782 -0.19840106054249684 0.14869918114283823
0.00150802740263672 -0.20508563679365538 0.15370918894169555
0.00156591522283709 -0.21190201053733690 0.15881797589699037
0.00162512393759954 -0.21885318362177869 0.16402779168570752
0.00168568368733079 -0.22594218656015930 0.16934090745678429
0.00174762530018669 -0.23317208018989929 0.17475961707385598
0.00181098030776544 -0.24054595716689137 0.18028623823422973
0.00187578096115884 -0.24806694331000914 0.18592311347558052
0.00194206024736984 -0.25573819880890264 0.19167261108011890
0.00200985190610466 -0.26356291930593184 0.19753712588435732
0.00207919044694816 -0.27154433686128543 0.20351908000124991
0.00215011116693100 -0.27968572080841131 0.20962092346004421
0.00222265016849779 -0.28799037850431997 0.21584513476725581
0.00229684437788510 -0.29646165598408430 0.22219422139574938
0.00237273156391896 -0.30510293852069398 0.22867072020278745
0.00245035035724114 -0.31391765108924419 0.23527719777627670
0.00252974026997429 -0.32290925874777388 0.24201625071843247
0.00261094171583566 -0.33208126692672896 0.24889050586084355
0.00269399603070992 -0.34143722163179585 0.25590262041448369
0.00277894549369124 -0.35098070956378818 0.26305528205742168
0.00286583334860573 -0.36071535814720412 0.27035120895393999
0.00295470382602476 -0.37064483547732180 0.27779314971244734
0.00304560216578075 -0.38077285017524087 0.28538388327423680
0.00313857463999666 -0.39110315115570832 0.29312621873670563
0.00323366857664094 -0.40163952730547259 0.30102299510933289
0.00333093238362006 -0.41238580706417449 0.30907708099641706
0.00343041557342068 -0.42334585791579521 0.31729137421256881
0.00353216878831418 -0.43452358577828432 0.32566880132166981
0.00363624382613628 -0.44592293429207980 0.33421231709981769
0.00374269366665492 -0.45754788400739010 0.34292490392214542
0.00385157249853979 -0.46940245146179210 0.35180957106716559
0.00396293574694726 -0.48149068814561263 0.36086935393672764
0.00407684010173478 -0.49381667935341506 0.37010731319031159
0.00419334354631903 -0.50638454291558122 0.37952653378913304
0.00431250538719256 -0.51919842780505188 0.38913012394633933
0.00443438628411405 -0.53226251261501079 0.39892121398011904
0.00455904828098729 -0.54558100390256392 0.40890295506598906
0.00468655483744490 -0.55915813439372841 0.41907851788472439
0.00481697086115265 -0.57299816104343226 0.42945109116118713
0.00495036274085100 -0.58710536294511184 0.44002388008996529
0.00508679838015042 -0.60148403908409220 0.45080010464343606
0.00522634723209806 -0.61613850592863195 0.46178299775763987
0.00536908033453304 -0.63107309485229768 0.47297580339117939
0.00551507034624848 -0.64629214938110824 0.48438177445219799
0.00566439158397877 -0.66180002225868517 0.49600417058832791
0.00581712006023074 -0.67760107232245925 0.50784625583436138
0.00597333352197809 -0.69369966118371984 0.51991129611219888
0.00613311149023878 -0.71010014970411817 0.53220255657749138
0.00629653530055548 -0.72680689426106115 0.54472329880726256
0.00646368814439972 -0.74382424279419812 0.55747677782262040
0.00663465511152080 -0.76115653062504085 0.57046623894053650
0.00680952323326103 -0.77880807604154956 0.58369491444852339
0.00698838152685935 -0.79678317563935552 0.59716602009590281
0.00717132104076586 -0.81508609941110033 0.61088275139523029
0.00735843490099037 -0.83372108557523639 0.62484827972730894
0.00754981835850853 -0.85269233513544584 0.63906574824311391
0.00774556883774964 -0.87200400616170792 0.65353826755581979
0.00794578598619095 -0.89166020778393096 0.66826891121605858
0.00815057172508356 -0.91166499388891886 0.68326071096340624
0.00836003030133574 -0.93202235651135146 0.69851665174702626
0.00857426834058026 -0.95273621890935256 0.71403966650832407
0.00879339490145250 -0.97381042831516018 0.72983263071840554
0.00901752153110714 -0.99524874835136046 0.74589835666309812
0.00924676232200168 -1.01705485110310079 0.76223958746824239
0.00948123396997554 -1.03923230883669881 0.77885899085797250
0.00972105583365455 -1.06178458535506559 0.79575915263868258
0.00996634999521086 -1.08471502698029076 0.81294256990133396
0.01021724132250930 -1.10802685315410199 0.83041164393501232
0.01047385753267182 -1.13172314664689955 0.84816867284463704
0.01073632925709234 -1.15580684336588368 0.86621584386558037
0.01100479010793513 -1.18028072175330601 0.88455522536832820
0.01127937674615054 -1.20514739176596097 0.90318875854637437
0.01156022895104278 -1.23040928342719180 0.92211824878065485
0.01184748969142502 -1.25606863494294596 0.94134535667401298
0.01214130519839822 -1.28212748037463342 0.96087158875008627
0.01244182503979057 -1.30858763686051249 0.98069828781024071
0.01274920219629551 -1.33545069137848049 1.00082662294302627
0.01306359313934714 -1.36271798704360880 1.02125757918096594
0.01338515791077250 -1.39039060893383226 1.04199194679953555
0.01371406020426148 -1.41846936943942392 1.06303031025485306
0.01405046744869568 -1.44695479313102382 1.08437303675592811
0.01439455089337861 -1.47584710114163276 1.10602026446781987
0.01474648569521082 -1.50514619505941316 1.12797189034308287
0.01510645100785415 -1.53485164032846089 1.15022755757915296
0.01547463007293047 -1.56496264915840744 1.17278664270203903
0.01585121031330155 -1.59547806294084515 1.19564824227457533
0.01623638342847728 -1.62639633417342044 1.21881115922958716
0.01663034549220105 -1.65771550789296418 1.24227388882873191
0.01703329705226174 -1.68943320262371377 1.26603460425124803
0.01744544323258324 -1.72154659084500739 1.29009114181561735
0.01786699383764364 -1.75405237898355670 1.31444098583766245
0.01829816345927684 -1.78694678693769649 1.33908125313032444
0.01873917158591129 -1.82022552714721586 1.36400867715499396
0.01919024271430143 -1.85388378322027192 1.38921959183269439
0.01965160646380849 -1.88791618812886752 1.41470991502341392
0.02012349769328904 -1.92231680198814736 1.44047513168468866
0.02060615662065081 -1.95707908944440256 1.46651027672774115
0.02109982894513634 -1.99219589668955899 1.49280991758418424
0.02160476597239717 -2.02765942812284283 1.51936813649845837
0.02212122474242183 -2.06346122268702414 1.54617851256622463
0.02264946816038292 -2.09959212991669641 1.57323410354641324
0.02318976513046999 -2.13604228572267552 1.60052742746468502
0.02374239069277615 -2.17280108794537385 1.62805044403263177
0.02430762616330817 -2.20985717172635043 1.65579453591923476
0.02488575927719144 -2.24719838473931155 1.68375048990521226
0.02547708433514257 -2.28481176231735672 1.71190847794759615
0.02608190235328413 -2.32268350253110656 1.74025803819521752
0.02670052121637808 -2.36079894128543444 1.76878805600550315
0.02733325583455557 -2.39914252747648460 1.79748674499372330
0.02798042830362298 -2.43769779826910638 1.82634162815954793
0.02864236806902609 -2.47644735458640586 1.85533951915936579
0.02931941209355530 -2.51537283686696744 1.88446650376595715
0.03001190502887783 -2.55445490115478524 1.91370792156423608
0.03072019939098390 -2.59367319563233290 1.94304834796566173
0.03144465573963612 -2.63300633767701076 1.97247157660148709
0.03218564286191384 -2.67243189150823346 2.00196060214548943
0.03294353795994549 -2.71192634655329146 2.03149760366218990
0.03371872684292464 -2.75146509664232397 2.06106392856343801
0.03451160412350755 -2.79102242010100676 2.09064007722530931
0.03532257341869220 -2.83057146088753919 2.12020568837541301
0.03615204755528083 -2.87008421091653476 2.14973952535782598
0.03700044878003107 -2.90953149363854990 2.17921946332812455
0.03786820897460196 -2.94888294904317050 2.20862247750489793
0.03875576987540499 -2.98810702025991048 2.23792463260896524
0.03966358329847156 -3.02717094182292179 2.26710107354123913
0.04059211136945144 -3.06604072979443831 2.29612601744620592
0.04154182675885962 -3.10468117394855447 2.32497274731317027
0.04251321292269084 -3.14305583207383776 2.35361360716121260
0.04350676434852451 -3.18112702662593172 2.38201999898241379
0.04452298680724557 -3.21885584394883217 2.41016238160889085
0.04556239761050876 -3.25620213611003573 2.43801027154038330
0.04662552587407801 -3.29312452563102864 2.46553224594513809
0.04771291278717478 -3.32958041332805843 2.49269594799763716
0.04882511188797229 -3.36552598929278268 2.51946809457914123
0.04996268934537607 -3.40091624736180531 2.54581448660489462
0.05112622424723432 -3.43570500325154926 2.57170002211385329
0.05231630889512456 -3.46984491638058978 2.59708871214225701
0.05353354910586695 -3.50328751581130371 2.62194369970759178
0.05477856451991744 -3.53598323039879103 2.64622728197396606
0.05605198891679789 -3.56788142319318968 2.66990093563918540
0.05735447053772392 -3.59893043060723095 2.69292534593073762
0.05868667241559430 -3.62907760629321352 2.71526043917591675
0.06004927271251029 -3.65826936986999973 2.73686541905785230
0.06144296506499628 -3.68645126103766652 2.75769880696520397
0.06286845893709819 -3.71356799885685973 2.77771848627761431
0.06432647998153851 -3.73956354652852951 2.79688175084522683
0.06581777040911241 -3.76438118211196349 2.81514535799727517
0.06734308936651281 -3.78796357484433832 2.83246558583839247
0.06890321332277674 -3.81025286767518834 2.84879829529917261
0.07049893646454947 -3.83119076617931942 2.86409899707322602
0.07213107110036829 -3.85071863354163346 2.87832292322300587
0.07380044807417101 -3.86877759249414277 2.89142510412136433
0.07550791718823986 -3.88530863390311509 2.90336045051536429
0.07725434763579656 -3.90025273196761546 2.91408384069518966
0.07904062844346812 -3.91355096690124160 2.92355021343007326
0.08086766892384888 -3.92514465423159820 2.93171466603850916
0.08273639913838959 -3.93497548111655826 2.93853255790250500
0.08464777037084835 -3.94298564989277756 2.94395961959944596
0.08660275561154497 -3.94911802750792429 2.94795206665848131
0.08860235005266523 -3.95331630143138657 2.95046671839809393
0.09064757159486676 -3.95552514080030004 2.95146112093127799
0.09273946136544539 -3.95569036117662076 2.95089367314026818
0.09487908424832442 -3.95375909298203787 2.94872375568669831
0.09706752942613760 -3.94967995054472443 2.94491186078599076
0.09930591093468150 -3.94340320052865856 2.93941972184782951
0.10159536823001940 -3.93488092862827266 2.93221044217183424
0.10393706676852514 -3.92406720108302665 2.92324862015028941
0.10633219860016335 -3.91091822160503311 2.91250047144982371
0.10878198297530639 -3.89539248232262647 2.89993394715846575
0.11128766696539810 -3.87745090832264827 2.88551884761517563
0.11385052609778017 -3.85705699955761672 2.86922693476533430
0.11647186500500334 -3.83417697020566628 2.85103204312884762
0.11915301808895595 -3.80877989037063758 2.83091019304937408
0.12189535020014546 -3.78083783484352720 2.80883970976095920
0.12470025733248064 -3.75032604051867269 2.78480134945570956
0.12756916733390719 -3.71722307932979446 2.75877843747423102
0.13050354063325895 -3.68151104706254406 2.73075701886075217
0.13350487098369385 -3.64317576897269246 2.70072602194806644
0.13657468622309507 -3.60220702386224545 2.66867743618471920
0.13971454905182187 -3.55859877976114403 2.63460649904805688
0.14292605782820772 -3.51234943932377286 2.59851189062041810
0.14621084738221063 -3.46346208754548313 2.56039593029622425
0.14957058984762853 -3.41194473251309205 2.52026476867631954
0.15300699551330571 -3.35781053652895478 2.47812857269471110
0.15652181369376089 -3.30107802777468384 2.43400169662723753
0.16011683361968218 -3.24177129084475624 2.38790283775467005
0.16379388534874131 -3.17992013528446416 2.33985517604510607
0.16755484069719107 -3.11556023750477529 2.28988649435880287
0.17140161419271960 -3.04873326162677838 2.23802928333459317
0.17533616404904812 -2.97948695601247993 2.18432082847337705
0.17936049316276637 -2.90787522648030183 2.12880328012021902
0.18347665013291398 -2.83395818982477010 2.07152370903156413
0.18768673030382763 -2.75780220165204559 2.01253414294758759
0.19199287683178259 -2.67947986383676229 1.95189158812795127
0.19639728177597524 -2.59907000825547474 1.88965803326808990
0.20090218721439773 -2.51665765464613544 1.82590043410082248
0.20550988638517612 -2.43233394777542111 1.76069068254730210
0.21022272485395121 -2.34619606646092604 1.69410555468496904
0.21504310170789745 -2.25834710981124775 1.62622664151151897
0.21997347077698587 -2.16889595945413616 1.55714026147598084
0.22501634188311620 -2.07795711412546291 1.48693735189628362
0.23017428211774971 -1.98565050424539002 1.41571334494682799
0.23544991714869670 -1.89210127903144421 1.34356802239958451
0.24084593255672179 -1.79743957118164044 1.27060535279887588
0.24636507520264866 -1.70180023999261554 1.19693331157660965
0.25201015462565846 -1.60532258771833480 1.12266367994999672
0.25778404447349706 -1.50815005791407586 1.04791182911543457
0.26368968396531456 -1.41042990854440764 0.97279648401007457
0.26973007938788579 -1.31231286367909750 0.89743946936118779
0.27590830562597141 -1.21395274617703097 0.82196543967436875
0.28222750772759764 -1.11550608501153037 0.74650158804342692
0.28869090250505608 -1.01713170611151837 0.67117734041837651
0.29530178017243219 -0.91899030035539175 0.59612403020261207
0.30206350602050086 -0.82124397139662431 0.52147455502331164
0.30897952212983931 -0.72405576703962615 0.44736301837781073
0.31605334912303124 -0.62758918797921981 0.37392435112166794
0.32328858795685067 -0.53200768276494692 0.30129391952917112
0.33068892175534376 -0.43747412472714842 0.22960711641816942
0.33825811768473490 -0.34415027369969947 0.15899893736113196
0.34600002887111658 -0.25219622809712550 0.08960354621636028
0.35391859636189693 -0.16176986364580634 0.02155382684135128
0.36201785113200291 -0.07302626835396359 -0.04501907160010104
0.37030191613586422 0.01388282698060904 -0.10998619652241513
0.37877500840621653 0.09880961841446013 -0.17322125787093245
0.38744144120079754 0.18161079203642552 -0.23460109311106891
0.39630562619802595 0.26214808204351869 -0.29400613281775634
0.40537207574278256 0.34028881688371876 -0.35132086171189825
0.41464540514343384 0.41590645556592548 -0.40643427728320575
0.42413033502127345 0.48888111534595508 -0.45924034737909192
0.43383169371356972 0.55910009393655147 -0.50963846931823498
0.44375441973144814 0.62645839564772254 -0.55753393821682484
0.45390356427385864 0.69085926829726585 -0.60283842923521791
0.46428429379890479 0.75221475890394263 -0.64547049909172882
0.47490189265384952 0.81044628532022800 -0.68535610274429626
0.48576176576513030 0.86548520280557995 -0.72242910571864793
0.49686944138975531 0.91727330968650078 -0.75663174543719924
0.50823057392948345 0.96576319469555894 -0.78791496254589233
0.51985094680921740 1.01091828944876538 -0.81623849607674226
0.53173647542107505 1.05271248437577514 -0.84157063754229322
0.54389321013564340 1.09112923975643961 -0.86388760267203235
0.55632733938194001 1.12616026906035072 -0.88317259784386282
0.56904519279765442 1.15780409897101078 -0.89941483240130038
0.58205324445127316 1.18606498863824505 -0.91260885485252452
0.59535811613772793 1.21095270152740997 -0.92275457968906782
0.60896658074924170 1.23248335672671150 -0.92985814726674243
0.62288556572309628 1.25068106805162516 -0.93393335700987057
0.63712215656806748 1.26557970495420213 -0.93500314386638994
0.65168360047132856 1.27722411576612394 -0.93310060016308749
0.66657730998765741 1.28567053915526697 -0.92826935599648497
0.68181086681282121 1.29098633551569875 -0.92056343976901067
0.69739202564307023 1.29324932052675812 -0.91004684351060927
0.71332871812268961 1.29254696514826528 -0.89679299397881040
0.72962905688163293 1.28897560297401115 -0.88088423148897010
0.74630133966528422 1.28263969545925494 -0.86241132870529758
0.76335405355845698 1.27365116829602854 -0.84147305508018855
0.78079587930577032 1.26212878321304500 -0.81817575584985303
0.79863569573061832 1.24819753129358646 -0.79263293406881008
0.81688258425496330 1.23198801470691155 -0.76496481018045526
0.83554583352226663 1.21363579405655608 -0.73529784259368480
0.85463494412590679 1.19328070194810398 -0.70376421236414599
0.87415963344548697 1.17106610292227664 -0.67050125760283685
0.89412984059350598 1.14713812022166373 -0.63565087610534199
0.91455573147489622 1.12164483058211384 -0.59935889786850571
0.93544770396201438 1.09473543793932659 -0.56177443636328694
0.95681639318771494 1.06655945180453382 -0.52304923976491191
0.97867267695920379 1.03726586608333804 -0.48333703719414262
1.00102768129542063 1.00700236726487558 -0.44279290336968630
1.02389278609078427 0.97591457247202007 -0.40157264055249575
1.04727963090816401 0.94414530556958198 -0.35983218314471077
1.07120012090404226 0.91183392858549350 -0.31772703861172674
1.09566643288887766 0.87911571748876960 -0.27541175340346524
1.12069102152574862 0.84612130206630121 -0.23303942001346947
1.14628662567045114 0.81297616216120094 -0.19076121699205023
1.17246627485625443 0.77980018272034801 -0.14872598276613386
1.19924329592663104 0.74670727552407312 -0.10707982963447828
1.22663131981933571 0.71380505417431950 -0.06596578454843183
1.25464428850528154 0.68119457424287810 -0.02552346722628422
1.28329646208574832 0.64897012770255236 0.01411120498463963
1.31260242605154120 0.61721909151544863 0.05280628598654876
1.34257709870778474 0.58602183206811909 0.09043404149607169
1.37323573876813887 0.55545165408291175 0.12687117254259286
1.40459395312230262 0.52557480005703372 0.16199901510815412
1.43666770478075279 0.49645049062015684 0.19570372523697049
1.46947332100077799 0.46813100526744789 0.22787644989408753
1.50302750159792198 0.44066180220317397 0.25841348406288372
1.53734732744708502 0.41408167057434336 0.28721642212454623
1.57245026917760478 0.38842291706363857 0.31419230102555734
1.60835419606674357 0.36371158095932143 0.33925374353373716
1.64507738513610047 0.33996767706847231 0.36231910411046420
1.68263853045560552 0.31720546372226088 0.38331262226559121
1.72105675265979285 0.29543373301625980 0.40216459130627880
1.76035160868123275 0.27465612081720986 0.41881154678909593
1.80054310170605580 0.25487143329061890 0.43319648336289279
1.84165169135664741 0.23607398697305135 0.44526910564070599
1.88369830410668571 0.21825395745187007 0.45498611968465075
1.92670434393384626 0.20139773495363544 0.46231156922236699
1.97069170321556753 0.18548827968991313 0.46721721992730592
2.01568277387344352 0.17050547554548404 0.46968299118356144
2.06170045877191477 0.15642647693965711 0.46969743275020442
2.10876818337704375 0.14322604416223578 0.46725824161942503
2.15690990768134405 0.13087686787952388 0.46237280927897340
2.20615013840069052 0.11934987576154153 0.45505879361644697
2.25651394144955519 0.10861452511062493 0.44534470495931106
2.30802695470089736 0.09863907899145648 0.43327050317295462
2.36071540103721578 0.08939086664022178 0.41888820703091884
2.41460610169939383 0.08083653380919287 0.40226251898538962
2.46972648994015920 0.07294227931472594 0.38347148087251987
2.52610462498907040 0.06567408505682755 0.36260716672425919
2.58376920633616836 0.05899793600725931 0.33977642144450287
2.64274958834155793 0.05288002928641473 0.31510163920699075
2.70307579517833929 0.04728697288048438 0.28872155508629976
2.76477853611653268 0.04218596512140024 0.26079201644953154
2.82788922115573316 0.03754495764779406 0.23148667284484012
2.89243997701448663 0.03333279522486280 0.20099752704520274
2.95846366348450696 0.02951933252707956 0.16953528265616694
3.02599389015807407 0.02607553038481985 0.13732942331683076
3.09506503353710505 0.02297352826767672 0.10462797807289551
3.16571225453265237 0.02018670041770804 0.07169691420164596
3.23797151636367708 0.01768969382123929 0.03881912245770511
3.31187960286425920 0.01545845194175899 0.00629295283838097
3.38747413720853530 0.01347022740831848 -0.02556974262409086
3.46479360106291345 0.01170358198017403 -0.05644608082049885
3.54387735417529859 0.01013837940982348 -0.08600518095366010
3.62476565441132070 0.00875576882100391 -0.11391177053294640
3.70749967824771787 0.00753816134491260 -0.13983038724791952
3.79212154173340688 0.00646920127393080 -0.16343018911587359
3.87867432192878114 0.00553373031499264 -0.18439034392078646
3.96720207883424969 0.00471774869308478 -0.20240599762267530
4.05774987781913588 0.00400837106782539 -0.21719474805835026
4.15036381256236098 0.00339377953310073 -0.22850356570697775
4.24509102851660192 0.00286317428799189 -0.23611606807713253
4.34197974690784605 0.00240672136171877 -0.23986000155851156
4.44107928928257856 0.00201549996388164 -0.23961481271870583
4.54244010261509334 0.00168144810900928 -0.23531909701083487
4.64611378498771010 0.00139730829365392 -0.22697774026118370
4.75215311185692979 0.00115657341304094 -0.21466851485660574
4.86061206291901815 0.00095343272985832 -0.19854785150754287
4.97154584958852741 0.00078271941819879 -0.17885551937721877
5.08501094310387547 0.00063985880110475 -0.15591786265209157
5.20106510327422278 0.00052081844984043 -0.13014926217543038
5.31976740788231872 0.00042206008710824 -0.10205143511670313
5.44117828275824778 0.00034049328623159 -0.07221018465799410
5.56535953253941695 0.00027343175150319 -0.04128920460196266
5.69237437213242803 0.00021855165834877 -0.01002056990798207
5.82228745889284749 0.00017385271827172 0.02080841815463520
5.95516492553926291 0.00013762181436127 0.05037228539958294
6.09107441381839276 0.00010839921294262 0.07782843436380206
6.23008510893831069 0.00008494763382438 0.10234220135347746
6.37226777478748918 0.00006622382818846 0.12311558974018684
6.51769478995736318 0.00005135290101835 0.13941921551933409
6.66644018458692322 0.00003960514458946 0.15062659664934308
6.81857967804801657 0.00003037528903934 0.15624955969659282
6.97419071749056663 0.00002316413877508 0.15597329659740761
7.13335251726731823 0.00001756230888913 0.14968900281609618
7.29614609925818325 0.00001323603518598 0.13752195968470754
7.46265433411472312 0.00000991481501476 0.11985244806094450
7.63296198344574073 0.00000738073158930 0.09732681904898612
7.80715574296549430 0.00000545932298179 0.07085611075543878
7.98532428662641092 0.00000401178322866 0.04159967114218394
8.16755831175894897 0.00000292838978674 0.01093190155272242
8.35395058524134981 0.00000212297690014 -0.01960915917646865
8.54459599072295717 0.00000152833018952 -0.04839149328278718
8.73959157692507560 0.00000109238187411 -0.07377586297686589
8.93903660704397041 0.00000077507771038 -0.09421665282275912
9.14303260928114625 0.00000054582906295 -0.10837222574085539
9.35168342852664125 0.00000038144742029 -0.11521798126553481
9.56509527922163549 0.00000026448654666 -0.11415357397437249
9.78337679942729466 0.00000018192277324 -0.10509431536289184
10.00663910612737517 0.00000012410996592 -0.08853529617588540
10.23499585179264670 0.00000008396205124 -0.06557728853693950
10.46856328223619670 0.00000005631645743 -0.03790381874574423
10.70746029578870484 0.00000003744385175 -0.00770177466324498
10.95180850382407201 0.00000002467374353 0.02247825002638152
11.20173229266613113 0.00000001611062357 0.04991975495527775
11.45735888690794013 0.00000001042137719 0.07198700299495207
11.71881841417591552 0.00000000667703709 0.08640281293384759
11.98624397137176878 0.00000000423639301 0.09153141188516568
12.25977169242594300 0.00000000266115293 0.08663306975965958
12.53954081759709460 0.00000000165465634 0.07205165504109165
12.82569376435284880 0.00000000101815300 0.04929687002347614
13.11837619986782677 0.00000000061984810 0.02098672706527917
13.41773711517618395 0.00000000037326848 -0.00937060347259841
13.72392890101593110 0.00000000022228883 -0.03775758320672497
14.03710742540400247 0.00000000013087756 -0.06016598183228720
14.35743211298142441 0.00000000007616500 -0.07319934257152234
14.68506602616899315 0.00000000004380013 -0.07467508633142253
15.02017594817478674 0.00000000002488337 -0.06412091935597977
15.36293246789574063 0.00000000001396177 -0.04305203750901697
15.71351006675654283 0.00000000000773475 -0.01492874632934158
16.07208720753001430 0.00000000000422966 0.01526479777857217
16.43884642518424499 0.00000000000228239 0.04181594074416797
16.81397441980256602 0.00000000000121498 0.05936111482634027
17.19766215162404421 0.00000000000063784 0.06406494590365530
17.59010493825238441 0.00000000000033013 0.05464545745355711
17.99150255408304133 0.00000000000016840 0.03296381259390642
18.40205933199911215 0.00000000000008463 0.00393274450795961
18.82198426738771602 0.00000000000004189 -0.02537622997135450
19.25149112452982081 0.00000000000002042 -0.04735357720758355
19.69079854541773145 0.00000000000000979 -0.05588793775416015
20.14013016105555565 0.00000000000000462 -0.04829665030121356
20.59971470529937676 0.00000000000000215 -0.02652039773798326
21.06978613129506073 0.00000000000000098 0.00296280568644450
21.55058373057279653 0.00000000000000044 0.03075084222894195
22.04235225485951943 0.00000000000000019 0.04740860927046719
22.54534204067049785 0.00000000000000008 0.04683999781574063
23.05980913674406452 0.00000000000000004 0.02893803877023553
23.58601543438413017 0.00000000000000001 0.00029537761996012
24.12422880077691190 0.00000000000000001 -0.02773569082447554
24.67472321534962987 0.00000000000000000 -0.04334222723756437
25.23777890924074896 0.00000000000000000 -0.03944431143558368
25.81368250795260622 0.00000000000000000 -0.01749505472222129
26.40272717725916607 0.00000000000000000 0.01228623527857612
27.00521277244313723 0.00000000000000000 0.03511846961190539
27.62144599093817376 0.00000000000000000 0.03895087465963872
28.25174052845458306 0.00000000000000000 0.02138619079713496
28.89641723866705547 0.00000000000000000 -0.00790805629393211
29.55580429654641605 0.00000000000000000 -0.03169573862631647
30.23023736541825457 0.00000000000000000 -0.03513449527675627
30.92005976783353915 0.00000000000000000 -0.01569774591227303
31.62562266033818048 0.00000000000000000 0.01381332312583846
32.34728521223050990 0.00000000000000000 0.03274499745669319
33.08541478839770633 0.00000000000000000 0.02704116291406971
33.84038713632418194 0.00000000000000000 0.00075196648060449
34.61258657736724587 0.00000000000000000 -0.02537211055233028
35.40240620239699609 0.00000000000000000 -0.02956500212188838
36.21024807190102734 0.00000000000000000 -0.00793172602727244
37.03652342065445424 0.00000000000000000 0.02023247576976255
37.88165286706054502 0.00000000000000000 0.02843805544956949
38.74606662726797879 0.00000000000000000 0.00842828656401328
39.63020473417393674 0.00000000000000000 -0.01958180430010448
40.53451726142439071 0.00000000000000000 -0.02581759353027122
41.45946455252568086 0.00000000000000000 -0.00319461010630045
42.40551745518406790 0.00000000000000000 0.02237333672573303
43.37315756099237518 0.00000000000000000 0.02018993194471448
44.36287745058590559 0.00000000000000000 -0.00716444294084138
45.37518094439247562 0.00000000000000000 -0.02425205703273890
46.41058335910366850 0.00000000000000000 -0.00794785481929846
47.46961176999907650 0.00000000000000000 0.01893647789222670
48.55280527925557266 0.00000000000000000 0.01718368333018626
49.66071529037922971 0.00000000000000000 -0.01056085352811710
50.79390578889924512 0.00000000000000000 -0.02061029169701791
51.95295362946679774 0.00000000000000000 0.00341658465981973
53.13844882950493798 0.00000000000000000 0.02068335118979605
54.35099486955905235 0.00000000000000000 0.00086680915969498
55.59120900050081815 0.00000000000000000 -0.01969080580130983
56.85972255774188255 0.00000000000000000 -0.00216032412578885
58.15718128261759290 0.00000000000000000 0.01881077135242327
59.48424565110341433 0.00000000000000000 0.00072188549476750
60.84159121003325055 0.00000000000000000 -0.01801850049643106
62.22990892098852811 0.00000000000000000 0.00319843617192914
63.64990551203475633 0.00000000000000000 0.01617748658879830
65.10230383748395866 0.00000000000000000 -0.00893386911527396
66.58784324586622461 0.00000000000000000 -0.01135631935290581
68.10727995629770248 0.00000000000000000 0.01431152211886522
69.66138744343665223 0.00000000000000000 0.00216060160528330
71.25095683122340517 0.00000000000000000 -0.01488885109579159
72.87679729560497321 0.00000000000000000 0.00918075276984622
74.53973647644883727 0.00000000000000000 0.00626479187759172
76.24062089885565285 0.00000000000000000 -0.01422700118955067
77.98031640408652265 0.00000000000000000 0.00823225821354451
79.75970859032210569 0.00000000000000000 0.00440100121296002
