0.00000000000000000 0.00002321353372326
0.00002347738310443 0.00002374322425843
0.00004749047730607 0.00002428500136631
0.00007205150655588 0.00002483914084045
0.00009717297373309 0.00002540592476753
0.00012286766700988 0.00002598564167091
0.00014914866636119 0.00002657858665756
0.00017602935022314 0.00002718506156821
0.00020352340230341 0.00002780537513108
0.00023164481854694 0.00002843984311900
0.00026040791426061 0.00002908878851015
0.00028982733140055 0.00002975254165248
0.00031991804602561 0.00003043144043190
0.00035069537592104 0.00003112583044424
0.00038217498839601 0.00003183606517120
0.00041437290825916 0.00003256250616029
0.00044730552597602 0.00003330552320889
0.00048098960601271 0.00003406549455247
0.00051544229536990 0.00003484280705713
0.00055068113231157 0.00003563785641657
0.00058672405529292 0.00003645104735349
0.00062358941209201 0.00003728279382563
0.00066129596914975 0.00003813351923649
0.00069986292112305 0.00003900365665087
0.00073930990065588 0.00003989364901530
0.00077965698837339 0.00004080394938356
0.00082092472310400 0.00004173502114729
0.00086313411233476 0.00004268733827188
0.00090630664290529 0.00004366138553775
0.00095046429194573 0.00004465765878713
0.00099562953806428 0.00004567666517644
0.00104182537279002 0.00004671892343452
0.00108907531227682 0.00004778496412663
0.00113740340927431 0.00004887532992458
0.00118683426537207 0.00004999057588296
0.00123739304352309 0.00005113126972168
0.00128910548085309 0.00005229799211500
0.00134199790176211 0.00005349133698710
0.00139609723132501 0.00005471191181442
0.00145143100899782 0.00005596033793492
0.00150802740263672 0.00005723725086436
0.00156591522283709 0.00005854330061980
0.00162512393759954 0.00005987915205052
0.00168568368733079 0.00006124548517642
0.00174762530018669 0.00006264299553425
0.00181098030776544 0.00006407239453162
0.00187578096115884 0.00006553440980916
0.00194206024736984 0.00006702978561097
0.00200985190610466 0.00006855928316339
0.00207919044694816 0.00007012368106260
0.00215011116693100 0.00007172377567091
0.00222265016849779 0.00007336038152216
0.00229684437788510 0.00007503433173639
0.00237273156391896 0.00007674647844389
0.00245035035724114 0.00007849769321904
0.00252974026997429 0.00008028886752394
0.00261094171583566 0.00008212091316224
0.00269399603070992 0.00008399476274328
0.00277894549369124 0.00008591137015686
0.00286583334860573 0.00008787171105878
0.00295470382602476 0.00008987678336755
0.00304560216578075 0.00009192760777237
0.00313857463999666 0.00009402522825267
0.00323366857664094 0.00009617071260963
0.00333093238362006 0.00009836515300968
0.00343041557342068 0.00010060966654050
0.00353216878831418 0.00010290539577969
0.00363624382613628 0.00010525350937638
0.00374269366665492 0.00010765520264614
0.00385157249853979 0.00011011169817946
0.00396293574694726 0.00011262424646413
0.00407684010173478 0.00011519412652178
0.00419334354631903 0.00011782264655900
0.00431250538719256 0.00012051114463324
0.00443438628411405 0.00012326098933401
0.00455904828098729 0.00012607358047953
0.00468655483744490 0.00012895034982933
0.00481697086115265 0.00013189276181305
0.00495036274085100 0.00013490231427598
0.00508679838015042 0.00013798053924151
0.00522634723209806 0.00014112900369098
0.00536908033453304 0.00014434931036142
0.00551507034624848 0.00014764309856139
0.00566439158397877 0.00015101204500547
0.00581712006023074 0.00015445786466784
0.00597333352197809 0.00015798231165523
0.00613311149023878 0.00016158718009991
0.00629653530055548 0.00016527430507298
0.00646368814439972 0.00016904556351851
0.00663465511152080 0.00017290287520902
0.00680952323326103 0.00017684820372274
0.00698838152685935 0.00018088355744316
0.00717132104076586 0.00018501099058145
0.00735843490099037 0.00018923260422211
0.00754981835850853 0.00019355054739257
0.00774556883774964 0.00019796701815715
0.00794578598619095 0.00020248426473600
0.00815057172508356 0.00020710458664954
0.00836003030133574 0.00021183033588905
0.00857426834058026 0.00021666391811400
0.00879339490145250 0.00022160779387660
0.00901752153110714 0.00022666447987436
0.00924676232200168 0.00023183655023128
0.00948123396997554 0.00023712663780815
0.00972105583365455 0.00024253743554286
0.00996634999521086 0.00024807169782123
0.01021724132250930 0.00025373224187914
0.01047385753267182 0.00025952194923666
0.01073632925709234 0.00026544376716491
0.01100479010793513 0.00027150071018635
0.01127937674615054 0.00027769586160935
0.01156022895104278 0.00028403237509776
0.01184748969142502 0.00029051347627631
0.01214130519839822 0.00029714246437258
0.01244182503979057 0.00030392271389653
0.01274920219629551 0.00031085767635827
0.01306359313934714 0.00031795088202509
0.01338515791077250 0.00032520594171857
0.01371406020426148 0.00033262654865261
0.01405046744869568 0.00034021648031356
0.01439455089337861 0.00034797960038310
0.01474648569521082 0.00035591986070510
0.01510645100785415 0.00036404130329731
0.01547463007293047 0.00037234806240893
0.01585121031330155 0.00038084436662523
0.01623638342847728 0.00038953454102006
0.01663034549220105 0.00039842300935759
0.01703329705226174 0.00040751429634422
0.01744544323258324 0.00041681302993191
0.01786699383764364 0.00042632394367403
0.01829816345927684 0.00043605187913504
0.01873917158591129 0.00044600178835506
0.01919024271430143 0.00045617873637075
0.01965160646380849 0.00046658790379367
0.02012349769328904 0.00047723458944748
0.02060615662065081 0.00048812421306538
0.02109982894513634 0.00049926231804896
0.02160476597239717 0.00051065457429017
0.02212122474242183 0.00052230678105752
0.02264946816038292 0.00053422486994831
0.02318976513046999 0.00054641490790803
0.02374239069277615 0.00055888310031884
0.02430762616330817 0.00057163579415840
0.02488575927719144 0.00058467948123085
0.02547708433514257 0.00059802080147145
0.02608190235328413 0.00061166654632670
0.02670052121637808 0.00062562366221150
0.02733325583455557 0.00063989925404532
0.02798042830362298 0.00065450058886892
0.02864236806902609 0.00066943509954369
0.02931941209355530 0.00068471038853538
0.03001190502887783 0.00070033423178414
0.03072019939098390 0.00071631458266291
0.03144465573963612 0.00073265957602611
0.03218564286191384 0.00074937753235071
0.03294353795994549 0.00076647696197180
0.03371872684292464 0.00078396656941480
0.03451160412350755 0.00080185525782656
0.03532257341869220 0.00082015213350750
0.03615204755528083 0.00083886651054721
0.03700044878003107 0.00085800791556584
0.03786820897460196 0.00087758609256367
0.03875576987540499 0.00089761100788127
0.03966358329847156 0.00091809285527298
0.04059211136945144 0.00093904206109600
0.04154182675885962 0.00096046928961803
0.04251321292269084 0.00098238544844591
0.04350676434852451 0.00100480169407819
0.04452298680724557 0.00102772943758438
0.04556239761050876 0.00105118035041382
0.04662552587407801 0.00107516637033703
0.04771291278717478 0.00109969970752272
0.04882511188797229 0.00112479285075339
0.04996268934537607 0.00115045857378278
0.05112622424723432 0.00117670994183843
0.05231630889512456 0.00120356031827257
0.05353354910586695 0.00123102337136476
0.05477856451991744 0.00125911308127978
0.05605198891679789 0.00128784374718432
0.05735447053772392 0.00131722999452597
0.05868667241559430 0.00134728678247841
0.06004927271251029 0.00137802941155637
0.06144296506499628 0.00140947353140446
0.06286845893709819 0.00144163514876365
0.06432647998153851 0.00147453063561958
0.06581777040911241 0.00150817673753676
0.06734308936651281 0.00154259058218296
0.06890321332277674 0.00157778968804813
0.07049893646454947 0.00161379197336222
0.07213107110036829 0.00165061576521654
0.07380044807417101 0.00168827980889322
0.07550791718823986 0.00172680327740758
0.07725434763579656 0.00176620578126818
0.07904062844346812 0.00180650737845967
0.08086766892384888 0.00184772858465337
0.08273639913838959 0.00188989038365079
0.08464777037084835 0.00193301423806558
0.08660275561154497 0.00197712210024912
0.08860235005266523 0.00202223642346543
0.09064757159486676 0.00206838017332110
0.09273946136544539 0.00211557683945601
0.09487908424832442 0.00216385044750082
0.09706752942613760 0.00221322557130729
0.09930591093468150 0.00226372734545770
0.10159536823001940 0.00231538147805968
0.10393706676852514 0.00236821426383304
0.10633219860016335 0.00242225259749517
0.10878198297530639 0.00247752398745190
0.11128766696539810 0.00253405656980075
0.11385052609778017 0.00259187912265371
0.11647186500500334 0.00265102108078683
0.11915301808895595 0.00271151255062413
0.12189535020014546 0.00277338432556333
0.12470025733248064 0.00283666790165139
0.12756916733390719 0.00290139549361767
0.13050354063325895 0.00296760005127292
0.13350487098369385 0.00303531527628254
0.13657468622309507 0.00310457563932251
0.13971454905182187 0.00317541639762683
0.14292605782820772 0.00324787361293531
0.14621084738221063 0.00332198416985095
0.14957058984762853 0.00339778579461617
0.15300699551330571 0.00347531707431751
0.15652181369376089 0.00355461747652846
0.16011683361968218 0.00363572736940065
0.16379388534874131 0.00371868804221334
0.16755484069719107 0.00380354172639193
0.17140161419271960 0.00389033161700594
0.17533616404904812 0.00397910189475769
0.17936049316276637 0.00406989774847259
0.18347665013291398 0.00416276539810272
0.18768673030382763 0.00425775211825522
0.19199287683178259 0.00435490626225759
0.19639728177597524 0.00445427728677219
0.20090218721439773 0.00455591577697226
0.20550988638517612 0.00465987347229250
0.21022272485395121 0.00476620329276723
0.21504310170789745 0.00487495936596951
0.21997347077698587 0.00498619705456497
0.22501634188311620 0.00509997298449439
0.23017428211774971 0.00521634507379931
0.23544991714869670 0.00533537256210544
0.24084593255672179 0.00545711604077877
0.24636507520264866 0.00558163748376986
0.25201015462565846 0.00570900027916188
0.25778404447349706 0.00583926926143852
0.26368968396531456 0.00597251074448825
0.26973007938788579 0.00610879255536162
0.27590830562597141 0.00624818406879888
0.28222750772759764 0.00639075624254539
0.28869090250505608 0.00653658165347297
0.29530178017243219 0.00668573453452540
0.30206350602050086 0.00683829081250692
0.30897952212983931 0.00699432814673310
0.31605334912303124 0.00715392596856358
0.32328858795685067 0.00731716552183682
0.33068892175534376 0.00748412990422766
0.33825811768473490 0.00765490410954843
0.34600002887111658 0.00782957507101535
0.35391859636189693 0.00800823170550224
0.36201785113200291 0.00819096495880389
0.37030191613586422 0.00837786785193243
0.37877500840621653 0.00856903552846995
0.38744144120079754 0.00876456530300169
0.39630562619802595 0.00896455671065438
0.40537207574278256 0.00916911155776496
0.41464540514343384 0.00937833397370542
0.42413033502127345 0.00959233046389028
0.43383169371356972 0.00981120996399352
0.44375441973144814 0.01003508389540266
0.45390356427385864 0.01026406622193825
0.46428429379890479 0.01049827350786752
0.47490189265384952 0.01073782497724186
0.48576176576513030 0.01098284257458822
0.49686944138975531 0.01123345102698546
0.50823057392948345 0.01148977790755704
0.51985094680921740 0.01175195370041265
0.53173647542107505 0.01202011186707151
0.54389321013564340 0.01229438891440152
0.55632733938194001 0.01257492446410856
0.56904519279765442 0.01286186132381134
0.58205324445127316 0.01315534555973823
0.59535811613772793 0.01345552657108269
0.60896658074924170 0.01376255716605554
0.62288556572309628 0.01407659363967248
0.63712215656806748 0.01439779585331665
0.65168360047132856 0.01472632731611660
0.66657730998765741 0.01506235526818125
0.68181086681282121 0.01540605076573397
0.69739202564307023 0.01575758876818946
0.71332871812268961 0.01611714822721741
0.72962905688163293 0.01648491217783848
0.74630133966528422 0.01686106783159894
0.76335405355845698 0.01724580667187139
0.78079587930577032 0.01763932455133000
0.79863569573061832 0.01804182179165006
0.81688258425496330 0.01845350328548243
0.83554583352226663 0.01887457860075484
0.85463494412590679 0.01930526208735328
0.87415963344548697 0.01974577298623740
0.89412984059350598 0.02019633554104610
0.91455573147489622 0.02065717911224940
0.93544770396201438 0.02112853829390528
0.95681639318771494 0.02161065303308062
0.97867267695920379 0.02210376875199707
1.00102768129542063 0.02260813647296406
1.02389278609078427 0.02312401294616276
1.04727963090816401 0.02365166078034551
1.07120012090404226 0.02419134857651781
1.09566643288887766 0.02474335106467064
1.12069102152574862 0.02530794924363262
1.14628662567045114 0.02588543052411364
1.17246627485625443 0.02647608887501216
1.19924329592663104 0.02708022497306119
1.22663131981933571 0.02769814635588884
1.25464428850528154 0.02833016757857143
1.28329646208574832 0.02897661037375885
1.31260242605154120 0.02963780381545377
1.34257709870778474 0.03031408448652788
1.37323573876813887 0.03100579665006062
1.40459395312230262 0.03171329242458753
1.43666770478075279 0.03243693196334737
1.46947332100077799 0.03317708363761952
1.50302750159792198 0.03393412422424464
1.53734732744708502 0.03470843909742422
1.57245026917760478 0.03550042242489674
1.60835419606674357 0.03631047736859017
1.64507738513610047 0.03713901628985286
1.68263853045560552 0.03798646095936774
1.72105675265979285 0.03885324277185604
1.76035160868123275 0.03973980296568037
1.80054310170605580 0.04064659284745865
1.84165169135664741 0.04157407402180340
1.88369830410668571 0.04252271862630307
1.92670434393384626 0.04349300957186555
1.97069170321556753 0.04448544078854554
2.01568277387344352 0.04550051747698149
2.06170045877191477 0.04653875636556976
2.10876818337704375 0.04760068597350687
2.15690990768134405 0.04868684687983442
2.20615013840069052 0.04979779199862248
2.25651394144955519 0.05093408686043262
2.30802695470089736 0.05209630990020320
2.36071540103721578 0.05328505275170372
2.41460610169939383 0.05450092054870802
2.46972648994015920 0.05574453223303999
2.52610462498907040 0.05701652086964793
2.58376920633616836 0.05831753396886855
2.64274958834155793 0.05964823381604450
2.70307579517833929 0.06100929780866283
2.76477853611653268 0.06240141880118688
2.82788922115573316 0.06382530545775617
2.89243997701448663 0.06528168261293441
2.95846366348450696 0.06677129164068910
3.02599389015807407 0.06829489083179066
3.09506503353710505 0.06985325577982281
3.16571225453265237 0.07144717977600155
3.23797151636367708 0.07307747421300274
3.31187960286425920 0.07474496899800437
3.38747413720853530 0.07645051297515380
3.46479360106291345 0.07819497435767496
3.54387735417529859 0.07997924116983522
3.62476565441132070 0.08180422169899763
3.70749967824771787 0.08367084495798711
3.79212154173340688 0.08558006115800867
3.87867432192878114 0.08753284219235520
3.96720207883424969 0.08953018213115335
4.05774987781913588 0.09157309772739848
4.15036381256236098 0.09366262893453632
4.24509102851660192 0.09579983943585510
4.34197974690784605 0.09798581718595717
4.44107928928257856 0.10022167496458621
4.54244010261509334 0.10250855094309178
4.64611378498771010 0.10484760926381954
4.75215311185692979 0.10724004063272144
4.86061206291901815 0.10968706292548984
4.97154584958852741 0.11218992180752074
5.08501094310387547 0.11474989136802445
5.20106510327422278 0.11736827476860504
5.31976740788231872 0.12004640490663962
5.44117828275824778 0.12278564509379428
5.56535953253941695 0.12558738975002284
5.69237437213242803 0.12845306511340135
5.82228745889284749 0.13138412996615947
5.95516492553926291 0.13438207637727892
6.09107441381839276 0.13744843046203670
6.23008510893831069 0.14058475315887839
6.37226777478748918 0.14379264102402109
6.51769478995736318 0.14707372704418492
6.66644018458692322 0.15042968146787097
6.81857967804801657 0.15386221265560732
6.97419071749056663 0.15737306794959591
7.13335251726731823 0.16096403456320343
7.29614609925818325 0.16463694049074853
7.46265433411472312 0.16839365543804893
7.63296198344574073 0.17223609177420171
7.80715574296549430 0.17616620550508189
7.98532428662641092 0.18018599726905313
8.16755831175894897 0.18429751335540140
8.35395058524134981 0.18850284674600479
8.54459599072295717 0.19280413818077355
8.73959157692507560 0.19720357724740137
8.93903660704397041 0.20170340349598287
9.14303260928114625 0.20630590757906439
9.35168342852664125 0.21101343241770895
9.56509527922163549 0.21582837439416844
9.78337679942729466 0.22075318457177057
10.00663910612737517 0.22579036994264182
10.23499585179264670 0.23094249470389897
10.46856328223619670 0.23621218156296525
10.70746029578870484 0.24160211307266730
10.95180850382407201 0.24711503299679846
11.20173229266613113 0.25275374770684172
11.45735888690794013 0.25852112761056295
11.71881841417591552 0.26442010861320203
11.98624397137176878 0.27045369361200633
12.25977169242594300 0.27662495402486553
12.53954081759709460 0.28293703135382858
12.82569376435284880 0.28939313878429646
13.11837619986782677 0.29599656282070358
13.41773711517618395 0.30275066495952802
13.72392890101593110 0.30965888340047076
14.03710742540400247 0.31672473479668439
14.35743211298142441 0.32395181604493756
14.68506602616899315 0.33134380611662811
15.02017594817478674 0.33890446793057677
15.36293246789574063 0.34663765026855403
15.71351006675654283 0.35454728973451666
16.07208720753001430 0.36263741275854938
16.43884642518424499 0.37091213764653430
16.81397441980256602 0.37937567667658678
17.19766215162404421 0.38803233824333405
17.59010493825238441 0.39688652905111677
17.99150255408304133 0.40594275635723759
18.40205933199911215 0.41520563026639673
18.82198426738771602 0.42467986607748259
19.25149112452982081 0.43437028668391053
19.69079854541773145 0.44428182502873481
20.14013016105555565 0.45441952661578011
20.59971470529937676 0.46478855207807357
21.06978613129506073 0.47539417980488408
21.55058373057279653 0.48624180862870181
22.04235225485951943 0.49733696057353810
22.54534204067049785 0.50868528366592780
23.05980913674406452 0.52029255481007863
23.58601543438413017 0.53216468272862394
24.12422880077691190 0.54430771097048036
24.67472321534962987 0.55672782098733631
25.23777890924074896 0.56943133528034295
25.81368250795260622 0.58242472061860540
26.40272717725916607 0.59571459133111482
27.00521277244313723 0.60930771267379724
27.62144599093817376 0.62321100427338627
28.25174052845458306 0.63743154364989085
28.89641723866705547 0.65197656981942698
29.55580429654641605 0.66685348697926627
30.23023736541825457 0.68206986827696880
30.92005976783353915 0.69763345966552048
31.62562266033818048 0.71355218384643793
32.34728521223050990 0.72983414430284810
33.08541478839770633 0.74648762942459557
33.84038713632418194 0.76352111672747580
34.61258657736724587 0.78094327716874690
35.40240620239699609 0.79876297956110531
36.21024807190102734 0.81698929508739526
37.03652342065445424 0.83563150191832025
37.88165286706054502 0.85469908993553090
38.74606662726797879 0.87420176556248275
39.63020473417393674 0.89414945670552548
40.53451726142439071 0.91455231780773938
41.45946455252568086 0.93542073501808942
42.40551745518406790 0.95676533147853349
43.37315756099237518 0.97859697273176860
44.36287745058590559 1.00092677225237470
45.37518094439247562 1.02376609710416999
46.41058335910366850 1.04712657372664908
47.46961176999907650 1.07102009385347241
48.55280527925557266 1.09545882056598987
49.66071529037922971 1.12045519448490127
50.79390578889924512 1.14602194010319902
51.95295362946679774 1.17217207226361664
53.13844882950493798 1.19891890278388047
54.35099486955905235 1.22627604723313754
55.59120900050081815 1.25425743186301086
56.85972255774188255 1.28287730069680461
58.15718128261759290 1.31215022278048044
59.48424565110341433 1.34209109959907003
60.84159121003325055 1.37271517266234433
62.22990892098852811 1.40403803126354898
63.64990551203475633 1.43607562041519121
65.10230383748395866 1.46884424896590571
66.58784324586622461 1.50236059790253162
68.10727995629770248 1.53664172884162809
69.66138744343665223 1.57170509271475156
71.25095683122340517 1.60756853865191252
72.87679729560497321 1.64425032306774299
74.53973647644883727 1.68176911895498593
76.24062089885565285 1.72014402539004196
77.98031640408652265 1.75939457725543780
79.75970859032210569 1.79954075518411583
