0.00000000000000000 6.38286360801113872 -18.57050676997159755
0.00002347738310443 6.38286360440573119 -18.57050675438729925
0.00004749047730607 6.38286359325433050 -18.57050670618551891
0.00007205150655588 6.38286357404171056 -18.57050662313921308
0.00009717297373309 6.38286354622359298 -18.57050650289575344
0.00012286766700988 6.38286350922664880 -18.57050634297692326
0.00014914866636119 6.38286346244705882 -18.57050614077274631
0.00017602935022314 6.38286340524904006 -18.57050589353502090
0.00020352340230341 6.38286333696323638 -18.57050559837049875
0.00023164481854694 6.38286325688511713 -18.57050525223383985
0.00026040791426061 6.38286316427321676 -18.57050485192007017
0.00028982733140055 6.38286305834736734 -18.57050439405691122
0.00031991804602561 6.38286293828675966 -18.57050387509646683
0.00035069537592104 6.38286280322803901 -18.57050329130684574
0.00038217498839601 6.38286265226311222 -18.57050263876288199
0.00041437290825916 6.38286248443713511 -18.57050191333721756
0.00044730552597602 6.38286229874610012 -18.57050111069007414
0.00048098960601271 6.38286209413451200 -18.57050022625909236
0.00051544229536990 6.38286186949290180 -18.57049925524859901
0.00055068113231157 6.38286162365520049 -18.57049819261827039
0.00058672405529292 6.38286135539600163 -18.57049703307130883
0.00062358941209201 6.38286106342769433 -18.57049577104203308
0.00066129596914975 6.38286074639747358 -18.57049440068298551
0.00069986292112305 6.38286040288420509 -18.57049291585129680
0.00073930990065588 6.38286003139511671 -18.57049131009451770
0.00077965698837339 6.38285963036237902 -18.57048957663567634
0.00082092472310400 6.38285919813945402 -18.57048770835769247
0.00086313411233476 6.38285873299738871 -18.57048569778716285
0.00090630664290529 6.38285823312080414 -18.57048353707714838
0.00095046429194573 6.38285769660376801 -18.57048121798928975
0.00099562953806428 6.38285712144550565 -18.57047873187526577
0.00104182537279002 6.38285650554579131 -18.57047606965687336
0.00108907531227682 6.38285584670024786 -18.57047322180575222
0.00113740340927431 6.38285514259536058 -18.57047017832176294
0.00118683426537207 6.38285439080329731 -18.57046692871062987
0.00123739304352309 6.38285358877638132 -18.57046346196007391
0.00128910548085309 6.38285273384147978 -18.57045976651552621
0.00134199790176211 6.38285182319397304 -18.57045583025406899
0.00139609723132501 6.38285085389152052 -18.57045164045748109
0.00145143100899782 6.38284982284750857 -18.57044718378394776
0.00150802740263672 6.38284872682420268 -18.57044244623840967
0.00156591522283709 6.38284756242557894 -18.57043741314162588
0.00162512393759954 6.38284632608980296 -18.57043206909764876
0.00168568368733079 6.38284501408138727 -18.57042639795989203
0.00174762530018669 6.38284362248295434 -18.57042038279557872
0.00181098030776544 6.38284214718661769 -18.57041400584847679
0.00187578096115884 6.38284058388498554 -18.57040724849995783
0.00194206024736984 6.38283892806172126 -18.57040009122827584
0.00200985190610466 6.38283717498165348 -18.57039251356576415
0.00207919044694816 6.38283531968047235 -18.57038449405428793
0.00215011116693100 6.38283335695386977 -18.57037601019839812
0.00222265016849779 6.38283128134623468 -18.57036703841632175
0.00229684437788510 6.38282908713881358 -18.57035755398892718
0.00237273156391896 6.38282676833729479 -18.57034753100593605
0.00245035035724114 6.38282431865882582 -18.57033694230990761
0.00252974026997429 6.38282173151840215 -18.57032575943738451
0.00261094171583566 6.38281900001470248 -18.57031395255757289
0.00269399603070992 6.38281611691514694 -18.57030149040788913
0.00277894549369124 6.38281307464034775 -18.57028834022667496
0.00286583334860573 6.38280986524780580 -18.57027446768274714
0.00295470382602476 6.38280648041483367 -18.57025983680157921
0.00304560216578075 6.38280291142072720 -18.57024440988824665
0.00313857463999666 6.38279914912804092 -18.57022814744648898
0.00323366857664094 6.38279518396305523 -18.57021100809425462
0.00333093238362006 6.38279100589531012 -18.57019294847531299
0.00343041557342068 6.38278660441616719 -18.57017392316651083
0.00353216878831418 6.38278196851642488 -18.57015388458102834
0.00363624382613628 6.38277708666281196 -18.57013278286685676
0.00374269366665492 6.38277194677349691 -18.57011056580085295
0.00385157249853979 6.38276653619236534 -18.57008717867755720
0.00396293574694726 6.38276084166211888 -18.57006256419300172
0.00407684010173478 6.38275484929618653 -18.57003666232322558
0.00419334354631903 6.38274854454926022 -18.57000941019692775
0.00431250538719256 6.38274191218647857 -18.56998074196232196
0.00443438628411405 6.38273493625121269 -18.56995058864783488
0.00455904828098729 6.38272760003131534 -18.56991887801626717
0.00468655483744490 6.38271988602382656 -18.56988553441221868
0.00481697086115265 6.38271177589801653 -18.56985047860238325
0.00495036274085100 6.38270325045676401 -18.56981362760856058
0.00508679838015042 6.38269428959606966 -18.56977489453271701
0.00522634723209806 6.38268487226275205 -18.56973418837414158
0.00536908033453304 6.38267497641016224 -18.56969141383797250
0.00551507034624848 6.38266457895182704 -18.56964647113490230
0.00566439158397877 6.38265365571296250 -18.56959925577159609
0.00581712006023074 6.38264218137974559 -18.56954965833136484
0.00597333352197809 6.38263012944617891 -18.56949756424464937
0.00613311149023878 6.38261747215857600 -18.56944285354894575
0.00629653530055548 6.38260418045740874 -18.56938540063753962
0.00646368814439972 6.38259022391649555 -18.56932507399662668
0.00663465511152080 6.38257557067934123 -18.56926173593021545
0.00680952323326103 6.38256018739255637 -18.56919524227233254
0.00698838152685935 6.38254403913616564 -18.56912544208582005
0.00717132104076586 6.38252708935071134 -18.56905217734727387
0.00735843490099037 6.38250929976095627 -18.56897528261731622
0.00754981835850853 6.38249063029608976 -18.56889458469570542
0.00774556883774964 6.38247103900620516 -18.56880990226034456
0.00794578598619095 6.38245048197490039 -18.56872104548958191
0.00815057172508356 6.38242891322786932 -18.56862781566717047
0.00836003030133574 6.38240628463727333 -18.56853000476892035
0.00857426834058026 6.38238254582160458 -18.56842739502996409
0.00879339490145250 6.38235764404099992 -18.56831975849233984
0.00901752153110714 6.38233152408769033 -18.56820685653153191
0.00924676232200168 6.38230412817135306 -18.56808843936098441
0.00948123396997554 6.38227539579918535 -18.56796424551383851
0.00972105583365455 6.38224526365043143 -18.56783400130067108
0.00996634999521086 6.38221366544509472 -18.56769742024217251
0.01021724132250930 6.38218053180658718 -18.56755420247551314
0.01047385753267182 6.38214579011802563 -18.56740403413340346
0.01073632925709234 6.38210936437190579 -18.56724658669439165
0.01100479010793513 6.38207117501277299 -18.56708151630305892
0.01127937674615054 6.38203113877267825 -18.56690846305894382
0.01156022895104278 6.38198916849904307 -18.56672705027267156
0.01184748969142502 6.38194517297444097 -18.56653688368727728
0.01214130519839822 6.38189905672827251 -18.56633755066432556
0.01244182503979057 6.38185071983954266 -18.56612861933173875
0.01274920219629551 6.38180005773064263 -18.56590963769275859
0.01306359313934714 6.38174696095155003 -18.56568013269342998
0.01338515791077250 6.38169131495410635 -18.56543960924735259
0.01371406020426148 6.38163299985586985 -18.56518754921527048
0.01405046744869568 6.38157189019305360 -18.56492341033761662
0.01439455089337861 6.38150785466207093 -18.56464662511783814
0.01474648569521082 6.38144075584914638 -18.56435659965418949
0.01510645100785415 6.38137044994747793 -18.56405271241769483
0.01547463007293047 6.38129678646133858 -18.56373431297381771
0.01585121031330155 6.38121960789653730 -18.56340072064513791
0.01623638342847728 6.38113874943660164 -18.56305122311245626
0.01663034549220105 6.38105403860404863 -18.56268507495145315
0.01703329705226174 6.38096529490603892 -18.56230149610198055
0.01744544323258324 6.38087232946370975 -18.56189967026679355
0.01786699383764364 6.38077494462441397 -18.56147874323664837
0.01829816345927684 6.38067293355614229 -18.56103782113832779
0.01873917158591129 6.38056607982321733 -18.56057596860196313
0.01919024271430143 6.38045415694250462 -18.56009220684418182
0.01965160646380849 6.38033692791916973 -18.55958551166300907
0.02012349769328904 6.38021414476110404 -18.55905481134072588
0.02060615662065081 6.38008554797098526 -18.55849898445019264
0.02109982894513634 6.37995086601500194 -18.55791685756054221
0.02160476597239717 6.37980981476714515 -18.55730720283741064
0.02212122474242183 6.37966209692795960 -18.55666873553296981
0.02264946816038292 6.37950740141663264 -18.55600011136100846
0.02318976513046999 6.37934540273507533 -18.55529992375122106
0.02374239069277615 6.37917576030291311 -18.55456670097793292
0.02430762616330817 6.37899811776188130 -18.55379890315701985
0.02488575927719144 6.37881210224831641 -18.55299491910519549
0.02547708433514257 6.37861732363231759 -18.55215306305565193
0.02608190235328413 6.37841337372201611 -18.55127157122320369
0.02670052121637808 6.37819982543133879 -18.55034859821221715
0.02733325583455557 6.37797623190973262 -18.54938221326049685
0.02798042830362298 6.37774212563194531 -18.54837039631114592
0.02864236806902609 6.37749701744624797 -18.54731103390531644
0.02931941209355530 6.37724039557906419 -18.54620191488722014
0.03001190502887783 6.37697172459411821 -18.54504072591319996
0.03072019939098390 6.37669044430398380 -18.54382504675596266
0.03144465573963612 6.37639596863200975 -18.54255234539504116
0.03218564286191384 6.37608768442221052 -18.54121997288327606
0.03294353795994549 6.37576495019491851 -18.53982515798001174
0.03371872684292464 6.37542709484572789 -18.53836500154010025
0.03451160412350755 6.37507341628514368 -18.53683647064794826
0.03532257341869220 6.37470318001627856 -18.53523639248518151
0.03615204755528083 6.37431561764793386 -18.53356144792025262
0.03700044878003107 6.37390992534000400 -18.53180816480733739
0.03786820897460196 6.37348526217830358 -18.52997291098193244
0.03875576987540499 6.37304074847569613 -18.52805188693955074
0.03966358329847156 6.37257546399606856 -18.52604111818343213
0.04059211136945144 6.37208844609798941 -18.52393644722704025
0.04154182675885962 6.37157868779423886 -18.52173352523566052
0.04251321292269084 6.37104513572369591 -18.51942780329188665
0.04350676434852451 6.37048668803153895 -18.51701452326775765
0.04452298680724557 6.36990219215389253 -18.51448870828728843
0.04556239761050876 6.36929044250256027 -18.51184515276066733
0.04662552587407801 6.36865017804562239 -18.50907841197238568
0.04771291278717478 6.36798007977919234 -18.50618279120320864
0.04882511188797229 6.36727876808577253 -18.50315233436672102
0.04996268934537607 6.36654479997405431 -18.49998081213873391
0.05112622424723432 6.36577666619525928 -18.49666170955862654
0.05231630889512456 6.36497278823053669 -18.49318821307963390
0.05353354910586695 6.36413151514390485 -18.48955319704488076
0.05477856451991744 6.36325112029503348 -18.48574920956486878
0.05605198891679789 6.36232979790576181 -18.48176845777113186
0.05735447053772392 6.36136565947426202 -18.47760279242021397
0.05868667241559430 6.36035673003031832 -18.47324369182065240
0.06004927271251029 6.35930094422500414 -18.46868224505498191
0.06144296506499628 6.35819614224787610 -18.46390913446788318
0.06286845893709819 6.35704006556442458 -18.45891461739025630
0.06432647998153851 6.35583035246636108 -18.45368850706839581
0.06581777040911241 6.35456453342695404 -18.44822015276582761
0.06734308936651281 6.35324002625343809 -18.44249841900494857
0.06890321332277674 6.35185413102829166 -18.43651166391442331
0.07049893646454947 6.35040402483062749 -18.43024771664630990
0.07213107110036829 6.34888675622913823 -18.42369385382787783
0.07380044807417101 6.34729923953716124 -18.41683677500928340
0.07550791718823986 6.34563824882068772 -18.40966257706982034
0.07725434763579656 6.34390041164953367 -18.40215672754288789
0.07904062844346812 6.34208220258159461 -18.39430403681887327
0.08086766892384888 6.34017993637000465 -18.38608862918495745
0.08273639913838959 6.33818976088275043 -18.37749391265974452
0.08464777037084835 6.33610764972346896 -18.36850254757781897
0.08660275561154497 6.33392939454294623 -18.35909641388261093
0.08860235005266523 6.33165059702939192 -18.34925657708032176
0.09064757159486676 6.32926666056605391 -18.33896325281018136
0.09273946136544539 6.32677278154455891 -18.32819576998588929
0.09487908424832442 6.32416394032134388 -18.31693253245905950
0.09706752942613760 6.32143489180539486 -18.30515097916004308
0.09930591093468150 6.31858015566465703 -18.29282754266801447
0.10159536823001940 6.31559400613817168 -18.27993760616141827
0.10393706676852514 6.31247046144185742 -18.26645545870503895
0.10633219860016335 6.30920327275447601 -18.25235424882352930
0.10878198297530639 6.30578591277110156 -18.23760593631632787
0.11128766696539810 6.30221156381172065 -18.22218124227124036
0.11385052609778017 6.29847310547115491 -18.20604959722725624
0.11647186500500334 6.29456310179866119 -18.18917908744987244
0.11915301808895595 6.29047378799434753 -18.17153639927586894
0.12189535020014546 6.28619705660961348 -18.15308676148709210
0.12470025733248064 6.28172444324129042 -18.13379388568552386
0.12756916733390719 6.27704711170635399 -18.11361990462915017
0.13050354063325895 6.27215583868761417 -18.09252530850721996
0.13350487098369385 6.26704099784058499 -18.07046887913365296
0.13657468622309507 6.26169254335055570 -18.04740762203265447
0.13971454905182187 6.25609999293426622 -18.02329669641919097
0.14292605782820772 6.25025241027719947 -17.99808934306103225
0.14621084738221063 6.24413838690098100 -17.97173681002873025
0.14957058984762853 6.23774602345929008 -17.94418827636005531
0.15300699551330571 6.23106291045596450 -17.91539077364458521
0.15652181369376089 6.22407610838930392 -17.88528910558667917
0.16011683361968218 6.21677212732304429 -17.85382576558971124
0.16379388534874131 6.20913690588754363 -17.82094085242147585
0.16755484069719107 6.20115578972401149 -17.78657198406938633
0.17140161419271960 6.19281350937738750 -17.75065420985980680
0.17533616404904812 6.18409415765769310 -17.71311992098942767
0.17936049316276637 6.17498116648977291 -17.67389875961909240
0.18347665013291398 6.16545728327095066 -17.63291752668113332
0.18768673030382763 6.15550454677536152 -17.59010008864999719
0.19199287683178259 6.14510426263289222 -17.54536728347423136
0.19639728177597524 6.13423697842955296 -17.49863682596499004
0.20090218721439773 6.12288245848316937 -17.44982321297508321
0.20550988638517612 6.11101965834262906 -17.39883762867605554
0.21022272485395121 6.09862669909197841 -17.34558785041030049
0.21504310170789745 6.08568084152700095 -17.28997815552951067
0.21997347077698587 6.07215846029479422 -17.23190922974799477
0.22501634188311620 6.05803501810744205 -17.17127807764699909
0.23017428211774971 6.04328504012606516 -17.10797793589367899
0.23544991714869670 6.02788208866411424 -17.04189819000672301
0.24084593255672179 6.01179873834454526 -16.97292429543145786
0.24636507520264866 5.99500655186999332 -16.90093770381446348
0.25201015462565846 5.97747605660891512 -16.82581579559014529
0.25778404447349706 5.95917672217141448 -16.74743181984921492
0.26368968396531456 5.94007693922851576 -16.66565484286309839
0.26973007938788579 5.92014399981584205 -16.58034970657801210
0.27590830562597141 5.89934407938720184 -16.49137699851840821
0.28222750772759764 5.87764222096167899 -16.39859303493403431
0.28869090250505608 5.85500232165934431 -16.30184985878511128
0.29530178017243219 5.83138712203545406 -16.20099525473767699
0.30206350602050086 5.80675819861766218 -16.09587278331632021
0.30897952212983931 5.78107596006919078 -15.98632183645714555
0.31605334912303124 5.75429964753049017 -15.87217771735206284
0.32328858795685067 5.72638733961455149 -15.75327174709169498
0.33068892175534376 5.69729596269122496 -15.62943140141400811
0.33825811768473490 5.66698130710301573 -15.50048048090105013
0.34600002887111658 5.63539804995932148 -15.36623931798947496
0.35391859636189693 5.60249978535632387 -15.22652502515307482
0.36201785113200291 5.56823906275034464 -15.08115178802152556
0.37030191613586422 5.53256743442819854 -14.92993120826514009
0.37877500840621653 5.49543551304187616 -14.77267270118652398
0.38744144120079754 5.45679304015176303 -14.60918395284022608
0.39630562619802595 5.41658896701267878 -14.43927144292137399
0.40537207574278256 5.37477154865498008 -14.26274103875491761
0.41464540514343384 5.33128845259017492 -14.07939866706581533
0.42413033502127345 5.28608688350785805 -13.88905107036860720
0.43383169371356972 5.23911372525699992 -13.69150665443456738
0.44375441973144814 5.19031570179449453 -13.48657643516092719
0.45390356427385864 5.13963955850467435 -13.27407509177094624
0.46428429379890479 5.08703226562511990 -13.05382213483973786
0.47490189265384952 5.03244124553953753 -12.82564319769535111
0.48576176576513030 4.97581462553929832 -12.58937145892276810
0.49686944138975531 4.91710151811634244 -12.34484920581113876
0.50823057392948345 4.85625233042459303 -12.09192954645456375
0.51985094680921740 4.79321910488537295 -11.83047827970681709
0.53173647542107505 4.72795589285413964 -11.56037593173353173
0.54389321013564340 4.66041916296696890 -11.28151996636124821
0.55632733938194001 4.59056824619920256 -10.99382717807124088
0.56904519279765442 4.51836581902810153 -10.69723627328528615
0.58205324445127316 4.44377842630216602 -10.39171064621852558
0.59535811613772793 4.36677704511358655 -10.07724135369619844
0.60896658074924170 4.28733769045947888 -9.75385029068670129
0.62288556572309628 4.20544206352862915 -9.42159356768249268
0.63712215656806748 4.12107824253317823 -9.08056508650070526
0.65168360047132856 4.03424141577322182 -8.73090030905003545
0.66657730998765741 3.94493465575880764 -8.37278020860834360
0.68181086681282121 3.85316973242507643 -8.00643538905755747
0.69739202564307023 3.75896796248002252 -7.63215035078814541
0.71332871812268961 3.66236109077961158 -7.25026787638517867
0.72962905688163293 3.56339219832032583 -6.86119350096394776
0.74630133966528422 3.46211662955516664 -6.46540002133855296
0.76335405355845698 3.35860293073165117 -6.06343199293431478
0.78079587930577032 3.25293378764815788 -5.65591014346595689
0.79863569573061832 3.14520695035843900 -5.24353562851321797
0.81688258425496330 3.03553612890650593 -4.82709403358674649
0.83554583352226663 2.92405184089976578 -4.40745900875854968
0.85463494412590679 2.81090219108293526 -3.98559541844727594
0.87415963344548697 2.69625355562640046 -3.56256184549389676
0.89412984059350598 2.58029114516872937 -3.13951229670198462
0.91455573147489622 2.46321941374653131 -2.71769691645056843
0.93544770396201438 2.34526227686090083 -2.29846149243457631
0.95681639318771494 2.22666310387536237 -1.88324554743518879
0.97867267695920379 2.10768443685551521 -1.47357873498495873
1.00102768129542063 1.98860739706890088 -1.07107530653627681
1.02389278609078427 1.86973072979287380 -0.67742635477497759
1.04727963090816401 1.75136943855128702 -0.29438953706809073
1.07120012090404226 1.63385297091575055 0.07622395969749375
1.09566643288887766 1.51752290174682347 0.43256554874793318
1.12069102152574862 1.40273009014410999 0.77276863937438511
1.14628662567045114 1.28983127721462631 1.09497153091469057
1.17246627485625443 1.17918511191572062 1.39734393315750127
1.19924329592663104 1.07114762719843926 1.67811705655211085
1.22663131981933571 0.96606718379373691 1.93561725661086204
1.25464428850528154 0.86427897579295598 2.16830279993450770
1.28329646208574832 0.76609920193932091 2.37480328110163352
1.31260242605154120 0.67181907694116694 2.55396084221461761
1.34257709870778474 0.58169893782838922 2.70487190902512342
1.37323573876813887 0.49596273945335595 2.82692795948147069
1.40459395312230262 0.41479337634906654 2.91985304536116574
1.43666770478075279 0.33832932017232564 2.98373551150484939
1.46947332100077799 0.26666319642320779 3.01905060505130152
1.50302750159792198 0.19984302890140496 3.02667006597475030
1.53734732744708502 0.13787695978352241 3.00785434460699319
1.57245026917760478 0.08074235119873503 2.96422248555974344
1.60835419606674357 0.02840017605219831 2.89769468586414325
1.64507738513610047 -0.01918442278334083 2.81040262887683756
1.68263853045560552 -0.06201473897499003 2.70456382635935366
1.72105675265979285 -0.10002790061847962 2.58231784485286431
1.76035160868123275 -0.13305340626128112 2.44552632207304343
1.80054310170605580 -0.16076603840885620 2.29554393034339377
1.84165169135664741 -0.18263595915009717 2.13297665556418359
1.88369830410668571 -0.19788103696159834 1.95745730442913546
1.92670434393384626 -0.20542941856827329 1.76748662078623386
1.97069170321556753 -0.20390495675966705 1.56041724725680009
2.01568277387344352 -0.19165374073576261 1.33269479579696526
2.06170045877191477 -0.16683814295812310 1.08052483257574039
2.10876818337704375 -0.12771162823573831 0.80139081030907089
2.15690990768134405 -0.08336894613362601 0.52120942621064503
2.20615013840069052 -0.04343264248993164 0.27136079172978955
2.25651394144955519 -0.01287677005193029 0.08054934377219920
2.30802695470089736 0.00000000000000000 0.00000000000000000
2.36071540103721578 0.00000000000000000 0.00000000000000000
2.41460610169939383 0.00000000000000000 0.00000000000000000
2.46972648994015920 0.00000000000000000 0.00000000000000000
2.52610462498907040 0.00000000000000000 0.00000000000000000
2.58376920633616836 0.00000000000000000 0.00000000000000000
2.64274958834155793 0.00000000000000000 0.00000000000000000
2.70307579517833929 0.00000000000000000 0.00000000000000000
2.76477853611653268 0.00000000000000000 0.00000000000000000
2.82788922115573316 0.00000000000000000 0.00000000000000000
2.89243997701448663 0.00000000000000000 0.00000000000000000
2.95846366348450696 0.00000000000000000 0.00000000000000000
3.02599389015807407 0.00000000000000000 0.00000000000000000
3.09506503353710505 0.00000000000000000 0.00000000000000000
3.16571225453265237 0.00000000000000000 0.00000000000000000
3.23797151636367708 0.00000000000000000 0.00000000000000000
3.31187960286425920 0.00000000000000000 0.00000000000000000
3.38747413720853530 0.00000000000000000 0.00000000000000000
3.46479360106291345 0.00000000000000000 0.00000000000000000
3.54387735417529859 0.00000000000000000 0.00000000000000000
3.62476565441132070 0.00000000000000000 0.00000000000000000
3.70749967824771787 0.00000000000000000 0.00000000000000000
3.79212154173340688 0.00000000000000000 0.00000000000000000
3.87867432192878114 0.00000000000000000 0.00000000000000000
3.96720207883424969 0.00000000000000000 0.00000000000000000
4.05774987781913588 0.00000000000000000 0.00000000000000000
4.15036381256236098 0.00000000000000000 0.00000000000000000
4.24509102851660192 0.00000000000000000 0.00000000000000000
4.34197974690784605 0.00000000000000000 0.00000000000000000
4.44107928928257856 0.00000000000000000 0.00000000000000000
4.54244010261509334 0.00000000000000000 0.00000000000000000
4.64611378498771010 0.00000000000000000 0.00000000000000000
4.75215311185692979 0.00000000000000000 0.00000000000000000
4.86061206291901815 0.00000000000000000 0.00000000000000000
4.97154584958852741 0.00000000000000000 0.00000000000000000
5.08501094310387547 0.00000000000000000 0.00000000000000000
5.20106510327422278 0.00000000000000000 0.00000000000000000
5.31976740788231872 0.00000000000000000 0.00000000000000000
5.44117828275824778 0.00000000000000000 0.00000000000000000
5.56535953253941695 0.00000000000000000 0.00000000000000000
5.69237437213242803 0.00000000000000000 0.00000000000000000
5.82228745889284749 0.00000000000000000 0.00000000000000000
5.95516492553926291 0.00000000000000000 0.00000000000000000
6.09107441381839276 0.00000000000000000 0.00000000000000000
6.23008510893831069 0.00000000000000000 0.00000000000000000
6.37226777478748918 0.00000000000000000 0.00000000000000000
6.51769478995736318 0.00000000000000000 0.00000000000000000
6.66644018458692322 0.00000000000000000 0.00000000000000000
6.81857967804801657 0.00000000000000000 0.00000000000000000
6.97419071749056663 0.00000000000000000 0.00000000000000000
7.13335251726731823 0.00000000000000000 0.00000000000000000
7.29614609925818325 0.00000000000000000 0.00000000000000000
7.46265433411472312 0.00000000000000000 0.00000000000000000
7.63296198344574073 0.00000000000000000 0.00000000000000000
7.80715574296549430 0.00000000000000000 0.00000000000000000
7.98532428662641092 0.00000000000000000 0.00000000000000000
8.16755831175894897 0.00000000000000000 0.00000000000000000
8.35395058524134981 0.00000000000000000 0.00000000000000000
8.54459599072295717 0.00000000000000000 0.00000000000000000
8.73959157692507560 0.00000000000000000 0.00000000000000000
8.93903660704397041 0.00000000000000000 0.00000000000000000
9.14303260928114625 0.00000000000000000 0.00000000000000000
9.35168342852664125 0.00000000000000000 0.00000000000000000
9.56509527922163549 0.00000000000000000 0.00000000000000000
9.78337679942729466 0.00000000000000000 0.00000000000000000
10.00663910612737517 0.00000000000000000 0.00000000000000000
10.23499585179264670 0.00000000000000000 0.00000000000000000
10.46856328223619670 0.00000000000000000 0.00000000000000000
10.70746029578870484 0.00000000000000000 0.00000000000000000
10.95180850382407201 0.00000000000000000 0.00000000000000000
11.20173229266613113 0.00000000000000000 0.00000000000000000
11.45735888690794013 0.00000000000000000 0.00000000000000000
11.71881841417591552 0.00000000000000000 0.00000000000000000
11.98624397137176878 0.00000000000000000 0.00000000000000000
12.25977169242594300 0.00000000000000000 0.00000000000000000
12.53954081759709460 0.00000000000000000 0.00000000000000000
12.82569376435284880 0.00000000000000000 0.00000000000000000
13.11837619986782677 0.00000000000000000 0.00000000000000000
13.41773711517618395 0.00000000000000000 0.00000000000000000
13.72392890101593110 0.00000000000000000 0.00000000000000000
14.03710742540400247 0.00000000000000000 0.00000000000000000
14.35743211298142441 0.00000000000000000 0.00000000000000000
14.68506602616899315 0.00000000000000000 0.00000000000000000
15.02017594817478674 0.00000000000000000 0.00000000000000000
15.36293246789574063 0.00000000000000000 0.00000000000000000
15.71351006675654283 0.00000000000000000 0.00000000000000000
16.07208720753001430 0.00000000000000000 0.00000000000000000
16.43884642518424499 0.00000000000000000 0.00000000000000000
16.81397441980256602 0.00000000000000000 0.00000000000000000
17.19766215162404421 0.00000000000000000 0.00000000000000000
17.59010493825238441 0.00000000000000000 0.00000000000000000
17.99150255408304133 0.00000000000000000 0.00000000000000000
18.40205933199911215 0.00000000000000000 0.00000000000000000
18.82198426738771602 0.00000000000000000 0.00000000000000000
19.25149112452982081 0.00000000000000000 0.00000000000000000
19.69079854541773145 0.00000000000000000 0.00000000000000000
20.14013016105555565 0.00000000000000000 0.00000000000000000
20.59971470529937676 0.00000000000000000 0.00000000000000000
21.06978613129506073 0.00000000000000000 0.00000000000000000
21.55058373057279653 0.00000000000000000 0.00000000000000000
22.04235225485951943 0.00000000000000000 0.00000000000000000
22.54534204067049785 0.00000000000000000 0.00000000000000000
23.05980913674406452 0.00000000000000000 0.00000000000000000
23.58601543438413017 0.00000000000000000 0.00000000000000000
24.12422880077691190 0.00000000000000000 0.00000000000000000
24.67472321534962987 0.00000000000000000 0.00000000000000000
25.23777890924074896 0.00000000000000000 0.00000000000000000
25.81368250795260622 0.00000000000000000 0.00000000000000000
26.40272717725916607 0.00000000000000000 0.00000000000000000
27.00521277244313723 0.00000000000000000 0.00000000000000000
27.62144599093817376 0.00000000000000000 0.00000000000000000
28.25174052845458306 0.00000000000000000 0.00000000000000000
28.89641723866705547 0.00000000000000000 0.00000000000000000
29.55580429654641605 0.00000000000000000 0.00000000000000000
30.23023736541825457 0.00000000000000000 0.00000000000000000
30.92005976783353915 0.00000000000000000 0.00000000000000000
31.62562266033818048 0.00000000000000000 0.00000000000000000
32.34728521223050990 0.00000000000000000 0.00000000000000000
33.08541478839770633 0.00000000000000000 0.00000000000000000
33.84038713632418194 0.00000000000000000 0.00000000000000000
34.61258657736724587 0.00000000000000000 0.00000000000000000
35.40240620239699609 0.00000000000000000 0.00000000000000000
36.21024807190102734 0.00000000000000000 0.00000000000000000
37.03652342065445424 0.00000000000000000 0.00000000000000000
37.88165286706054502 0.00000000000000000 0.00000000000000000
38.74606662726797879 0.00000000000000000 0.00000000000000000
39.63020473417393674 0.00000000000000000 0.00000000000000000
40.53451726142439071 0.00000000000000000 0.00000000000000000
41.45946455252568086 0.00000000000000000 0.00000000000000000
42.40551745518406790 0.00000000000000000 0.00000000000000000
43.37315756099237518 0.00000000000000000 0.00000000000000000
44.36287745058590559 0.00000000000000000 0.00000000000000000
45.37518094439247562 0.00000000000000000 0.00000000000000000
46.41058335910366850 0.00000000000000000 0.00000000000000000
47.46961176999907650 0.00000000000000000 0.00000000000000000
48.55280527925557266 0.00000000000000000 0.00000000000000000
49.66071529037922971 0.00000000000000000 0.00000000000000000
50.79390578889924512 0.00000000000000000 0.00000000000000000
51.95295362946679774 0.00000000000000000 0.00000000000000000
53.13844882950493798 0.00000000000000000 0.00000000000000000
54.35099486955905235 0.00000000000000000 0.00000000000000000
55.59120900050081815 0.00000000000000000 0.00000000000000000
56.85972255774188255 0.00000000000000000 0.00000000000000000
58.15718128261759290 0.00000000000000000 0.00000000000000000
59.48424565110341433 0.00000000000000000 0.00000000000000000
60.84159121003325055 0.00000000000000000 0.00000000000000000
62.22990892098852811 0.00000000000000000 0.00000000000000000
63.64990551203475633 0.00000000000000000 0.00000000000000000
65.10230383748395866 0.00000000000000000 0.00000000000000000
66.58784324586622461 0.00000000000000000 0.00000000000000000
68.10727995629770248 0.00000000000000000 0.00000000000000000
69.66138744343665223 0.00000000000000000 0.00000000000000000
71.25095683122340517 0.00000000000000000 0.00000000000000000
72.87679729560497321 0.00000000000000000 0.00000000000000000
74.53973647644883727 0.00000000000000000 0.00000000000000000
76.24062089885565285 0.00000000000000000 0.00000000000000000
77.98031640408652265 0.00000000000000000 0.00000000000000000
79.75970859032210569 0.00000000000000000 0.00000000000000000
