0.00000000000000000 0.00000000002718202 -0.00000000005567538
0.00002347738310443 0.00010026423649236 -0.00020538778263928
0.00004749047730607 0.00020281632019036 -0.00041546213986567
0.00007205150655588 0.00030770845565396 -0.00063033001042285
0.00009717297373309 0.00041499403866240 -0.00085010077316238
0.00012286766700988 0.00052472768339620 -0.00107488630271907
0.00014914866636119 0.00063696525023949 -0.00130480102645646
0.00017602935022314 0.00075176387421670 -0.00153996198271144
0.00020352340230341 0.00086918199407827 -0.00178048888036757
0.00023164481854694 0.00098927938205004 -0.00202650415978739
0.00026040791426061 0.00111211717426154 -0.00227813305513472
0.00028982733140055 0.00123775790186869 -0.00253550365811883
0.00031991804602561 0.00136626552288668 -0.00279874698319239
0.00035069537592104 0.00149770545474926 -0.00306799703423678
0.00038217498839601 0.00163214460761130 -0.00334339087276910
0.00041437290825916 0.00176965141841088 -0.00362506868770368
0.00044730552597602 0.00191029588570920 -0.00391317386670649
0.00048098960601271 0.00205414960532523 -0.00420785306917593
0.00051544229536990 0.00220128580678372 -0.00450925630088874
0.00055068113231157 0.00235177939059498 -0.00481753699034838
0.00058672405529292 0.00250570696638546 -0.00513285206687498
0.00062358941209201 0.00266314689189844 -0.00545536204047594
0.00066129596914975 0.00282417931288491 -0.00578523108353875
0.00069986292112305 0.00298888620390476 -0.00612262711438643
0.00073930990065588 0.00315735141005909 -0.00646772188273863
0.00077965698837339 0.00332966068967517 -0.00682069105712247
0.00082092472310400 0.00350590175796524 -0.00718171431427542
0.00086313411233476 0.00368616433168200 -0.00755097543058828
0.00090630664290529 0.00387054017479319 -0.00792866237563273
0.00095046429194573 0.00405912314519854 -0.00831496740782159
0.00099562953806428 0.00425200924251295 -0.00871008717225030
0.00104182537279002 0.00444929665694058 -0.00911422280077032
0.00108907531227682 0.00465108581926385 -0.00952758001434234
0.00113740340927431 0.00485747945197400 -0.00995036922772533
0.00118683426537207 0.00506858262156813 -0.01038280565654996
0.00123739304352309 0.00528450279204063 -0.01082510942683638
0.00128910548085309 0.00550534987959468 -0.01127750568700480
0.00134199790176211 0.00573123630860320 -0.01174022472244230
0.00139609723132501 0.00596227706884710 -0.01221350207268048
0.00145143100899782 0.00619858977405962 -0.01269757865124306
0.00150802740263672 0.00644029472180767 -0.01319270086822653
0.00156591522283709 0.00668751495473964 -0.01369912075567399
0.00162512393759954 0.00694037632323129 -0.01421709609580516
0.00168568368733079 0.00719900754946234 -0.01474689055217147
0.00174762530018669 0.00746354029295483 -0.01528877380379593
0.00181098030776544 0.00773410921760871 -0.01584302168237345
0.00187578096115884 0.00801085206026681 -0.01640991631259353
0.00194206024736984 0.00829390970084598 -0.01698974625566271
0.00200985190610466 0.00858342623406892 -0.01758280665609556
0.00207919044694816 0.00887954904283367 -0.01818939939184833
0.00215011116693100 0.00918242887325853 -0.01880983322787430
0.00222265016849779 0.00949221991144030 -0.01944442397317503
0.00229684437788510 0.00980907986196494 -0.02009349464142818
0.00237273156391896 0.01013317002821120 -0.02075737561527313
0.00245035035724114 0.01046465539448801 -0.02143640481433865
0.00252974026997429 0.01080370471004726 -0.02213092786709397
0.00261094171583566 0.01115049057501461 -0.02284129828661065
0.00269399603070992 0.01150518952828425 -0.02356787765033085
0.00277894549369124 0.01186798213741914 -0.02431103578391961
0.00286583334860573 0.01223905309060575 -0.02507115094930631
0.00295470382602476 0.01261859129070836 -0.02584861003700160
0.00304560216578075 0.01300678995147186 -0.02664380876279070
0.00313857463999666 0.01340384669592166 -0.02745715186889951
0.00323366857664094 0.01380996365701233 -0.02828905332973931
0.00333093238362006 0.01422534758057417 -0.02913993656232585
0.00343041557342068 0.01465020993061224 -0.03001023464148413
0.00353216878831418 0.01508476699701131 -0.03090039051994620
0.00363624382613628 0.01552924000570121 -0.03181085725344966
0.00374269366665492 0.01598385523133953 -0.03274209823095214
0.00385157249853979 0.01644884411256937 -0.03369458741007604
0.00396293574694726 0.01692444336991096 -0.03466880955790169
0.00407684010173478 0.01741089512634691 -0.03566526049722603
0.00419334354631903 0.01790844703066458 -0.03668444735841662
0.00431250538719256 0.01841735238361713 -0.03772688883698028
0.00443438628411405 0.01893787026696797 -0.03879311545697453
0.00455904828098729 0.01947026567548645 -0.03988366984040005
0.00468655483744490 0.02001480965196055 -0.04099910698269949
0.00481697086115265 0.02057177942529700 -0.04213999453450513
0.00495036274085100 0.02114145855177913 -0.04330691308977152
0.00508679838015042 0.02172413705955479 -0.04450045648043621
0.00522634723209806 0.02232011159643120 -0.04572123207776425
0.00536908033453304 0.02292968558104684 -0.04696986110050159
0.00551507034624848 0.02355316935750528 -0.04824697893001925
0.00566439158397877 0.02419088035354437 -0.04955323543257772
0.00581712006023074 0.02484314324232686 -0.05088929528888914
0.00597333352197809 0.02551029010793206 -0.05225583833112556
0.00613311149023878 0.02619266061463663 -0.05365355988754725
0.00629653530055548 0.02689060218006928 -0.05508317113491203
0.00646368814439972 0.02760447015233088 -0.05654539945884584
0.00663465511152080 0.02833462799117121 -0.05804098882234823
0.00680952323326103 0.02908144745331242 -0.05957070014260065
0.00698838152685935 0.02984530878202124 -0.06113531167628236
0.00717132104076586 0.03062660090102119 -0.06273561941355650
0.00735843490099037 0.03142572161285086 -0.06437243748093635
0.00754981835850853 0.03224307780176627 -0.06604659855321085
0.00774556883774964 0.03307908564129639 -0.06775895427463909
0.00794578598619095 0.03393417080655718 -0.06951037568960881
0.00815057172508356 0.03480876869143396 -0.07130175368296286
0.00836003030133574 0.03570332463074672 -0.07313399943020991
0.00857426834058026 0.03661829412751350 -0.07500804485783118
0.00879339490145250 0.03755414308542774 -0.07692484311389225
0.00901752153110714 0.03851134804667506 -0.07888536904919866
0.00924676232200168 0.03949039643520853 -0.08089061970920161
0.00948123396997554 0.04049178680561442 -0.08294161483690303
0.00972105583365455 0.04151602909769325 -0.08503939738697376
0.00996634999521086 0.04256364489689455 -0.08718503405134417
0.01021724132250930 0.04363516770073817 -0.08937961579649460
0.01047385753267182 0.04473114319136303 -0.09162425841269803
0.01073632925709234 0.04585212951434617 -0.09392010307546293
0.01100479010793513 0.04699869756393960 -0.09626831691943707
0.01127937674615054 0.04817143127487557 -0.09867009362503015
0.01156022895104278 0.04937092792088834 -0.10112665401799897
0.01184748969142502 0.05059779842012443 -0.10363924668231571
0.01214130519839822 0.05185266764758244 -0.10620914858651238
0.01244182503979057 0.05313617475476586 -0.10883766572384600
0.01274920219629551 0.05444897349671140 -0.11152613376653532
0.01306359313934714 0.05579173256656474 -0.11427591873434648
0.01338515791077250 0.05716513593788556 -0.11708841767782731
0.01371406020426148 0.05856988321486354 -0.11996505937647597
0.01405046744869568 0.06000668999063244 -0.12290730505214070
0.01439455089337861 0.06147628821387160 -0.12591664909793440
0.01474648569521082 0.06297942656390167 -0.12899461982300645
0.01510645100785415 0.06451687083445717 -0.13214278021339690
0.01547463007293047 0.06608940432637063 -0.13536272870939414
0.01585121031330155 0.06769782824934821 -0.13865609999957129
0.01623638342847728 0.06934296213308556 -0.14202456583194054
0.01663034549220105 0.07102564424792340 -0.14546983584244222
0.01703329705226174 0.07274673203528745 -0.14899365840114734
0.01744544323258324 0.07450710254813903 -0.15259782147645237
0.01786699383764364 0.07630765290168122 -0.15628415351760450
0.01829816345927684 0.07814930073456695 -0.16005452435586590
0.01873917158591129 0.08003298468086857 -0.16391084612466081
0.01919024271430143 0.08195966485305418 -0.16785507419896370
0.01965160646380849 0.08393032333626040 -0.17188920815432640
0.02012349769328904 0.08594596469411708 -0.17601529274579783
0.02060615662065081 0.08800761648641607 -0.18023541890707212
0.02109982894513634 0.09011632979891314 -0.18455172477019011
0.02160476597239717 0.09227317978555577 -0.18896639670607088
0.02212122474242183 0.09447926622344872 -0.19348167038620903
0.02264946816038292 0.09673571408085967 -0.19809983186578564
0.02318976513046999 0.09904367409860915 -0.20282321868856984
0.02374239069277615 0.10140432338514054 -0.20765422101375638
0.02430762616330817 0.10381886602565479 -0.21259528276518930
0.02488575927719144 0.10628853370561570 -0.21764890280305738
0.02547708433514257 0.10881458634901438 -0.22281763611843830
0.02608190235328413 0.11139831277174544 -0.22810409505085746
0.02670052121637808 0.11404103135048474 -0.23351095052913171
0.02733325583455557 0.11674409070744783 -0.23904093333566054
0.02798042830362298 0.11950887041143407 -0.24469683539437356
0.02864236806902609 0.12233678169557011 -0.25048151108250316
0.02931941209355530 0.12522926819216523 -0.25639787856629098
0.03001190502887783 0.12818780668511956 -0.26244892116076646
0.03072019939098390 0.13121390788033804 -0.26863768871371241
0.03144465573963612 0.13430911719457872 -0.27496729901375072
0.03218564286191384 0.13747501556324684 -0.28144093922273200
0.03294353795994549 0.14071322026758326 -0.28806186733226352
0.03371872684292464 0.14402538578175200 -0.29483341364435123
0.03451160412350755 0.14741320464035190 -0.30175898227609599
0.03532257341869220 0.15087840832684654 -0.30884205268817300
0.03615204755528083 0.15442276818346842 -0.31608618123693816
0.03700044878003107 0.15804809634313774 -0.32349500274984988
0.03786820897460196 0.16175624668396510 -0.33107223212386416
0.03875576987540499 0.16554911580689738 -0.33882166594629198
0.03966358329847156 0.16942864403712568 -0.34674718413773131
0.04059211136945144 0.17339681644982827 -0.35485275161633217
0.04154182675885962 0.17745566392089074 -0.36314241998277058
0.04251321292269084 0.18160726420320919 -0.37162032922504251
0.04350676434852451 0.18585374302925234 -0.38029070944225729
0.04452298680724557 0.19019727524050389 -0.38915788258621875
0.04556239761050876 0.19464008594447843 -0.39822626421971014
0.04662552587407801 0.19918445169996810 -0.40750036529004730
0.04771291278717478 0.20383270173122844 -0.41698479391640864
0.04882511188797229 0.20858721917178877 -0.42668425718926178
0.04996268934537607 0.21345044233858967 -0.43660356297991465
0.05112622424723432 0.21842486603716815 -0.44674762175812421
0.05231630889512456 0.22351304289857460 -0.45712144841535152
0.05353354910586695 0.22871758474878295 -0.46773016409114276
0.05477856451991744 0.23404116401126271 -0.47857899799964765
0.05605198891679789 0.23948651514342942 -0.48967328925313180
0.05735447053772392 0.24505643610768105 -0.50101848867891430
0.05868667241559430 0.25075378987769731 -0.51262016062590732
0.06004927271251029 0.25658150598064300 -0.52448398475639535
0.06144296506499628 0.26254258207596148 -0.53661575781843318
0.06286845893709819 0.26864008557131097 -0.54902139539358830
0.06432647998153851 0.27487715527620715 -0.56170693361435498
0.06581777040911241 0.28125700309396862 -0.57467853084513820
0.06734308936651281 0.28778291575229675 -0.58794246931976080
0.06890321332277674 0.29445825657294966 -0.60150515672807481
0.07049893646454947 0.30128646728081965 -0.61537312774352737
0.07213107110036829 0.30827106985250019 -0.62955304548245750
0.07380044807417101 0.31541566840457896 -0.64405170288556679
0.07550791718823986 0.32272395112147345 -0.65887602401050238
0.07725434763579656 0.33019969222254214 -0.67403306522368167
0.07904062844346812 0.33784675396828345 -0.68953001627886601
0.08086766892384888 0.34566908870473501 -0.70537420126782324
0.08273639913838959 0.35367074094528606 -0.72157307942774584
0.08464777037084835 0.36185584948892302 -0.73813424578889320
0.08660275561154497 0.37022864957304952 -0.75506543164322726
0.08860235005266523 0.37879347505938255 -0.77237450481446401
0.09064757159486676 0.38755476065054312 -0.79006946970726477
0.09273946136544539 0.39651704413426342 -0.80815846711075412
0.09487908424832442 0.40568496865254366 -0.82664977373116277
0.09706752942613760 0.41506328499117240 -0.84555180142339881
0.09930591093468150 0.42465685388523056 -0.86487309609054441
0.10159536823001940 0.43447064833546073 -0.88462233621702058
0.10393706676852514 0.44450975592841352 -0.90480833099668112
0.10633219860016335 0.45477938115376199 -0.92544001801534626
0.10878198297530639 0.46528484771006184 -0.94652646044254862
0.11128766696539810 0.47603160078850798 -0.96807684368174940
0.11385052609778017 0.48702520932486015 -0.99010047142740976
0.11647186500500334 0.49827136820509127 -1.01260676106704883
0.11915301808895595 0.50977590041090726 -1.03560523836531337
0.12189535020014546 0.52154475908881492 -1.05910553135955032
0.12470025733248064 0.53358402952189632 -1.08311736338716225
0.12756916733390719 0.54589993098491929 -1.10765054516329542
0.13050354063325895 0.55849881845672633 -1.13271496581411624
0.13350487098369385 0.57138718416163314 -1.15832058276348393
0.13657468622309507 0.58457165891113583 -1.18447741036635579
0.13971454905182187 0.59805901320659827 -1.21119550716169244
0.14292605782820772 0.61185615806613192 -1.23848496161697641
0.14621084738221063 0.62597014553033337 -1.26635587621883072
0.14957058984762853 0.64040816879296580 -1.29481834974552501
0.15300699551330571 0.65517756190609489 -1.32388245755785872
0.15652181369376089 0.67028579898978846 -1.35355822970876649
0.16011683361968218 0.68574049287786210 -1.38385562666863793
0.16379388534874131 0.70154939312277675 -1.41478451244413583
0.16755484069719107 0.71772038326212684 -1.44635462483005206
0.17140161419271960 0.73426147725758273 -1.47857554253964762
0.17533616404904812 0.75118081498757661 -1.51145664890675846
0.17936049316276637 0.76848665666934302 -1.54500709183628060
0.18347665013291398 0.78618737608216371 -1.57923573966634390
0.18768673030382763 0.80429145242191136 -1.61415113253351206
0.19199287683178259 0.82280746063200016 -1.64976142884669197
0.19639728177597524 0.84174406001437674 -1.68607434640338782
0.20090218721439773 0.86110998090265523 -1.72309709764105379
0.20550988638517612 0.88091400918654184 -1.76083631851603029
0.21022272485395121 0.90116496840231874 -1.79929799038295668
0.21504310170789745 0.92187169912567102 -1.83848735426858267
0.21997347077698587 0.94304303535089895 -1.87840881684644057
0.22501634188311620 0.96468777748773549 -1.91906584733163910
0.23017428211774971 0.98681466163611520 -1.96046086454583524
0.23544991714869670 1.00943232467649624 -2.00259511321540273
0.24084593255672179 1.03254926474036268 -2.04546852859426043
0.24636507520264866 1.05617379656743116 -2.08907958840905117
0.25201015462565846 1.08031400115057097 -2.13342515096844343
0.25778404447349706 1.10497766913708340 -2.17850027836277649
0.26368968396531456 1.13017223726678928 -2.22429804341242621
0.26973007938788579 1.15590471715778098 -2.27080931906215389
0.27590830562597141 1.18218161570018077 -2.31802254884396364
0.28222750772759764 1.20900884613120096 -2.36592349678144842
0.28869090250505608 1.23639162899997102 -2.41449497529359203
0.29530178017243219 1.26433438196026771 -2.46371654930496709
0.30206350602050086 1.29284059736388102 -2.51356421483599357
0.30897952212983931 1.32191270661308580 -2.56401005034352325
0.31605334912303124 1.35155192993439099 -2.61502183874523775
0.32328858795685067 1.38175811048357722 -2.66656265841133111
0.33068892175534376 1.41252953133716574 -2.71859044102401048
0.33825811768473490 1.44386271397769872 -2.77105749435476278
0.34600002887111658 1.47575219695878346 -2.82390998817872330
0.35391859636189693 1.50819029301937380 -2.87708740120083073
0.36201785113200291 1.54116682335712474 -2.93052192750477358
0.37030191613586422 1.57466882736174774 -2.98413784076526145
0.37877500840621653 1.60868024623452621 -3.03785081485680575
0.38744144120079754 1.64318157918929386 -3.09156719999902174
0.39630562619802595 1.67814951045307104 -3.14518325351471084
0.40537207574278256 1.71355650604136156 -3.19858432536832860
0.41464540514343384 1.74937037893707981 -3.25164399885778055
0.42413033502127345 1.78555382164843879 -3.30422318783638191
0.43383169371356972 1.82206390573498500 -3.35616919291967131
0.44375441973144814 1.85885154758528115 -3.40731472007387248
0.45390356427385864 1.89586094097841773 -3.45747686671980725
0.46428429379890479 1.93302895696959154 -3.50645608192933267
0.47490189265384952 1.97028451253038162 -3.55403510961829561
0.48576176576513030 2.00754791053524428 -3.59997792552880425
0.49686944138975531 2.04473015414410364 -3.64402868227509957
0.50823057392948345 2.08173224053560046 -3.68591067909874726
0.51985094680921740 2.11844443991142795 -3.72532537706849309
0.53173647542107505 2.15474556770585268 -3.76195148523527001
0.54389321013564340 2.19050225977278368 -3.79544414583224698
0.55632733938194001 2.22556826277065145 -3.82543425543237392
0.56904519279765442 2.25978375440119184 -3.85152796100948169
0.58205324445127316 2.29297471111297435 -3.87330637871598604
0.59535811613772793 2.32495234477664203 -3.89032559153833901
0.60896658074924170 2.35551263197323246 -3.90211698365529269
0.62288556572309628 2.38443596602054031 -3.90818798758012287
0.63712215656806748 2.41148696353330516 -3.90802331778765000
0.65168360047132856 2.43641446356622104 -3.90108678031701128
0.66657730998765741 2.45895176334997378 -3.88682375874699826
0.68181086681282121 2.47881713494176337 -3.86466447174384653
0.69739202564307023 2.49571467997867558 -3.83402812849228525
0.71332871812268961 2.50933557593348544 -3.79432808940055777
0.72962905688163293 2.51935977723639670 -3.74497816105686310
0.74630133966528422 2.52545823971669359 -3.68540015861482573
0.76335405355845698 2.52729572865899943 -3.61503284049194029
0.78079587930577032 2.52453428991161788 -3.53334235970653676
0.79863569573061832 2.51683744167994083 -3.43983431170864495
0.81688258425496330 2.50387515426116236 -3.33406747307884732
0.83554583352226663 2.48532967726628140 -3.21566929305112215
0.85463494412590679 2.46090224158402249 -3.08435311402748757
0.87415963344548697 2.43032067901262039 -2.93993711645848199
0.89412984059350598 2.39334793694230363 -2.78236482074910985
0.91455573147489622 2.34979145972427750 -2.61172694903800062
0.93544770396201438 2.29951335945246660 -2.42828431938139122
0.95681639318771494 2.24244121694417942 -2.23249125517132985
0.97867267695920379 2.17857933724519492 -2.02501892466459266
1.00102768129542063 2.10802014320472164 -1.80677772002256076
1.02389278609078427 2.03095534346633455 -1.57893766023578030
1.04727963090816401 1.94768638758503054 -1.34294552724450789
1.07120012090404226 1.85863358426098957 -1.10053718074296580
1.09566643288887766 1.76434318002225909 -0.85374330045512403
1.12069102152574862 1.66549151512310600 -0.60488651365163271
1.14628662567045114 1.56288530249220137 -0.35656773191172519
1.17246627485625443 1.45745694723203112 -0.11163935044218334
1.19924329592663104 1.35025379131889989 0.12683692421735904
1.22663131981933571 1.24242014515286536 0.35564982207917328
1.25464428850528154 1.13517110669938948 0.57151737808193426
1.28329646208574832 1.02975736887505009 0.77118586186261240
1.31260242605154120 0.92742060929471792 0.95154848209923526
1.34257709870778474 0.82933979696522875 1.10978156391847249
1.37323573876813887 0.73656945929274664 1.24349410844846253
1.40459395312230262 0.64997248521081485 1.35088280719649712
1.43666770478075279 0.57015141017278870 1.43088151564691102
1.46947332100077799 0.49738425821251353 1.48328943099440846
1.50302750159792198 0.43157347540521757 1.50885723637020774
1.53734732744708502 0.37221872607172563 1.50930650879469774
1.57245026917760478 0.31842725076643580 1.48725310430813984
1.60835419606674357 0.26897693186736737 1.44600510456606335
1.64507738513610047 0.22244795562208236 1.38920904008215351
1.68263853045560552 0.17743625895323112 1.32033117165647007
1.72105675265979285 0.13285479968560199 1.24198594457991418
1.76035160868123275 0.08831260535478745 1.15517262166693069
1.80054310170605580 0.04453350254187687 1.05855929825871087
1.84165169135664741 0.00372797499381938 0.94808070151660917
1.88369830410668571 -0.03024617490466907 0.81730892285389167
1.92670434393384626 -0.05221784962776239 0.65934036794142103
1.97069170321556753 -0.05699761791870177 0.47135483103900783
2.01568277387344352 -0.04236652024431843 0.26358245987277923
2.06170045877191477 -0.01488421473266599 0.07522380161146110
2.10876818337704375 0.00010610929273697 -0.00046673930775406
2.15690990768134405 0.00000060897651023 -0.00000267868409533
2.20615013840069052 -0.00000000549938177 0.00000002418994204
2.25651394144955519 -0.00000000007798729 0.00000000034304001
2.30802695470089736 0.00000000000000000 0.00000000000000000
2.36071540103721578 0.00000000000000000 0.00000000000000000
2.41460610169939383 0.00000000000000000 0.00000000000000000
2.46972648994015920 0.00000000000000000 0.00000000000000000
2.52610462498907040 0.00000000000000000 0.00000000000000000
2.58376920633616836 0.00000000000000000 0.00000000000000000
2.64274958834155793 0.00000000000000000 0.00000000000000000
2.70307579517833929 0.00000000000000000 0.00000000000000000
2.76477853611653268 0.00000000000000000 0.00000000000000000
2.82788922115573316 0.00000000000000000 0.00000000000000000
2.89243997701448663 0.00000000000000000 0.00000000000000000
2.95846366348450696 0.00000000000000000 0.00000000000000000
3.02599389015807407 0.00000000000000000 0.00000000000000000
3.09506503353710505 0.00000000000000000 0.00000000000000000
3.16571225453265237 0.00000000000000000 0.00000000000000000
3.23797151636367708 0.00000000000000000 0.00000000000000000
3.31187960286425920 0.00000000000000000 0.00000000000000000
3.38747413720853530 0.00000000000000000 0.00000000000000000
3.46479360106291345 0.00000000000000000 0.00000000000000000
3.54387735417529859 0.00000000000000000 0.00000000000000000
3.62476565441132070 0.00000000000000000 0.00000000000000000
3.70749967824771787 0.00000000000000000 0.00000000000000000
3.79212154173340688 0.00000000000000000 0.00000000000000000
3.87867432192878114 0.00000000000000000 0.00000000000000000
3.96720207883424969 0.00000000000000000 0.00000000000000000
4.05774987781913588 0.00000000000000000 0.00000000000000000
4.15036381256236098 0.00000000000000000 0.00000000000000000
4.24509102851660192 0.00000000000000000 0.00000000000000000
4.34197974690784605 0.00000000000000000 0.00000000000000000
4.44107928928257856 0.00000000000000000 0.00000000000000000
4.54244010261509334 0.00000000000000000 0.00000000000000000
4.64611378498771010 0.00000000000000000 0.00000000000000000
4.75215311185692979 0.00000000000000000 0.00000000000000000
4.86061206291901815 0.00000000000000000 0.00000000000000000
4.97154584958852741 0.00000000000000000 0.00000000000000000
5.08501094310387547 0.00000000000000000 0.00000000000000000
5.20106510327422278 0.00000000000000000 0.00000000000000000
5.31976740788231872 0.00000000000000000 0.00000000000000000
5.44117828275824778 0.00000000000000000 0.00000000000000000
5.56535953253941695 0.00000000000000000 0.00000000000000000
5.69237437213242803 0.00000000000000000 0.00000000000000000
5.82228745889284749 0.00000000000000000 0.00000000000000000
5.95516492553926291 0.00000000000000000 0.00000000000000000
6.09107441381839276 0.00000000000000000 0.00000000000000000
6.23008510893831069 0.00000000000000000 0.00000000000000000
6.37226777478748918 0.00000000000000000 0.00000000000000000
6.51769478995736318 0.00000000000000000 0.00000000000000000
6.66644018458692322 0.00000000000000000 0.00000000000000000
6.81857967804801657 0.00000000000000000 0.00000000000000000
6.97419071749056663 0.00000000000000000 0.00000000000000000
7.13335251726731823 0.00000000000000000 0.00000000000000000
7.29614609925818325 0.00000000000000000 0.00000000000000000
7.46265433411472312 0.00000000000000000 0.00000000000000000
7.63296198344574073 0.00000000000000000 0.00000000000000000
7.80715574296549430 0.00000000000000000 0.00000000000000000
7.98532428662641092 0.00000000000000000 0.00000000000000000
8.16755831175894897 0.00000000000000000 0.00000000000000000
8.35395058524134981 0.00000000000000000 0.00000000000000000
8.54459599072295717 0.00000000000000000 0.00000000000000000
8.73959157692507560 0.00000000000000000 0.00000000000000000
8.93903660704397041 0.00000000000000000 0.00000000000000000
9.14303260928114625 0.00000000000000000 0.00000000000000000
9.35168342852664125 0.00000000000000000 0.00000000000000000
9.56509527922163549 0.00000000000000000 0.00000000000000000
9.78337679942729466 0.00000000000000000 0.00000000000000000
10.00663910612737517 0.00000000000000000 0.00000000000000000
10.23499585179264670 0.00000000000000000 0.00000000000000000
10.46856328223619670 0.00000000000000000 0.00000000000000000
10.70746029578870484 0.00000000000000000 0.00000000000000000
10.95180850382407201 0.00000000000000000 0.00000000000000000
11.20173229266613113 0.00000000000000000 0.00000000000000000
11.45735888690794013 0.00000000000000000 0.00000000000000000
11.71881841417591552 0.00000000000000000 0.00000000000000000
11.98624397137176878 0.00000000000000000 0.00000000000000000
12.25977169242594300 0.00000000000000000 0.00000000000000000
12.53954081759709460 0.00000000000000000 0.00000000000000000
12.82569376435284880 0.00000000000000000 0.00000000000000000
13.11837619986782677 0.00000000000000000 0.00000000000000000
13.41773711517618395 0.00000000000000000 0.00000000000000000
13.72392890101593110 0.00000000000000000 0.00000000000000000
14.03710742540400247 0.00000000000000000 0.00000000000000000
14.35743211298142441 0.00000000000000000 0.00000000000000000
14.68506602616899315 0.00000000000000000 0.00000000000000000
15.02017594817478674 0.00000000000000000 0.00000000000000000
15.36293246789574063 0.00000000000000000 0.00000000000000000
15.71351006675654283 0.00000000000000000 0.00000000000000000
16.07208720753001430 0.00000000000000000 0.00000000000000000
16.43884642518424499 0.00000000000000000 0.00000000000000000
16.81397441980256602 0.00000000000000000 0.00000000000000000
17.19766215162404421 0.00000000000000000 0.00000000000000000
17.59010493825238441 0.00000000000000000 0.00000000000000000
17.99150255408304133 0.00000000000000000 0.00000000000000000
18.40205933199911215 0.00000000000000000 0.00000000000000000
18.82198426738771602 0.00000000000000000 0.00000000000000000
19.25149112452982081 0.00000000000000000 0.00000000000000000
19.69079854541773145 0.00000000000000000 0.00000000000000000
20.14013016105555565 0.00000000000000000 0.00000000000000000
20.59971470529937676 0.00000000000000000 0.00000000000000000
21.06978613129506073 0.00000000000000000 0.00000000000000000
21.55058373057279653 0.00000000000000000 0.00000000000000000
22.04235225485951943 0.00000000000000000 0.00000000000000000
22.54534204067049785 0.00000000000000000 0.00000000000000000
23.05980913674406452 0.00000000000000000 0.00000000000000000
23.58601543438413017 0.00000000000000000 0.00000000000000000
24.12422880077691190 0.00000000000000000 0.00000000000000000
24.67472321534962987 0.00000000000000000 0.00000000000000000
25.23777890924074896 0.00000000000000000 0.00000000000000000
25.81368250795260622 0.00000000000000000 0.00000000000000000
26.40272717725916607 0.00000000000000000 0.00000000000000000
27.00521277244313723 0.00000000000000000 0.00000000000000000
27.62144599093817376 0.00000000000000000 0.00000000000000000
28.25174052845458306 0.00000000000000000 0.00000000000000000
28.89641723866705547 0.00000000000000000 0.00000000000000000
29.55580429654641605 0.00000000000000000 0.00000000000000000
30.23023736541825457 0.00000000000000000 0.00000000000000000
30.92005976783353915 0.00000000000000000 0.00000000000000000
31.62562266033818048 0.00000000000000000 0.00000000000000000
32.34728521223050990 0.00000000000000000 0.00000000000000000
33.08541478839770633 0.00000000000000000 0.00000000000000000
33.84038713632418194 0.00000000000000000 0.00000000000000000
34.61258657736724587 0.00000000000000000 0.00000000000000000
35.40240620239699609 0.00000000000000000 0.00000000000000000
36.21024807190102734 0.00000000000000000 0.00000000000000000
37.03652342065445424 0.00000000000000000 0.00000000000000000
37.88165286706054502 0.00000000000000000 0.00000000000000000
38.74606662726797879 0.00000000000000000 0.00000000000000000
39.63020473417393674 0.00000000000000000 0.00000000000000000
40.53451726142439071 0.00000000000000000 0.00000000000000000
41.45946455252568086 0.00000000000000000 0.00000000000000000
42.40551745518406790 0.00000000000000000 0.00000000000000000
43.37315756099237518 0.00000000000000000 0.00000000000000000
44.36287745058590559 0.00000000000000000 0.00000000000000000
45.37518094439247562 0.00000000000000000 0.00000000000000000
46.41058335910366850 0.00000000000000000 0.00000000000000000
47.46961176999907650 0.00000000000000000 0.00000000000000000
48.55280527925557266 0.00000000000000000 0.00000000000000000
49.66071529037922971 0.00000000000000000 0.00000000000000000
50.79390578889924512 0.00000000000000000 0.00000000000000000
51.95295362946679774 0.00000000000000000 0.00000000000000000
53.13844882950493798 0.00000000000000000 0.00000000000000000
54.35099486955905235 0.00000000000000000 0.00000000000000000
55.59120900050081815 0.00000000000000000 0.00000000000000000
56.85972255774188255 0.00000000000000000 0.00000000000000000
58.15718128261759290 0.00000000000000000 0.00000000000000000
59.48424565110341433 0.00000000000000000 0.00000000000000000
60.84159121003325055 0.00000000000000000 0.00000000000000000
62.22990892098852811 0.00000000000000000 0.00000000000000000
63.64990551203475633 0.00000000000000000 0.00000000000000000
65.10230383748395866 0.00000000000000000 0.00000000000000000
66.58784324586622461 0.00000000000000000 0.00000000000000000
68.10727995629770248 0.00000000000000000 0.00000000000000000
69.66138744343665223 0.00000000000000000 0.00000000000000000
71.25095683122340517 0.00000000000000000 0.00000000000000000
72.87679729560497321 0.00000000000000000 0.00000000000000000
74.53973647644883727 0.00000000000000000 0.00000000000000000
76.24062089885565285 0.00000000000000000 0.00000000000000000
77.98031640408652265 0.00000000000000000 0.00000000000000000
79.75970859032210569 0.00000000000000000 0.00000000000000000
