0.00000000000000000 0.00000000001492854 -0.00000000000123453
0.00002347738310443 0.00000003943315884 -0.00000000326096308
0.00004749047730607 0.00000016135233615 -0.00000001334318696
0.00007205150655588 0.00000037140548315 -0.00000003071373439
0.00009717297373309 0.00000067554323839 -0.00000005586469914
0.00012286766700988 0.00000108003385623 -0.00000008931444050
0.00014914866636119 0.00000159147884622 -0.00000013160887659
0.00017602935022314 0.00000221682935654 -0.00000018332283924
0.00020352340230341 0.00000296340333634 -0.00000024506149318
0.00023164481854694 0.00000383890351351 -0.00000031746182278
0.00026040791426061 0.00000485143622597 -0.00000040119418928
0.00028982733140055 0.00000600953114644 -0.00000049696396196
0.00031991804602561 0.00000732216194243 -0.00000060551322663
0.00035069537592104 0.00000879876791519 -0.00000072762257506
0.00038217498839601 0.00001044927666334 -0.00000086411297920
0.00041437290825916 0.00001228412781907 -0.00000101584775401
0.00044730552597602 0.00001431429790698 -0.00000118373461321
0.00048098960601271 0.00001655132637793 -0.00000136872782212
0.00051544229536990 0.00001900734287277 -0.00000157183045232
0.00055068113231157 0.00002169509577339 -0.00000179409674261
0.00058672405529292 0.00002462798210091 -0.00000203663457150
0.00062358941209201 0.00002782007882411 -0.00000230060804626
0.00066129596914975 0.00003128617564360 -0.00000258724021400
0.00069986292112305 0.00003504180932055 -0.00000289781590053
0.00073930990065588 0.00003910329962204 -0.00000323368468280
0.00077965698837339 0.00004348778695815 -0.00000359626400140
0.00082092472310400 0.00004821327178962 -0.00000398704241928
0.00086313411233476 0.00005329865588855 -0.00000440758303389
0.00090630664290529 0.00005876378553826 -0.00000485952704950
0.00095046429194573 0.00006462949676251 -0.00000534459751753
0.00099562953806428 0.00007091766267859 -0.00000586460325231
0.00104182537279002 0.00007765124307279 -0.00000642144293077
0.00108907531227682 0.00008485433630185 -0.00000701710938439
0.00113740340927431 0.00009255223362806 -0.00000765369409243
0.00118683426537207 0.00010077147610156 -0.00000833339188577
0.00123739304352309 0.00010953991410748 -0.00000905850587113
0.00128910548085309 0.00011888676970252 -0.00000983145258595
0.00134199790176211 0.00012884270186944 -0.00001065476739460
0.00139609723132501 0.00013943987482562 -0.00001153111013702
0.00145143100899782 0.00015071202952713 -0.00001246327104173
0.00150802740263672 0.00016269455851621 -0.00001345417691527
0.00156591522283709 0.00017542458426774 -0.00001450689762091
0.00162512393759954 0.00018894104119635 -0.00001562465286020
0.00168568368733079 0.00020328476149407 -0.00001681081927109
0.00174762530018669 0.00021849856497590 -0.00001806893785766
0.00181098030776544 0.00023462735311891 -0.00001940272176644
0.00187578096115884 0.00025171820748894 -0.00002081606442567
0.00194206024736984 0.00026982049275816 -0.00002231304806408
0.00200985190610466 0.00028898596452570 -0.00002389795262694
0.00207919044694816 0.00030926888216350 -0.00002557526510748
0.00215011116693100 0.00033072612692008 -0.00002734968931325
0.00222265016849779 0.00035341732552476 -0.00002922615608720
0.00229684437788510 0.00037740497954697 -0.00003120983400463
0.00237273156391896 0.00040275460077617 -0.00003330614056804
0.00245035035724114 0.00042953485290075 -0.00003552075392275
0.00252974026997429 0.00045781769977630 -0.00003785962511737
0.00261094171583566 0.00048767856058734 -0.00004032899093433
0.00269399603070992 0.00051919647222128 -0.00004293538731670
0.00277894549369124 0.00055245425918609 -0.00004568566341873
0.00286583334860573 0.00058753871141988 -0.00004858699630900
0.00295470382602476 0.00062454077035663 -0.00005164690635616
0.00304560216578075 0.00066355572362645 -0.00005487327332861
0.00313857463999666 0.00070468340879109 -0.00005827435324123
0.00323366857664094 0.00074802842652658 -0.00006185879598322
0.00333093238362006 0.00079370036369114 -0.00006563566376326
0.00343041557342068 0.00084181402673052 -0.00006961445040934
0.00353216878831418 0.00089248968589642 -0.00007380510156264
0.00363624382613628 0.00094585333077486 -0.00007821803580645
0.00374269366665492 0.00100203693764451 -0.00008286416677322
0.00385157249853979 0.00106117874920618 -0.00008775492627433
0.00396293574694726 0.00112342356725067 -0.00009290228849961
0.00407684010173478 0.00118892305886091 -0.00009831879533575
0.00419334354631903 0.00125783607676499 -0.00010401758285463
0.00431250538719256 0.00133032899448917 -0.00011001240902518
0.00443438628411405 0.00140657605698799 -0.00011631768270475
0.00455904828098729 0.00148675974745968 -0.00012294849396847
0.00468655483744490 0.00157107117108449 -0.00012992064583769
0.00481697086115265 0.00165971045646085 -0.00013725068747129
0.00495036274085100 0.00175288717554440 -0.00014495594888669
0.00508679838015042 0.00185082078293313 -0.00015305457727993
0.00522634723209806 0.00195374107538775 -0.00016156557501858
0.00536908033453304 0.00206188867248933 -0.00017050883938173
0.00551507034624848 0.00217551551941863 -0.00017990520412859
0.00566439158397877 0.00229488541284574 -0.00018977648297732
0.00581712006023074 0.00242027455098250 -0.00020014551508100
0.00597333352197809 0.00255197210889414 -0.00021103621259131
0.00613311149023878 0.00269028084021894 -0.00022247361040490
0.00629653530055548 0.00283551770647776 -0.00023448391819000
0.00646368814439972 0.00298801453523501 -0.00024709457479743
0.00663465511152080 0.00314811870839781 -0.00026033430516238
0.00680952323326103 0.00331619388202879 -0.00027423317981046
0.00698838152685935 0.00349262073907228 -0.00028882267708367
0.00717132104076586 0.00367779777648913 -0.00030413574820971
0.00735843490099037 0.00387214212833379 -0.00032020688534125
0.00754981835850853 0.00407609042639161 -0.00033707219269879
0.00774556883774964 0.00429009970004974 -0.00035476946095521
0.00794578598619095 0.00451464831715874 -0.00037333824500695
0.00815057172508356 0.00475023696771244 -0.00039281994528296
0.00836003030133574 0.00499738969224722 -0.00041325789274784
0.00857426834058026 0.00525665495695522 -0.00043469743776432
0.00879339490145250 0.00552860677756511 -0.00045718604298393
0.00901752153110714 0.00581384589417417 -0.00048077338044663
0.00924676232200168 0.00611300099925174 -0.00050551143307191
0.00948123396997554 0.00642673002116987 -0.00053145460073624
0.00972105583365455 0.00675572146570105 -0.00055865981113765
0.00996634999521086 0.00710069581800854 -0.00058718663565585
0.01021724132250930 0.00746240700779369 -0.00061709741042772
0.01047385753267182 0.00784164394031892 -0.00064845736286187
0.01073632925709234 0.00823923209619585 -0.00068133474383078
0.01100479010793513 0.00865603520289806 -0.00071580096578415
0.01127937674615054 0.00909295698109055 -0.00075193074703839
0.01156022895104278 0.00955094296900440 -0.00078980226250797
0.01184748969142502 0.01003098242816492 -0.00082949730115115
0.01214130519839822 0.01053411033398927 -0.00087110143041965
0.01244182503979057 0.01106140945482285 -0.00091470416800598
0.01274920219629551 0.01161401252312958 -0.00096039916119400
0.01306359313934714 0.01219310450278169 -0.00100828437413765
0.01338515791077250 0.01279992495640223 -0.00105846228339254
0.01371406020426148 0.01343577051693809 -0.00111104008204426
0.01405046744869568 0.01410199746781846 -0.00116612989279111
0.01439455089337861 0.01480002443611233 -0.00122384899034394
0.01474648569521082 0.01553133520331776 -0.00128432003352353
0.01510645100785415 0.01629748163858705 -0.00134767130745007
0.01547463007293047 0.01710008675925390 -0.00141403697622363
0.01585121031330155 0.01794084792385504 -0.00148355734652213
0.01623638342847728 0.01882154016278881 -0.00155637914253773
0.01663034549220105 0.01974401965209142 -0.00163265579270112
0.01703329705226174 0.02071022733588633 -0.00171254772864843
0.01744544323258324 0.02172219270322740 -0.00179622269689886
0.01786699383764364 0.02278203772526506 -0.00188385608372813
0.01829816345927684 0.02389198095868100 -0.00197563125372317
0.01873917158591129 0.02505434182169736 -0.00207173990253327
0.01919024271430143 0.02627154504893630 -0.00217238242432940
0.01965160646380849 0.02754612533163890 -0.00227776829450238
0.02012349769328904 0.02888073214976738 -0.00238811646813053
0.02060615662065081 0.03027813480280535 -0.00250365579477127
0.02109982894513634 0.03174122764612922 -0.00262462545013483
0.02160476597239717 0.03327303553972164 -0.00275127538518876
0.02212122474242183 0.03487671951635872 -0.00288386679327031
0.02264946816038292 0.03655558267630708 -0.00302267259577610
0.02318976513046999 0.03831307631572783 -0.00316797794700859
0.02374239069277615 0.04015280629562067 -0.00332008075872880
0.02430762616330817 0.04207853965877521 -0.00347929224501523
0.02488575927719144 0.04409421150158657 -0.00364593748797670
0.02547708433514257 0.04620393210768181 -0.00382035602487253
0.02608190235328413 0.04841199435010185 -0.00400290245717440
0.02670052121637808 0.05072288136914185 -0.00419394708213295
0.02733325583455557 0.05314127453171018 -0.00439387654730523
0.02798042830362298 0.05567206167851785 -0.00460309452853504
0.02864236806902609 0.05832034566515046 -0.00482202243185391
0.02931941209355530 0.06109145320203322 -0.00505110011968077
0.03001190502887783 0.06399094399808164 -0.00529078666167673
0.03072019939098390 0.06702462021231716 -0.00554156111056587
0.03144465573963612 0.07019853621725756 -0.00580392330319074
0.03218564286191384 0.07351900867591013 -0.00607839468689984
0.03294353795994549 0.07699262693436242 -0.00636551917137679
0.03371872684292464 0.08062626373138250 -0.00666586400596773
0.03451160412350755 0.08442708622234400 -0.00698002068221262
0.03532257341869220 0.08840256731683951 -0.00730860586145878
0.03615204755528083 0.09256049732584799 -0.00765226232713111
0.03700044878003107 0.09690899591178882 -0.00801165996101933
0.03786820897460196 0.10145652433403890 -0.00838749674287102
0.03875576987540499 0.10621189798062868 -0.00878049977242083
0.03966358329847156 0.11118429917105044 -0.00919142631248772
0.04059211136945144 0.11638329021520709 -0.00962106485178005
0.04154182675885962 0.12181882671039530 -0.01007023618577486
0.04251321292269084 0.12750127105027645 -0.01053979451336010
0.04350676434852451 0.13344140612019165 -0.01103062854695791
0.04452298680724557 0.13965044914796779 -0.01154366263340221
0.04556239761050876 0.14614006566928134 -0.01207985788197610
0.04662552587407801 0.15292238356718138 -0.01264021329606413
0.04771291278717478 0.16001000713755353 -0.01322576690419572
0.04882511188797229 0.16741603111835918 -0.01383759688507275
0.04996268934537607 0.17515405462369818 -0.01447682268143730
0.05112622424723432 0.18323819490890492 -0.01514460609636872
0.05231630889512456 0.19168310087731355 -0.01584215236427365
0.05353354910586695 0.20050396624423805 -0.01657071118923932
0.05477856451991744 0.20971654224859815 -0.01733157774127937
0.05605198891679789 0.21933714978900412 -0.01812609359984306
0.05735447053772392 0.22938269086289093 -0.01895564763409386
0.05868667241559430 0.23987065915296901 -0.01982167680654564
0.06004927271251029 0.25081914959160539 -0.02072566688547701
0.06144296506499628 0.26224686673488101 -0.02166915305162545
0.06286845893709819 0.27417313172417868 -0.02265372038008288
0.06432647998153851 0.28661788761281193 -0.02368100417827293
0.06581777040911241 0.29960170281864545 -0.02475269015947111
0.06734308936651281 0.31314577239808361 -0.02587051442575340
0.06890321332277674 0.32727191685174045 -0.02703626323551277
0.07049893646454947 0.34200257812076640 -0.02825177252631193
0.07213107110036829 0.35736081237013556 -0.02951892715850799
0.07380044807417101 0.37337027917899124 -0.03083965984708713
0.07550791718823986 0.39005522665637737 -0.03221594974050011
0.07725434763579656 0.40744047196574623 -0.03364982060229470
0.07904062844346812 0.42555137674464871 -0.03514333855159926
0.08086766892384888 0.44441381676101815 -0.03669860930616521
0.08273639913838959 0.46405414515560112 -0.03831777487236470
0.08464777037084835 0.48449914856161191 -0.04000300962155152
0.08660275561154497 0.50577599523048633 -0.04175651567840004
0.08860235005266523 0.52791217435102589 -0.04358051755178190
0.09064757159486676 0.55093542556576469 -0.04547725592313738
0.09273946136544539 0.57487365759253506 -0.04744898049914766
0.09487908424832442 0.59975485489068436 -0.04949794183815093
0.09706752942613760 0.62560697101931484 -0.05162638203493485
0.09930591093468150 0.65245780735042169 -0.05383652414982509
0.10159536823001940 0.68033487570261186 -0.05613056025970728
0.10393706676852514 0.70926524313648265 -0.05851063798104627
0.10633219860016335 0.73927535728411176 -0.06097884532607820
0.10878198297530639 0.77039085022989107 -0.06353719372317311
0.11128766696539810 0.80263631878855146 -0.06618759901778318
0.11385052609778017 0.83603507910574171 -0.06893186027711504
0.11647186500500334 0.87060889293121602 -0.07177163617277164
0.11915301808895595 0.90637766301943867 -0.07470841872450024
0.12189535020014546 0.94335909487103242 -0.07774350416763756
0.12470025733248064 0.98156832149253148 -0.08087796066129113
0.12756916733390719 1.02101748814078674 -0.08411259257883122
0.13050354063325895 1.06171529327209413 -0.08744790105882290
0.13350487098369385 1.10366648181761406 -0.09088404048617180
0.13657468622309507 1.14687128692464491 -0.09442077057471888
0.13971454905182187 1.19132481533305645 -0.09805740364012820
0.14292605782820772 1.23701637197888914 -0.10179274668776077
0.14621084738221063 1.28392871869375047 -0.10562503787877255
0.14957058984762853 1.33203726134153899 -0.10955187689289816
0.15300699551330571 1.38130916017545879 -0.11357014874382906
0.15652181369376089 1.43170235681074587 -0.11767594048526581
0.16011683361968218 1.48316451163397489 -0.12186445028181407
0.16379388534874131 1.53563184503461181 -0.12612988828194474
0.16755484069719107 1.58902787475497065 -0.13046536863769229
0.17140161419271960 1.64326204260084019 -0.13486279209612057
0.17533616404904812 1.69822822216473601 -0.13931271845254423
0.17936049316276637 1.75380309952085867 -0.14380422818158223
0.18347665013291398 1.80984441896993231 -0.14832477257226462
0.18768673030382763 1.86618908439787989 -0.15286001156488802
0.19199287683178259 1.92265110825696595 -0.15739363861000608
0.19639728177597524 1.97901939885071942 -0.16190719175734153
0.20090218721439773 2.03505537678460469 -0.16637985019785173
0.20550988638517612 2.09049041249564516 -0.17078821557149354
0.21022272485395121 2.14502307525642033 -0.17510607722459987
0.21504310170789745 2.19831618612820012 -0.17930416077746963
0.21997347077698587 2.24999366693518210 -0.18334985932873779
0.22501634188311620 2.29963717794645817 -0.18720694667575036
0.23017428211774971 2.34678253909918721 -0.19083527211247361
0.23544991714869670 2.39091592941571740 -0.19419043635184102
0.24084593255672179 2.43146986228513384 -0.19722344837587097
0.24636507520264866 2.46781893558701393 -0.19988036312846702
0.25201015462565846 2.49927535857504957 -0.20210190021636909
0.25778404447349706 2.52508426042853795 -0.20382304403767745
0.26368968396531456 2.54441878922584364 -0.20497262608566394
0.26973007938788579 2.55637501488119323 -0.20547289058237381
0.27590830562597141 2.55996665364182086 -0.20523904494209724
0.28222750772759764 2.55411964081790188 -0.20417879733743616
0.28869090250505608 2.53766658155431646 -0.20219188390712503
0.29530178017243219 2.50934112200866322 -0.19916958921401237
0.30206350602050086 2.46777229177715052 -0.19499426428280797
0.30897952212983931 2.41147887579099196 -0.18953884717515340
0.31605334912303124 2.33886389695728125 -0.18266639302220244
0.32328858795685067 2.24820929146533821 -0.17422962048896326
0.33068892175534376 2.13767088785813186 -0.16407048412893740
0.33825811768473490 2.00527381670182070 -0.15201978342611364
0.34600002887111658 1.84890848696300214 -0.13789682011093082
0.35391859636189693 1.66632731632605813 -0.12150911968831730
0.36201785113200291 1.45514239408440615 -0.10265223238374380
0.37030191613586422 1.21282431261719781 -0.08110963359726321
0.37877500840621653 0.93670243157811361 -0.05665274634837656
0.38744144120079754 0.62396684340750141 -0.02904110857729385
0.39630562619802595 0.27167240996891084 0.00197728321934548
0.40537207574278256 -0.12325479406098876 0.03666542544682148
0.41464540514343384 -0.56400819521648449 0.07529651686370852
0.42413033502127345 -1.05388811324054044 0.11815288521171999
0.43383169371356972 -1.59628537121117042 0.16552459187321472
0.44375441973144814 -2.19466048423896032 0.21770766010822640
0.45390356427385864 -2.85251788457475852 0.27500188070510806
0.46428429379890479 -3.57337448637155708 0.33770813571599417
0.47490189265384952 -4.36072184446429745 0.40612517678068905
0.48576176576513030 -5.21798125231430809 0.48054580225527094
0.49686944138975531 -6.14845084345061288 0.56125235345415270
0.50823057392948345 -7.15524400293845630 0.64851147090542527
0.51985094680921740 -8.24121819653410981 0.74256803457839715
0.53173647542107505 -9.40889332403039802 0.84363821191835342
0.54389321013564340 -10.66035896544534900 0.95190155980291902
0.55632733938194001 -11.99716953041081879 1.06749209601001716
0.56904519279765442 -13.42022686683704968 1.19048830218506319
0.58205324445127316 -14.92964971808379815 1.32090200604960661
0.59535811613772793 -16.52462961792908303 1.45866610755701909
0.60896658074924170 -18.20327342832122497 1.60362116603802951
0.62288556572309628 -19.96243244949010887 1.75550084185060040
0.63712215656806748 -21.79751914042764227 1.91391628030160343
0.65168360047132856 -23.70231257141425019 2.07833953261885984
0.66657730998765741 -25.66875445925337118 2.24808617066418703
0.68181086681282121 -27.68673885530926171 2.42229735575949112
0.69739202564307023 -29.74389879946122406 2.59992164247986768
0.71332871812268961 -31.82539519346000390 2.77969696330491001
0.72962905688163293 -33.91371390162468202 2.96013330402279218
0.74630133966528422 -35.98847881439745322 3.13949672660468826
0.76335405355845698 -38.02629051165697405 3.31579555801705173
0.78079587930577032 -40.00060168712554542 3.48676969281420934
0.79863569573061832 -41.88164300063100853 3.64988417062891557
0.81688258425496330 -43.63641487068375113 3.80232834648733276
0.83554583352226663 -45.22876345606468362 3.94102220462776875
0.85463494412590679 -46.61956062320290783 4.06263149850121863
0.87415963344548697 -47.76701096792535850 4.16359367770267852
0.89412984059350598 -48.62710946672647339 4.24015660644471470
0.91455573147489622 -49.15427547508279815 4.28843226053534998
0.93544770396201438 -49.30218983728553894 4.30446767957208376
0.95681639318771494 -49.02485842554732898 4.28433515913745655
0.97867267695920379 -48.27792794487804429 4.22424388254590699
1.00102768129542063 -47.02026963594964570 4.12067432604609429
1.02389278609078427 -45.21584356244012781 3.97053652215224417
1.04727963090816401 -42.83584520488290082 3.77135233576129014
1.07120012090404226 -39.86111566233780223 3.52146017393782618
1.09566643288887766 -36.28478755200157480 3.22023976955768942
1.12069102152574862 -32.11509989999561299 2.86835138375413479
1.14628662567045114 -27.37829382608665085 2.46798194801718473
1.17246627485625443 -22.12145820574963651 2.02308704711684895
1.19924329592663104 -16.41514298074267941 1.53961326721548142
1.22663131981933571 -10.35551980257690197 1.02568220838293334
1.25464428850528154 -4.06579634522534228 0.49171122579820198
1.28329646208574832 2.30345129698883344 -0.04955759709956604
1.31260242605154120 8.57542623683445093 -0.58315405598899550
1.34257709870778474 14.55017358921481119 -1.09213897888475464
1.37323573876813887 20.01001370622277165 -1.55806460171663019
1.40459395312230262 24.72777767723162867 -1.96167286474890656
1.43666770478075279 28.47820165204717213 -2.28386193573520035
1.46947332100077799 31.05268175420254195 -2.50693812526431348
1.50302750159792198 32.27729160657732166 -2.61614490126127786
1.53734732744708502 32.03360101706785201 -2.60142982034423698
1.57245026917760478 30.28116246392968947 -2.45935310706618493
1.60835419606674357 27.07980838808456880 -2.19498008940654810
1.64507738513610047 22.60885211000804418 -1.82351041635217226
1.68263853045560552 17.17907977470881065 -1.37129445886852275
1.72105675265979285 11.23223297247440122 -0.87578619098689270
1.76035160868123275 5.32144976668060998 -0.38387691107288802
1.80054310170605580 0.06568893191251683 0.05198390100753672
1.84165169135664741 -3.92820733357113472 0.38042132230588971
1.88369830410668571 -6.17879131747992005 0.56077690702564076
1.92670434393384626 -6.47413509588014513 0.57538160468166566
1.97069170321556753 -5.02682677759438956 0.44276725741549716
2.01568277387344352 -2.59294521491477026 0.22783894192359119
2.06170045877191477 -0.46132731293172047 0.04105613641096165
2.10876818337704375 -0.00417586195687668 0.00034279613760653
2.15690990768134405 -0.00002396587307380 0.00000196735639466
2.20615013840069052 0.00000021642458014 -0.00000001776627459
2.25651394144955519 0.00000000306913885 -0.00000000025194534
2.30802695470089736 0.00000000000000000 0.00000000000000000
2.36071540103721578 0.00000000000000000 0.00000000000000000
2.41460610169939383 0.00000000000000000 0.00000000000000000
2.46972648994015920 0.00000000000000000 0.00000000000000000
2.52610462498907040 0.00000000000000000 0.00000000000000000
2.58376920633616836 0.00000000000000000 0.00000000000000000
2.64274958834155793 0.00000000000000000 0.00000000000000000
2.70307579517833929 0.00000000000000000 0.00000000000000000
2.76477853611653268 0.00000000000000000 0.00000000000000000
2.82788922115573316 0.00000000000000000 0.00000000000000000
2.89243997701448663 0.00000000000000000 0.00000000000000000
2.95846366348450696 0.00000000000000000 0.00000000000000000
3.02599389015807407 0.00000000000000000 0.00000000000000000
3.09506503353710505 0.00000000000000000 0.00000000000000000
3.16571225453265237 0.00000000000000000 0.00000000000000000
3.23797151636367708 0.00000000000000000 0.00000000000000000
3.31187960286425920 0.00000000000000000 0.00000000000000000
3.38747413720853530 0.00000000000000000 0.00000000000000000
3.46479360106291345 0.00000000000000000 0.00000000000000000
3.54387735417529859 0.00000000000000000 0.00000000000000000
3.62476565441132070 0.00000000000000000 0.00000000000000000
3.70749967824771787 0.00000000000000000 0.00000000000000000
3.79212154173340688 0.00000000000000000 0.00000000000000000
3.87867432192878114 0.00000000000000000 0.00000000000000000
3.96720207883424969 0.00000000000000000 0.00000000000000000
4.05774987781913588 0.00000000000000000 0.00000000000000000
4.15036381256236098 0.00000000000000000 0.00000000000000000
4.24509102851660192 0.00000000000000000 0.00000000000000000
4.34197974690784605 0.00000000000000000 0.00000000000000000
4.44107928928257856 0.00000000000000000 0.00000000000000000
4.54244010261509334 0.00000000000000000 0.00000000000000000
4.64611378498771010 0.00000000000000000 0.00000000000000000
4.75215311185692979 0.00000000000000000 0.00000000000000000
4.86061206291901815 0.00000000000000000 0.00000000000000000
4.97154584958852741 0.00000000000000000 0.00000000000000000
5.08501094310387547 0.00000000000000000 0.00000000000000000
5.20106510327422278 0.00000000000000000 0.00000000000000000
5.31976740788231872 0.00000000000000000 0.00000000000000000
5.44117828275824778 0.00000000000000000 0.00000000000000000
5.56535953253941695 0.00000000000000000 0.00000000000000000
5.69237437213242803 0.00000000000000000 0.00000000000000000
5.82228745889284749 0.00000000000000000 0.00000000000000000
5.95516492553926291 0.00000000000000000 0.00000000000000000
6.09107441381839276 0.00000000000000000 0.00000000000000000
6.23008510893831069 0.00000000000000000 0.00000000000000000
6.37226777478748918 0.00000000000000000 0.00000000000000000
6.51769478995736318 0.00000000000000000 0.00000000000000000
6.66644018458692322 0.00000000000000000 0.00000000000000000
6.81857967804801657 0.00000000000000000 0.00000000000000000
6.97419071749056663 0.00000000000000000 0.00000000000000000
7.13335251726731823 0.00000000000000000 0.00000000000000000
7.29614609925818325 0.00000000000000000 0.00000000000000000
7.46265433411472312 0.00000000000000000 0.00000000000000000
7.63296198344574073 0.00000000000000000 0.00000000000000000
7.80715574296549430 0.00000000000000000 0.00000000000000000
7.98532428662641092 0.00000000000000000 0.00000000000000000
8.16755831175894897 0.00000000000000000 0.00000000000000000
8.35395058524134981 0.00000000000000000 0.00000000000000000
8.54459599072295717 0.00000000000000000 0.00000000000000000
8.73959157692507560 0.00000000000000000 0.00000000000000000
8.93903660704397041 0.00000000000000000 0.00000000000000000
9.14303260928114625 0.00000000000000000 0.00000000000000000
9.35168342852664125 0.00000000000000000 0.00000000000000000
9.56509527922163549 0.00000000000000000 0.00000000000000000
9.78337679942729466 0.00000000000000000 0.00000000000000000
10.00663910612737517 0.00000000000000000 0.00000000000000000
10.23499585179264670 0.00000000000000000 0.00000000000000000
10.46856328223619670 0.00000000000000000 0.00000000000000000
10.70746029578870484 0.00000000000000000 0.00000000000000000
10.95180850382407201 0.00000000000000000 0.00000000000000000
11.20173229266613113 0.00000000000000000 0.00000000000000000
11.45735888690794013 0.00000000000000000 0.00000000000000000
11.71881841417591552 0.00000000000000000 0.00000000000000000
11.98624397137176878 0.00000000000000000 0.00000000000000000
12.25977169242594300 0.00000000000000000 0.00000000000000000
12.53954081759709460 0.00000000000000000 0.00000000000000000
12.82569376435284880 0.00000000000000000 0.00000000000000000
13.11837619986782677 0.00000000000000000 0.00000000000000000
13.41773711517618395 0.00000000000000000 0.00000000000000000
13.72392890101593110 0.00000000000000000 0.00000000000000000
14.03710742540400247 0.00000000000000000 0.00000000000000000
14.35743211298142441 0.00000000000000000 0.00000000000000000
14.68506602616899315 0.00000000000000000 0.00000000000000000
15.02017594817478674 0.00000000000000000 0.00000000000000000
15.36293246789574063 0.00000000000000000 0.00000000000000000
15.71351006675654283 0.00000000000000000 0.00000000000000000
16.07208720753001430 0.00000000000000000 0.00000000000000000
16.43884642518424499 0.00000000000000000 0.00000000000000000
16.81397441980256602 0.00000000000000000 0.00000000000000000
17.19766215162404421 0.00000000000000000 0.00000000000000000
17.59010493825238441 0.00000000000000000 0.00000000000000000
17.99150255408304133 0.00000000000000000 0.00000000000000000
18.40205933199911215 0.00000000000000000 0.00000000000000000
18.82198426738771602 0.00000000000000000 0.00000000000000000
19.25149112452982081 0.00000000000000000 0.00000000000000000
19.69079854541773145 0.00000000000000000 0.00000000000000000
20.14013016105555565 0.00000000000000000 0.00000000000000000
20.59971470529937676 0.00000000000000000 0.00000000000000000
21.06978613129506073 0.00000000000000000 0.00000000000000000
21.55058373057279653 0.00000000000000000 0.00000000000000000
22.04235225485951943 0.00000000000000000 0.00000000000000000
22.54534204067049785 0.00000000000000000 0.00000000000000000
23.05980913674406452 0.00000000000000000 0.00000000000000000
23.58601543438413017 0.00000000000000000 0.00000000000000000
24.12422880077691190 0.00000000000000000 0.00000000000000000
24.67472321534962987 0.00000000000000000 0.00000000000000000
25.23777890924074896 0.00000000000000000 0.00000000000000000
25.81368250795260622 0.00000000000000000 0.00000000000000000
26.40272717725916607 0.00000000000000000 0.00000000000000000
27.00521277244313723 0.00000000000000000 0.00000000000000000
27.62144599093817376 0.00000000000000000 0.00000000000000000
28.25174052845458306 0.00000000000000000 0.00000000000000000
28.89641723866705547 0.00000000000000000 0.00000000000000000
29.55580429654641605 0.00000000000000000 0.00000000000000000
30.23023736541825457 0.00000000000000000 0.00000000000000000
30.92005976783353915 0.00000000000000000 0.00000000000000000
31.62562266033818048 0.00000000000000000 0.00000000000000000
32.34728521223050990 0.00000000000000000 0.00000000000000000
33.08541478839770633 0.00000000000000000 0.00000000000000000
33.84038713632418194 0.00000000000000000 0.00000000000000000
34.61258657736724587 0.00000000000000000 0.00000000000000000
35.40240620239699609 0.00000000000000000 0.00000000000000000
36.21024807190102734 0.00000000000000000 0.00000000000000000
37.03652342065445424 0.00000000000000000 0.00000000000000000
37.88165286706054502 0.00000000000000000 0.00000000000000000
38.74606662726797879 0.00000000000000000 0.00000000000000000
39.63020473417393674 0.00000000000000000 0.00000000000000000
40.53451726142439071 0.00000000000000000 0.00000000000000000
41.45946455252568086 0.00000000000000000 0.00000000000000000
42.40551745518406790 0.00000000000000000 0.00000000000000000
43.37315756099237518 0.00000000000000000 0.00000000000000000
44.36287745058590559 0.00000000000000000 0.00000000000000000
45.37518094439247562 0.00000000000000000 0.00000000000000000
46.41058335910366850 0.00000000000000000 0.00000000000000000
47.46961176999907650 0.00000000000000000 0.00000000000000000
48.55280527925557266 0.00000000000000000 0.00000000000000000
49.66071529037922971 0.00000000000000000 0.00000000000000000
50.79390578889924512 0.00000000000000000 0.00000000000000000
51.95295362946679774 0.00000000000000000 0.00000000000000000
53.13844882950493798 0.00000000000000000 0.00000000000000000
54.35099486955905235 0.00000000000000000 0.00000000000000000
55.59120900050081815 0.00000000000000000 0.00000000000000000
56.85972255774188255 0.00000000000000000 0.00000000000000000
58.15718128261759290 0.00000000000000000 0.00000000000000000
59.48424565110341433 0.00000000000000000 0.00000000000000000
60.84159121003325055 0.00000000000000000 0.00000000000000000
62.22990892098852811 0.00000000000000000 0.00000000000000000
63.64990551203475633 0.00000000000000000 0.00000000000000000
65.10230383748395866 0.00000000000000000 0.00000000000000000
66.58784324586622461 0.00000000000000000 0.00000000000000000
68.10727995629770248 0.00000000000000000 0.00000000000000000
69.66138744343665223 0.00000000000000000 0.00000000000000000
71.25095683122340517 0.00000000000000000 0.00000000000000000
72.87679729560497321 0.00000000000000000 0.00000000000000000
74.53973647644883727 0.00000000000000000 0.00000000000000000
76.24062089885565285 0.00000000000000000 0.00000000000000000
77.98031640408652265 0.00000000000000000 0.00000000000000000
79.75970859032210569 0.00000000000000000 0.00000000000000000
