0 3.20319069043558313
2.34773831044275954e-05 3.20319068592374645
4.74904773060668843e-05 3.20319067197411167
7.20515065558754032e-05 3.2031906479404455
9.71729737330946278e-05 3.20319061314189213
0.000122867667009884447 3.2031905668612537
0.000149148666361188738 3.2031905083432024
0.000176029350223142606 3.20319043679240423
0.000203523402303413018 3.20319035137155561
0.000231644818546938055 3.20319025119932554
0.000260407914260613602 3.20319013534820307
0.000289827331400550599 3.20319000284223643
0.000319918046025614617 3.20318985265467226
0.000350695375921042656 3.20318968370547941
0.000382174988396014926 3.2031894948587496
0.000414372908259155964 3.20318928491999033
0.000447305525976018274 3.20318905263327203
0.000480989606012709495 3.20318879667825485
0.000515442295369901134 3.20318851566706364
0.000550681132311572094 3.20318820814102123
0.000586724055292923291 3.20318787256723247
0.000623589412092012013 3.20318750733499513
0.000661295969149753833 3.20318711075204465
0.000699862921123046424 3.20318668104063686
0.000739309900655877087 3.20318621633342193
0.000779656988373390392 3.20318571466914337
0.000820924723104001918 3.20318517398812785
0.000863134112334761495 3.20318459212755258
0.000906306642905289179 3.20318396681651896
0.000950464291945728266 3.20318329567085547
0.000995629538064279592 3.20318257618771174
0.00104182537279001925 3.20318180573987465
0.00108907531227681585 3.20318098156983089
0.00113740340927431446 3.20318010078354609
0.00118683426537207273 3.20317916034395145
0.00123739304352308839 3.20317815706412867
0.00128910548085308893 3.20317708760017039
0.00134199790176210828 3.20317594844370745
0.00139609723132501492 3.20317473591409385
0.00145143100899781745 3.20317344615021016
0.00150802740263672398 3.20317207510189839
0.00156591522283708578 3.20317061852098917
0.00162512393759953731 3.20316907195191058
0.00168568368733078506 3.20316743072184984
0.00174762530018668719 3.20316568993047435
0.00181098030776543858 3.20316384443915281
0.0018757809611588416 3.20316188885967534
0.00194206024736983773 3.20315981754246959
0.00200985190610466179 3.20315762456422481
0.00207919044694815629 3.20315530371498269
0.00215011116693099996 3.20315284848459303
0.00222265016849778696 3.20315025204855131
0.00229684437788510139 3.20314750725317632
0.00237273156391895612 3.2031446066000937
0.00245035035724113946 3.20314154222999203
0.00252974026997428679 3.20313830590563198
0.00261094171583566318 3.20313488899405474
0.00269399603070991566 3.20313128244795964
0.00277894549369124468 3.20312747678623033
0.00286583334860573101 3.2031234620735316
0.00295470382602476154 3.20311922789897441
0.00304560216578075339 3.20311476335377643
0.00313857463999665581 3.20311005700789231
0.00323366857664093713 3.20310509688554568
0.00333093238362005628 3.20309987043963407
0.00343041557342067685 3.2030943645249339
0.00353216878831417698 3.20308856537006781
0.00363624382613628085 3.20308245854815921
0.00374269366665492143 3.2030760289461333
0.00385157249853979077 3.20306926073258058
0.00396293574694726435 3.20306213732413703
0.00407684010173478464 3.20305464135029672
0.00419334354631902603 3.20304675461658883
0.0043125053871925622 3.20303845806604714
0.00443438628411404936 3.20302973173889471
0.00455904828098728857 3.20302055473034519
0.00468655483744489631 3.20301090514645415
0.00481697086115265467 3.20300076005792311
0.00495036274085099582 3.20299009545175339
0.0050867983801504181 3.20297888618065851
0.00522634723209806397 3.20296710591013412
0.00536908033453303932 3.20295472706307027
0.00551507034624848253 3.2029417207617894
0.00566439158397877458 3.20292805676740944
0.00581712006023074168 3.20291370341638482
0.00597333352197809003 3.20289862755411336
0.00613311149023878024 3.20288279446545898
0.00629653530055548135 3.20286616780205868
0.00646368814439972177 3.20284870950626921
0.00663465511152080186 3.20283037973157469
0.00680952323326103164 3.20281113675931994
0.00698838152685935313 3.20279093691158545
0.00717132104076586251 3.20276973446002833
0.00735843490099037396 3.20274748153049815
0.00754981835850852823 3.20272412800324124
0.00774556883774963744 3.20269962140849529
0.00794578598619095217 3.20267390681723274
0.00815057172508355972 3.20264692672686824
0.00836003030133574375 3.2026186209416716
0.00857426834058026485 3.20258892644764304
0.00879339490145249897 3.20255777728161739
0.00901752153110714494 3.20252510439430216
0.00924676232200168091 3.20249083550699254
0.00948123396997553949 3.2024548949616567
0.00972105583365454745 3.20241720356410253
0.00996634999521086098 3.20237767841988541
0.010217241322509299 3.20233623276265167
0.0104738575326718177 3.20229277577453209
0.0107363292570923415 3.20224721239826327
0.0110047901079351265 3.20219944314062088
0.0112793767461505431 3.20214936386677484
0.0115602289510427763 3.20209686558517337
0.0118474896914250154 3.20204183422247635
0.0121413051983982213 3.20198415038812101
0.0124418250397905668 3.2019236891280225
0.012749202196295507 3.20186031966691154
0.0130635931393471363 3.20179390513880913
0.0133851579107724973 3.20172430230504945
0.0137140602042614829 3.20165136125933936
0.0140504674486956836 3.20157492511920205
0.014394550893378608 3.20149482970322685
0.0147464856952108231 3.20141090319344235
0.0151064510078541495 3.20132296578215758
0.0154746300729304651 3.20123082930254421
0.0158512103133015454 3.20113429684221229
0.0162363834284772815 3.20103316233902691
0.016630345492201052 3.20092721015832549
0.0170332970522617359 3.20081621465070842
0.0174454432325832423 3.20069993968950373
0.0178669938376436431 3.20057813818697223
0.018298163459276838 3.20045055158832703
0.0187391715859112906 3.2003169093424777
0.0191902427143014302 3.20017692834853928
0.0196516064638084867 3.20003031237690605
0.0201234976932890448 3.19987675146381445
0.020606156620650809 3.19971592127813542
0.0210998289451363383 3.19954748245916853
0.0216047659723971712 3.19937107992411596
0.0221212247424218307 3.19918634214384312
0.0226494681603829212 3.19899288038554053
0.0231897651304699901 3.19879028792072706
0.0237423906927761511 3.19857813919708001
0.0243076261633081679 3.198355988972442
0.0248857592771914438 3.19812337140929692
0.025477084335142567 3.19787979912794595
0.0260819023532841317 3.19762476221652836
0.0267005212163780835 3.1973577271959317
0.0273332558345555678 3.19707813593761037
0.0279804283036229826 3.19678540453214932
0.0286423680690260883 3.19647892210644136
0.029319412093555295 3.19615804958711447
0.0300119050288778326 3.19582211840787611
0.0307201993909839016 3.19547042915825008
0.0314446557396361182 3.19510225017111305
0.0321856428619138393 3.19471681604633151
0.0329435379599454931 3.19431332610765972
0.0337187268429246373 3.1938909427899751
0.0345116041235075527 3.19344878995377757
0.0353225734186922019 3.19298595112377281
0.0361520475552808349 3.19250146764819487
0.0370004487800310727 3.19199433677544597
0.0378682089746019621 3.1914635096444357
0.038755769875404987 3.19090788918486812
0.0396635832984715553 3.19032632792360493
0.0405921113694514418 3.18971762569305506
0.041541826758859618 3.18908052723736501
0.0425132129226908351 3.18841371971206344
0.0435067643485245112 3.18771583007261894
0.0445229868072455695 3.18698542234716964
0.0455623976105087591 3.18622099478857512
0.0466255258740780124 3.18542097690070491
0.0477129127871747799 3.18458372633366738
0.0488251118879722903 3.18370752564259751
0.0499626893453760726 3.18279057890430295
0.0511262242472343212 3.18183100818592646
0.0523163088951245567 3.18082684985963393
0.0535335491058669469 3.17977605075700875
0.0547785645199174373 3.1786764641567129
0.0560519889167978916 3.17752584559882578
0.0573544705377239186 3.17632184851883581
0.0586866724155942973 3.17506201969432533
0.0600492727125102946 3.17374379449704236
0.0614429650649962814 3.17236449194273673
0.0628684589370981928 3.170921309531189
0.0643264799815385091 3.16941131786847796
0.0658177704091124083 3.16783145506326491
0.067343089366512815 3.1661785208889901
0.0689032133227767407 3.16444917070334064
0.0704989364645494665 3.16263990911630266
0.0721310711003682881 3.16074708339825072
0.0738004480741710073 3.15876687661872602
0.075507917188239862 3.15669530050708413
0.0772543476357965553 3.15452818802589219
0.079040628443468125 3.15226118564741453
0.0808676689238488761 3.1498897453243484
0.0827363991383895936 3.14740911614527485
0.0846477703708483492 3.14481433566522517
0.0866027556115449709 3.14210022090283747
0.0886023500526652297 3.13926135899421732
0.0906475715948667632 3.13629209749486648
0.0927394613654453914 3.1331865343214047
0.094879084248324419 3.12993850732363077
0.097067529426137597 3.12654158347999012
0.0993059109346814961 3.12298904770852426
0.101595368230019398 3.11927389128569077
0.103937066768525141 3.1153887998683456
0.106332198600163352 3.11132614111185735
0.10878198297530639 3.10707795188062974
0.111287666965398102 3.1026359250486113
0.113850526097780166 3.09799139588554828
0.116471865005003339 3.09313532803103142
0.119153018088955953 3.08805829905630347
0.121895350200145455 3.0827504856161676
0.124700257332480635 3.07720164819954389
0.127569167333907191 3.07140111548287154
0.130503540633258946 3.06533776829990767
0.133504870983693846 3.05900002324264353
0.136574686223095071 3.0523758159073382
0.139714549051821874 3.04545258381340833
0.14292605782820772 3.03821724901720769
0.146210847382210629 3.03065620045334061
0.149570589847628527 3.0227552760455656
0.15300699551330571 3.01449974462320336
0.156521813693760892 3.00587428770274245
0.160116833619682181 2.9968629811902483
0.163793885348741314 2.98744927706950536
0.167554840697191065 2.97761598516466819
0.171401614192719598 2.9673452550536239
0.175336164049048115 2.95661855824339215
0.179360493162766366 2.94541667072291835
0.183476650132913977 2.93371965601230933
0.187686730303827626 2.92150684887473
0.191992876831782594 2.90875683983820199
0.196397281775975235 2.89544746072167536
0.200902187214397732 2.88155577138260144
0.205509886385176116 2.86705804789542773
0.210222724853951215 2.85192977245315227
0.215043101707897449 2.83614562526051062
0.219973470776985869 2.8196794787467705
0.2250163418831162 2.80250439448419275
0.230174282117749707 2.78459262317161782
0.235449917148696702 2.76591560817739346
0.240845932556721792 2.74644399311335752
0.246365075202648665 2.72614763398209803
0.252010154625658456 2.70499561655872878
0.257784044473497065 2.68295627961365435
0.263689683965314559 2.65999724479258015
0.269730079387885791 2.63608545396009575
0.275908305625971406 2.61118721489198702
0.282227507727597637 2.58526825642117908
0.28869090250505608 2.5582937940467243
0.295301780172432193 2.53022860733350807
0.30206350602050086 2.50103713045365428
0.308979522129839312 2.47068355730215039
0.316053349123031235 2.43913196300222301
0.32328858795685067 2.40634644346145077
0.330688921755343757 2.37229127511722115
0.338258117684734905 2.33693109710076374
0.346000028871116583 2.30023111812399517
0.353918596361896931 2.26215735103761606
0.36201785113200291 2.22267687776768641
0.370301916135864218 2.18175814805402135
0.378775008406216529 2.13937131562568439
0.387441441200797543 2.09548861550352106
0.396305626198025951 2.05008478717801035
0.405372075742782556 2.00313754804056599
0.414645405143433843 1.95462812252531593
0.424130335021273452 1.90454183283596401
0.433831693713569722 1.85286875714637356
0.443754419731448135 1.79960446287571019
0.45390356427385864 1.74475082207295218
0.46428429379890479 1.68831691758537139
0.474901892653849522 1.63032004943768571
0.485761765765130304 1.57078685079378544
0.496869441389755306 1.50975452561497869
0.508230573929483453 1.44727221925828542
0.519850946809217396 1.38340253577887018
0.53173647542107505 1.31822321697901179
0.543893210135643401 1.25182899808792336
0.556327339381940011 1.18433365931654677
0.56904519279765442 1.11587229117921694
0.582053244451273155 1.04660379539575388
0.595358116137727933 0.976713645270602449
0.608966580749241704 0.906416929150198891
0.622885565723096279 0.835961707454735081
0.637122156568067477 0.76563271165406277
0.651683600471328561 0.695755419732379643
0.666577309987657407 0.626700545967039058
0.681810866812821215 0.55888898240005036
0.697392025643070235 0.492797240238104561
0.713328718122689609 0.428963436033715617
0.729629056881632931 0.367993877329183039
0.746301339665284225 0.310570307457321504
0.76335405355845698 0.25745786864958442
0.780795879305770324 0.209513859645204581
0.798635695730618322 0.167697357894463328
0.816882584254963295 0.132935280370723219
0.835545833522266634 0.104800773031284655
0.854634944125906793 0.0821643655137094669
0.874159633445486972 0.0640548097478075423
0.894129840593505976 0.0496504166382372644
0.914555731474896216 0.0382604308319929518
0.935447703962014376 0.0293079160405597498
0.956816393187714942 0.0223141050998924631
0.978672676959203791 0.0168843421838923841
1.00102768129542063 0.0126954676718917803
1.02389278609078427 0.00948466245563543177
1.04727963090816401 0.0070396599499269576
1.07120012090404226 0.0051902079156408449
1.09566643288887766 0.00380072944593417249
1.12069102152574862 0.00276403071567642936
1.14628662567045114 0.00199597792829799697
1.17246627485625443 0.00143102735979403709
1.19924329592663104 0.00101849761596363507
1.22663131981933571 0.000719501391903222326
1.25464428850528154 0.000504429891685840215
1.28329646208574832 0.000350916622670378148
1.3126024260515412 0.000242201289801610925
1.34257709870778474 0.000165825541306481659
1.37323573876813887 0.000112605893958247214
1.40459395312230262 7.5829068631192223e-05
1.43666770478075279 5.06294908709947704e-05
1.46947332100077799 3.35113564581628236e-05
1.50302750159792198 2.19849476197976724e-05
1.53734732744708502 1.42931401186313619e-05
1.57245026917760478 9.20703436724280956e-06
1.60835419606674357 5.87517584154811758e-06
1.64507738513610047 3.71320637707452199e-06
1.68263853045560552 2.32390646291361888e-06
1.72105675265979285 1.43993743939855117e-06
1.76035160868123275 8.83149961026323595e-07
1.8005431017060558 5.36042718282200978e-07
1.84165169135664741 3.21918315817753654e-07
1.88369830410668571 1.91238532363636782e-07
1.92670434393384626 1.12354704188694139e-07
1.97069170321556753 6.52665904799576204e-08
2.01568277387344352 3.74774518620912345e-08
2.06170045877191477 2.12678347061013049e-08
2.10876818337704375 1.19244586703012915e-08
2.15690990768134405 6.60399142691244995e-09
2.20615013840069052 3.61168743694190018e-09
2.25651394144955519 1.94998789982219293e-09
2.30802695470089736 1.03908986333742518e-09
2.36071540103721578 5.46319635950129181e-10
2.41460610169939383 2.83328725822624501e-10
2.4697264899401592 1.448945882345759e-10
2.5261046249890704 7.304648381471517e-11
2.58376920633616836 3.62909306438511246e-11
2.64274958834155793 1.77624745192590286e-11
2.70307579517833929 8.56204754606099344e-12
2.76477853611653268 4.06319531090595997e-12
2.82788922115573316 1.89768153618046893e-12
2.89243997701448663 8.7194830578222822e-13
2.95846366348450696 3.94005253911640019e-13
3.02599389015807407 1.75025533236545436e-13
3.09506503353710505 7.6403120859920323e-14
3.16571225453265237 3.27613195460079297e-14
3.23797151636367708 1.37935638643437215e-14
3.3118796028642592 5.69985571472831894e-15
3.3874741372085353 2.31073584294227498e-15
3.46479360106291345 9.186077998723098e-16
3.54387735417529859 3.5794422395722551e-16
3.6247656544113207 1.36648926870214605e-16
3.70749967824771787 5.10838806591139326e-17
3.79212154173340688 1.86921109590741413e-17
3.87867432192878114 6.69100584529386113e-18
3.96720207883424969 2.34195486161740597e-18
4.05774987781913588 8.01110190457037258e-19
4.15036381256236098 2.67661424239393378e-19
4.24509102851660192 8.73078751205557441e-20
4.34197974690784605 2.77854901191266768e-20
4.44107928928257856 8.62308551525500582e-21
4.54244010261509334 2.60811592150053303e-21
4.6461137849877101 7.68308120507848626e-22
4.75215311185692979 2.20327450330191416e-22
4.86061206291901815 6.14613120302116206e-23
4.97154584958852741 1.6669117784626898e-23
5.08501094310387547 4.39236280382416701e-24
5.20106510327422278 1.12371369188287137e-24
5.31976740788231872 2.78966229182430211e-25
5.44117828275824778 6.71429795484347336e-26
5.56535953253941695 1.56597448125270771e-26
5.69237437213242803 3.53623990342366519e-27
5.82228745889284749 7.72580554108198052e-28
5.95516492553926291 1.63206949927021161e-28
6.09107441381839276 3.33014769676979974e-29
6.23008510893831069 6.56024588009721973e-30
6.37226777478748918 1.24640642806614979e-30
6.51769478995736318 2.28212477660475626e-31
6.66644018458692322 4.02425222586800948e-32
6.81857967804801657 6.82544007202283822e-33
6.97419071749056663 1.1130691686987595e-33
7.13335251726731823 1.74294300105460069e-34
7.29614609925818325 2.61866704893597272e-35
7.46265433411472312 3.7722461463928137e-36
7.63296198344574073 5.20178591959846837e-37
7.8071557429654943 6.86539732656875892e-38
7.98532428662641092 8.65714393361881988e-39
8.16755831175894897 1.04232820039533859e-39
8.35395058524134981 1.19720910265334135e-40
8.54459599072295717 1.30930756044621538e-41
8.7395915769250756 1.36356495882544521e-42
8.93903660704397041 1.34905836240581002e-43
9.14303260928114625 1.26758875601343448e-44
9.35168342852664125 1.12978265290523409e-45
9.56509527922163549 9.53039918641133717e-47
9.78337679942729466 7.61336850645163059e-48
10.0066391061273752 5.74031697445724045e-49
10.2349958517926467 4.0865172845307064e-50
10.4685632822361967 0
10.7074602957887048 0
10.951808503824072 0
11.2017322926661311 0
11.4573588869079401 0
11.7188184141759155 0
11.9862439713717688 0
12.259771692425943 0
12.5395408175970946 0
12.8256937643528488 0
13.1183761998678268 0
13.4177371151761839 0
13.7239289010159311 0
14.0371074254040025 0
14.3574321129814244 0
14.6850660261689931 0
15.0201759481747867 0
15.3629324678957406 0
15.7135100667565428 0
16.0720872075300143 0
16.438846425184245 0
16.813974419802566 0
17.1976621516240442 0
17.5901049382523844 0
17.9915025540830413 0
18.4020593319991121 0
18.821984267387716 0
19.2514911245298208 0
19.6907985454177314 0
20.1401301610555556 0
20.5997147052993768 0
21.0697861312950607 0
21.5505837305727965 0
22.0423522548595194 0
22.5453420406704979 0
23.0598091367440645 0
23.5860154343841302 0
24.1242288007769119 0
24.6747232153496299 0
25.237778909240749 0
25.8136825079526062 0
26.4027271772591661 0
27.0052127724431372 0
27.6214459909381738 0
28.2517405284545831 0
28.8964172386670555 0
29.5558042965464161 0
30.2302373654182546 0
30.9200597678335392 0
31.6256226603381805 0
32.3472852122305099 0
33.0854147883977063 0
33.8403871363241819 0
34.6125865773672459 0
35.4024062023969961 0
36.2102480719010273 0
37.0365234206544542 0
37.881652867060545 0
38.7460666272679788 0
39.6302047341739367 0
40.5345172614243907 0
41.4594645525256809 0
42.4055174551840679 0
43.3731575609923752 0
44.3628774505859056 0
45.3751809443924756 0
46.4105833591036685 0
47.4696117699990765 0
48.5528052792555727 0
49.6607152903792297 0
50.7939057888992451 0
51.9529536294667977 0
53.138448829504938 0
54.3509948695590523 0
55.5912090005008181 0
56.8597225577418826 0
58.1571812826175929 0
59.4842456511034143 0
60.8415912100332505 0
62.2299089209885281 0
63.6499055120347563 0
65.1023038374839587 0
66.5878432458662246 0
68.1072799562977025 0
69.6613874434366522 0
71.2509568312234052 0
72.8767972956049732 0
74.5397364764488373 0
76.2406208988556529 0
77.9803164040865227 0
79.7597085903221057 0
