0.00000000000000000 0.33647825582842866
0.00002347738310443 0.33647825724292546
0.00004749047730607 0.33647826161625860
0.00007205150655588 0.33647826915102408
0.00009717297373309 0.33647828006067637
0.00012286766700988 0.33647829457006295
0.00014914866636119 0.33647831291598596
0.00017602935022314 0.33647833534778937
0.00020352340230341 0.33647836212797499
0.00023164481854694 0.33647839353284770
0.00026040791426061 0.33647842985319015
0.00028982733140055 0.33647847139497133
0.00031991804602561 0.33647851848008714
0.00035069537592104 0.33647857144713705
0.00038217498839601 0.33647863065223649
0.00041437290825916 0.33647869646986989
0.00044730552597602 0.33647876929378079
0.00048098960601271 0.33647884953790702
0.00051544229536990 0.33647893763735826
0.00055068113231157 0.33647903404944107
0.00058672405529292 0.33647913925473100
0.00062358941209201 0.33647925375819582
0.00066129596914975 0.33647937809037248
0.00069986292112305 0.33647951280859839
0.00073930990065588 0.33647965849830080
0.00077965698837339 0.33647981577434849
0.00082092472310400 0.33647998528246470
0.00086313411233476 0.33648016770070788
0.00090630664290529 0.33648036374102247
0.00095046429194573 0.33648057415086130
0.00099562953806428 0.33648079971488531
0.00104182537279002 0.33648104125674261
0.00108907531227682 0.33648129964093076
0.00113740340927431 0.33648157577474719
0.00118683426537207 0.33648187061033114
0.00123739304352309 0.33648218514679956
0.00128910548085309 0.33648252043248561
0.00134199790176211 0.33648287756728090
0.00139609723132501 0.33648325770508714
0.00145143100899782 0.33648366205638236
0.00150802740263672 0.33648409189090911
0.00156591522283709 0.33648454854048593
0.00162512393759954 0.33648503340195207
0.00168568368733079 0.33648554794024943
0.00174762530018669 0.33648609369164756
0.00181098030776544 0.33648667226712231
0.00187578096115884 0.33648728535588768
0.00194206024736984 0.33648793472909755
0.00200985190610466 0.33648862224371667
0.00207919044694816 0.33648934984657397
0.00215011116693100 0.33649011957860470
0.00222265016849779 0.33649093357929044
0.00229684437788510 0.33649179409130586
0.00237273156391896 0.33649270346538340
0.00245035035724114 0.33649366416540266
0.00252974026997429 0.33649467877371880
0.00261094171583566 0.33649574999673831
0.00269399603070992 0.33649688067075478
0.00277894549369124 0.33649807376805652
0.00286583334860573 0.33649933240331797
0.00295470382602476 0.33650065984028932
0.00304560216578075 0.33650205949879747
0.00313857463999666 0.33650353496207208
0.00323366857664094 0.33650508998441236
0.00333093238362006 0.33650672849921176
0.00343041557342068 0.33650845462735451
0.00353216878831418 0.33651027268600198
0.00363624382613628 0.33651218719778969
0.00374269366665492 0.33651420290044920
0.00385157249853979 0.33651632475687865
0.00396293574694726 0.33651855796567953
0.00407684010173478 0.33652090797218537
0.00419334354631903 0.33652338047999930
0.00431250538719256 0.33652598146306906
0.00443438628411405 0.33652871717832328
0.00455904828098729 0.33653159417889156
0.00468655483744490 0.33653461932793982
0.00481697086115265 0.33653779981314702
0.00495036274085100 0.33654114316185313
0.00508679838015042 0.33654465725690880
0.00522634723209806 0.33654835035326108
0.00536908033453304 0.33655223109530813
0.00551507034624848 0.33655630853505475
0.00566439158397877 0.33656059215111422
0.00581712006023074 0.33656509186858619
0.00597333352197809 0.33656981807985814
0.00613311149023878 0.33657478166636690
0.00629653530055548 0.33657999402137051
0.00646368814439972 0.33658546707377379
0.00663465511152080 0.33659121331305436
0.00680952323326103 0.33659724581534384
0.00698838152685935 0.33660357827071558
0.00717132104076586 0.33661022501173282
0.00735843490099037 0.33661720104331949
0.00754981835850853 0.33662452207400939
0.00774556883774964 0.33663220454864123
0.00794578598619095 0.33664026568256367
0.00815057172508356 0.33664872349742242
0.00836003030133574 0.33665759685859731
0.00857426834058026 0.33666690551437090
0.00879339490145250 0.33667667013690417
0.00901752153110714 0.33668691236510362
0.00924676232200168 0.33669765484946756
0.00948123396997554 0.33670892129899893
0.00972105583365455 0.33672073653028495
0.00996634999521086 0.33673312651883702
0.01021724132250930 0.33674611845279934
0.01047385753267182 0.33675974078913179
0.01073632925709234 0.33677402331238038
0.01100479010793513 0.33678899719615679
0.01127937674615054 0.33680469506744587
0.01156022895104278 0.33682115107387545
0.01184748969142502 0.33683840095408007
0.01214130519839822 0.33685648211130170
0.01244182503979057 0.33687543369037459
0.01274920219629551 0.33689529665824974
0.01306359313934714 0.33691611388821679
0.01338515791077250 0.33693793024799784
0.01371406020426148 0.33696079269188178
0.01405046744869568 0.33698475035709019
0.01439455089337861 0.33700985466456118
0.01474648569521082 0.33703615942435611
0.01510645100785415 0.33706372094589571
0.01547463007293047 0.33709259815324627
0.01585121031330155 0.33712285270568432
0.01623638342847728 0.33715454912377724
0.01663034549220105 0.33718775492123093
0.01703329705226174 0.33722254074276298
0.01744544323258324 0.33725898050827502
0.01786699383764364 0.33729715156360501
0.01829816345927684 0.33733713483815836
0.01873917158591129 0.33737901500972417
0.01919024271430143 0.33742288067680104
0.01965160646380849 0.33746882453876786
0.02012349769328904 0.33751694358424811
0.02060615662065081 0.33756733928803734
0.02109982894513634 0.33762011781697410
0.02160476597239717 0.33767539024514809
0.02212122474242183 0.33773327277886683
0.02264946816038292 0.33779388699180968
0.02318976513046999 0.33785736007081801
0.02374239069277615 0.33792382507279350
0.02430762616330817 0.33799342119319442
0.02488575927719144 0.33806629404663624
0.02547708433514257 0.33814259596012725
0.02608190235328413 0.33822248627949597
0.02670052121637808 0.33830613168957652
0.02733325583455557 0.33839370654875961
0.02798042830362298 0.33848539323852139
0.02864236806902609 0.33858138252858455
0.02931941209355530 0.33868187395838178
0.03001190502887783 0.33878707623551541
0.03072019939098390 0.33889720765194670
0.03144465573963612 0.33901249651866555
0.03218564286191384 0.33913318161961908
0.03294353795994549 0.33925951268571675
0.03371872684292464 0.33939175088975287
0.03451160412350755 0.33953016936311581
0.03532257341869220 0.33967505373519130
0.03615204755528083 0.33982670269639986
0.03700044878003107 0.33998542858582942
0.03786820897460196 0.34015155800447117
0.03875576987540499 0.34032543245510055
0.03966358329847156 0.34050740900986171
0.04059211136945144 0.34069786100666738
0.04154182675885962 0.34089717877556247
0.04251321292269084 0.34110577039620810
0.04350676434852451 0.34132406248770647
0.04452298680724557 0.34155250103201962
0.04556239761050876 0.34179155223223523
0.04662552587407801 0.34204170340700968
0.04771291278717478 0.34230346392254068
0.04882511188797229 0.34257736616341161
0.04996268934537607 0.34286396654374668
0.05112622424723432 0.34316384656010995
0.05231630889512456 0.34347761388757064
0.05353354910586695 0.34380590352047230
0.05477856451991744 0.34414937895939118
0.05605198891679789 0.34450873344577082
0.05735447053772392 0.34488469124584670
0.05868667241559430 0.34527800898535338
0.06004927271251029 0.34568947703654418
0.06144296506499628 0.34611992095917160
0.06286845893709819 0.34657020299685865
0.06432647998153851 0.34704122363042300
0.06581777040911241 0.34753392318972959
0.06734308936651281 0.34804928352538589
0.06890321332277674 0.34858832974182324
0.07049893646454947 0.34915213199312212
0.07213107110036829 0.34974180734272031
0.07380044807417101 0.35035852168842535
0.07550791718823986 0.35100349175368373
0.07725434763579656 0.35167798714601251
0.07904062844346812 0.35238333248368414
0.08086766892384888 0.35312090959100828
0.08273639913838959 0.35389215976281169
0.08464777037084835 0.35469858609850680
0.08660275561154497 0.35554175590531928
0.08860235005266523 0.35642330317079635
0.09064757159486676 0.35734493110377136
0.09273946136544539 0.35830841474249980
0.09487908424832442 0.35931560362914927
0.09706752942613760 0.36036842454808787
0.09930591093468150 0.36146888432575985
0.10159536823001940 0.36261907268949689
0.10393706676852514 0.36382116518068375
0.10633219860016335 0.36507742611876665
0.10878198297530639 0.36639021161044727
0.11128766696539810 0.36776197259741450
0.11385052609778017 0.36919525793671265
0.11647186500500334 0.37069271750406441
0.11915301808895595 0.37225710531138845
0.12189535020014546 0.37389128262814897
0.12470025733248064 0.37559822109255908
0.12756916733390719 0.37738100580076883
0.13050354063325895 0.37924283835688771
0.13350487098369385 0.38118703986587421
0.13657468622309507 0.38321705385149890
0.13971454905182187 0.38533644907415165
0.14292605782820772 0.38754892222619508
0.14621084738221063 0.38985830047683434
0.14957058984762853 0.39226854383368653
0.15300699551330571 0.39478374729133331
0.15652181369376089 0.39740814272510389
0.16011683361968218 0.40014610049067734
0.16379388534874131 0.40300213068554247
0.16755484069719107 0.40598088401703541
0.17140161419271960 0.40908715222832659
0.17533616404904812 0.41232586801720683
0.17936049316276637 0.41570210438166760
0.18347665013291398 0.41922107332525976
0.18768673030382763 0.42288812383452706
0.19199287683178259 0.42670873905118001
0.19639728177597524 0.43068853254162709
0.20090218721439773 0.43483324355891939
0.20550988638517612 0.43914873119763687
0.21022272485395121 0.44364096730944558
0.21504310170789745 0.44831602806090126
0.21997347077698587 0.45318008399342652
0.22501634188311620 0.45823938842723760
0.23017428211774971 0.46350026406630684
0.23544991714869670 0.46896908761476536
0.24084593255672179 0.47465227223185502
0.24636507520264866 0.48055624763269239
0.25201015462565846 0.48668743761003763
0.25778404447349706 0.49305223478115973
0.26368968396531456 0.49965697230390638
0.26973007938788579 0.50650789232531290
0.27590830562597141 0.51361111091339351
0.28222750772759764 0.52097257917621398
0.28869090250505608 0.52859804031907187
0.29530178017243219 0.53649298232234133
0.30206350602050086 0.54466258594632755
0.30897952212983931 0.55311166777132914
0.31605334912303124 0.56184461792706397
0.32328858795685067 0.57086533223444214
0.33068892175534376 0.58017713841966811
0.33825811768473490 0.58978271609698796
0.34600002887111658 0.59968401024168205
0.35391859636189693 0.60988213783690592
0.36201785113200291 0.62037728747109866
0.37030191613586422 0.63116861163391691
0.37877500840621653 0.64225411152752843
0.38744144120079754 0.65363051426590146
0.39630562619802595 0.66529314236883008
0.40537207574278256 0.67723577556798997
0.41464540514343384 0.68945050500314864
0.42413033502127345 0.70192758002719435
0.43383169371356972 0.71465524792078450
0.44375441973144814 0.72761958703666041
0.45390356427385864 0.74080433398689771
0.46428429379890479 0.75419070573275715
0.47490189265384952 0.76775721771024974
0.48576176576513030 0.78147949919364679
0.49686944138975531 0.79533010770337098
0.50823057392948345 0.80927834423307210
0.51985094680921740 0.82329007164989565
0.53173647542107505 0.83732753909521263
0.54389321013564340 0.85134921513970363
0.55632733938194001 0.86530963374308900
0.56904519279765442 0.87915925663297390
0.58205324445127316 0.89284435681913832
0.59535811613772793 0.90630692863070983
0.60896658074924170 0.91948462912297235
0.62288556572309628 0.93231075806920727
0.63712215656806748 0.94471428228004084
0.65168360047132856 0.95661991178395300
0.66657730998765741 0.96794823601337887
0.68181086681282121 0.97861592645243478
0.69739202564307023 0.98853601592731100
0.71332871812268961 0.99761826097558759
0.72962905688163293 1.00576959619737516
0.74630133966528422 1.01289468920652403
0.76335405355845698 1.01889660081746891
0.78079587930577032 1.02367756001076193
0.79863569573061832 1.02713985529006324
0.81688258425496330 1.02918684681046857
0.83554583352226663 1.02972410084857602
0.85463494412590679 1.02866064066806562
0.87415963344548697 1.02591031292975488
0.89412984059350598 1.02139325499612332
0.91455573147489622 1.01503745102442511
0.93544770396201438 1.00678035779891828
0.95681639318771494 0.99657057071541999
0.97867267695920379 0.98436950428023551
1.00102768129542063 0.97015304378644018
1.02389278609078427 0.95391312790501626
1.04727963090816401 0.93565921271172581
1.07120012090404226 0.91541956041750816
1.09566643288887766 0.89324229958242374
1.12069102152574862 0.86919619370766332
1.14628662567045114 0.84337106278705876
1.17246627485625443 0.81587780144328426
1.19924329592663104 0.78684794757013177
1.22663131981933571 0.75643276273162485
1.25464428850528154 0.72480180509615855
1.28329646208574832 0.69214099071941826
1.31260242605154120 0.65865016077945804
1.34257709870778474 0.62454020753112527
1.37323573876813887 0.59002981910231767
1.40459395312230262 0.55534195648062168
1.43666770478075279 0.52070017666189783
1.46947332100077799 0.48632494615164396
1.50302750159792198 0.45243010941429296
1.53734732744708502 0.41921964537503914
1.57245026917760478 0.38688487143447992
1.60835419606674357 0.35560217942063532
1.64507738513610047 0.32553135891537188
1.68263853045560552 0.29681449133076582
1.72105675265979285 0.26957528861695446
1.76035160868123275 0.24391869409264083
1.80054310170605580 0.21993044239423012
1.84165169135664741 0.19767624251771179
1.88369830410668571 0.17720023771423882
1.92670434393384626 0.15852246165145992
1.97069170321556753 0.14163521886304359
2.01568277387344352 0.12649863226976404
2.06170045877191477 0.11303617400434811
2.10876818337704375 0.10113192064795636
2.15690990768134405 0.09063573218614460
2.20615013840069052 0.08139087388462880
2.25651394144955519 0.07325117401807439
2.30802695470089736 0.06608196342044145
2.36071540103721578 0.05976039785036567
2.41460610169939383 0.05417641419763001
2.46972648994015920 0.04923278899352013
2.52610462498907040 0.04484412210434704
2.58376920633616836 0.04093575417246805
2.64274958834155793 0.03744272202169866
2.70307579517833929 0.03430876936968471
2.76477853611653268 0.03148540713729488
2.82788922115573316 0.02893104027503850
2.89243997701448663 0.02661015343244946
2.95846366348450696 0.02449255935088351
3.02599389015807407 0.02255271187886837
3.09506503353710505 0.02076907716493935
3.16571225453265237 0.01912356824024556
3.23797151636367708 0.01760103623153545
3.31187960286425920 0.01618881802633456
3.38747413720853530 0.01487633784486952
3.46479360106291345 0.01365475700749620
3.54387735417529859 0.01251667092562985
3.62476565441132070 0.01145584701133897
3.70749967824771787 0.01046700068487686
3.79212154173340688 0.00954560548959242
3.87867432192878114 0.00868773270123413
3.96720207883424969 0.00788991806782723
4.05774987781913588 0.00714905138700794
4.15036381256236098 0.00646228659825884
4.24509102851660192 0.00582696969553083
4.34197974690784605 0.00524058181401800
4.44107928928257856 0.00470069602151167
4.54244010261509334 0.00420494546975356
4.64611378498771010 0.00375100163744446
4.75215311185692979 0.00333656110818871
4.86061206291901815 0.00295933928376876
4.97154584958852741 0.00261707007507206
5.08501094310387547 0.00230750989905409
5.20106510327422278 0.00202844506773244
5.31976740788231872 0.00177770137245552
5.44117828275824778 0.00155315471451660
5.56535953253941695 0.00135274222290093
5.69237437213242803 0.00117447277514063
5.82228745889284749 0.00101643665182446
5.95516492553926291 0.00087681380253475
6.09107441381839276 0.00075388038608267
6.23008510893831069 0.00064601370424190
6.37226777478748918 0.00055169520427443
6.51769478995736318 0.00046951189453867
6.66644018458692322 0.00039815617243913
6.81857967804801657 0.00033642422758481
6.97419071749056663 0.00028321338540893
7.13335251726731823 0.00023751838461830
7.29614609925818325 0.00019842701217187
7.46265433411472312 0.00016511516943289
7.63296198344574073 0.00013684156573632
7.80715574296549430 0.00011294227644809
7.98532428662641092 0.00009282515717389
8.16755831175894897 0.00007596435499474
8.35395058524134981 0.00006189490154289
8.54459599072295717 0.00005020747276102
8.73959157692507560 0.00004054338929421
8.93903660704397041 0.00003258981132953
9.14303260928114625 0.00002607522411381
9.35168342852664125 0.00002076516492829
9.56509527922163549 0.00001645822158959
9.78337679942729466 0.00001298231504675
10.00663910612737517 0.00001019123366739
10.23499585179264670 0.00000796145839343
10.46856328223619670 0.00000618924380946
10.70746029578870484 0.00000478796720387
10.95180850382407201 0.00000368573954302
11.20173229266613113 0.00000282325722932
11.45735888690794013 0.00000215190111348
11.71881841417591552 0.00000163205491681
11.98624397137176878 0.00000123163739330
12.25977169242594300 0.00000092483066165
12.53954081759709460 0.00000069098427352
12.82569376435284880 0.00000051368399007
13.11837619986782677 0.00000037996222524
13.41773711517618395 0.00000027963717041
13.72392890101593110 0.00000020476325979
14.03710742540400247 0.00000014917714575
14.35743211298142441 0.00000010812709558
14.68506602616899315 0.00000007797133388
15.02017594817478674 0.00000005593542301
15.36293246789574063 0.00000003991820456
15.71351006675654283 0.00000002833763781
16.07208720753001430 0.00000002000958748
16.43884642518424499 0.00000001405280986
16.81397441980256602 0.00000000981528894
17.19766215162404421 0.00000000681738816
17.59010493825238441 0.00000000470828272
17.99150255408304133 0.00000000323286211
18.40205933199911215 0.00000000220666731
18.82198426738771602 0.00000000149710301
19.25149112452982081 0.00000000100940915
19.69079854541773145 0.00000000067625938
20.14013016105555565 0.00000000045010747
20.59971470529937676 0.00000000029757522
21.06978613129506073 0.00000000019537629
21.55058373057279653 0.00000000012736638
22.04235225485951943 0.00000000008242404
22.54534204067049785 0.00000000005293899
23.05980913674406452 0.00000000003373818
23.58601543438413017 0.00000000002133004
24.12422880077691190 0.00000000001337465
24.67472321534962987 0.00000000000831549
25.23777890924074896 0.00000000000512507
25.81368250795260622 0.00000000000313046
26.40272717725916607 0.00000000000189453
27.00521277244313723 0.00000000000113571
27.62144599093817376 0.00000000000067419
28.25174052845458306 0.00000000000039622
28.89641723866705547 0.00000000000023047
29.55580429654641605 0.00000000000013265
30.23023736541825457 0.00000000000007552
30.92005976783353915 0.00000000000004252
31.62562266033818048 0.00000000000002366
32.34728521223050990 0.00000000000001302
33.08541478839770633 0.00000000000000707
33.84038713632418194 0.00000000000000380
34.61258657736724587 0.00000000000000201
35.40240620239699609 0.00000000000000105
36.21024807190102734 0.00000000000000054
37.03652342065445424 0.00000000000000028
37.88165286706054502 0.00000000000000014
38.74606662726797879 0.00000000000000007
39.63020473417393674 0.00000000000000003
40.53451726142439071 0.00000000000000002
41.45946455252568086 0.00000000000000001
42.40551745518406790 0.00000000000000000
43.37315756099237518 0.00000000000000000
44.36287745058590559 0.00000000000000000
45.37518094439247562 0.00000000000000000
46.41058335910366850 0.00000000000000000
47.46961176999907650 0.00000000000000000
48.55280527925557266 0.00000000000000000
49.66071529037922971 0.00000000000000000
50.79390578889924512 0.00000000000000000
51.95295362946679774 0.00000000000000000
53.13844882950493798 0.00000000000000000
54.35099486955905235 0.00000000000000000
55.59120900050081815 0.00000000000000000
56.85972255774188255 0.00000000000000000
58.15718128261759290 0.00000000000000000
59.48424565110341433 0.00000000000000000
60.84159121003325055 0.00000000000000000
62.22990892098852811 0.00000000000000000
63.64990551203475633 0.00000000000000000
65.10230383748395866 0.00000000000000000
66.58784324586622461 0.00000000000000000
68.10727995629770248 0.00000000000000000
69.66138744343665223 0.00000000000000000
71.25095683122340517 0.00000000000000000
72.87679729560497321 0.00000000000000000
74.53973647644883727 0.00000000000000000
76.24062089885565285 0.00000000000000000
77.98031640408652265 0.00000000000000000
79.75970859032210569 0.00000000000000000
