0 8.2536434164179845e-15
2.34773831044275954e-05 1.85422849479900691e-07
4.74904773060668843e-05 7.58711983828613464e-07
7.20515065558754032e-05 1.74642525437506179e-06
9.71729737330946278e-05 3.17654382693598787e-06
0.000122867667009884447 5.07854238234789037e-06
0.000149148666361188738 7.48346265983330993e-06
0.000176029350223142606 1.04239904998153361e-05
0.000203523402303413018 1.39345365500740417e-05
0.000231644818546938055 1.80513208067546222e-05
0.000260407914260613602 2.28124611697063194e-05
0.000289827331400550599 2.82580661999681108e-05
0.000319918046025614617 3.44303322759409206e-05
0.000350695375921042656 4.13736453539133059e-05
0.000382174988396014926 4.91346875481551426e-05
0.000414372908259155964 5.77625487557870202e-05
0.000447305525976018274 6.73088435620823421e-05
0.000480989606012709495 7.78278336727988298e-05
0.000515442295369901134 8.9376556131573416e-05
0.000550681132311572094 0.000102014957592389501
0.000586724055292923291 0.000115806034929644499
0.000623589412092012013 0.000130815982481451718
0.000661295969149753833 0.000147114346235514896
0.000699862921123046424 0.000164774185281259565
0.000739309900655877087 0.000183872240866900797
0.000779656988373390392 0.000204489113415833203
0.000820924723104001918 0.000226709447873140959
0.000863134112334761495 0.000250622127770210143
0.000906306642905289179 0.000276320478413396773
0.000950464291945728266 0.000303902479621505806
0.000995629538064279592 0.000333470988456501915
0.00104182537279001925 0.000365133972412459381
0.00108907531227681585 0.00039900475354927203
0.00113740340927431446 0.000435202264080170151
0.00118683426537207273 0.000473851313945655077
0.00123739304352308839 0.000515082870931084453
0.00128910548085308893 0.000559034353910951246
0.00134199790176210828 0.000605849939829832007
0.00139609723132501492 0.000655680885058224148
0.00145143100899781745 0.00070868586179097541
0.00150802740263672398 0.00076503131018689234
0.00156591522283708578 0.000824891806980390511
0.00162512393759953731 0.000888450451329848975
0.00168568368733078506 0.000955899268702635517
0.00174762530018668719 0.00102743963363373836
0.00181098030776543858 0.00110328271223360491
0.0018757809611588416 0.00118364992536120037
0.00194206024736983773 0.00126877343342060708
0.00200985190610466179 0.00135889664378372583
0.00207919044694815629 0.00145427474188789051
0.00215011116693099996 0.00155517524710562091
0.00222265016849778696 0.00166187859453431857
0.00229684437788510139 0.00177467874390671186
0.00237273156391895612 0.00189388381687819081
0.00245035035724113946 0.00201981676400496846
0.00252974026997428679 0.00215281606278784794
0.00261094171583566318 0.00229323644821937539
0.00269399603070991566 0.00244144967733861103
0.00277894549369124468 0.00259784532936701337
0.00286583334860573101 0.0027628316430711587
0.00295470382602476154 0.00293683639307417343
0.00304560216578075339 0.0031203078069164422
0.00313857463999665581 0.00331371552474947354
0.00323366857664093713 0.00351755160363322397
0.00333093238362005628 0.00373233156849744549
0.00343041557342067685 0.00395859551192311379
0.00353216878831417698 0.00419690924499807605
0.00363624382613628085 0.0044478655016050939
0.00374269366665492143 0.00471208519860889883
0.00385157249853979077 0.00499021875452144558
0.00396293574694726435 0.00528294746934310222
0.00407684010173478464 0.00559098496840155449
0.00419334354631902603 0.00591507871313894703
0.0043125053871925622 0.00625601158193315066
0.00443438628411404936 0.00661460352418028613
0.00455904828098728857 0.00699171329101328735
0.00468655483744489631 0.00738824024618574705
0.00481697086115265467 0.00780512626081130388
0.00495036274085099582 0.00824335769581757173
0.0050867983801504181 0.00870396747614966479
0.00522634723209806397 0.00918803726094259872
0.00536908033453303932 0.00969669971407403734
0.00551507034624848253 0.0102311408797099261
0.00566439158397877458 0.010792602667665397
0.00581712006023074168 0.0113823854536229379
0.00597333352197809003 0.0120018507994786808
0.00613311149023878024 0.0126524242993272962
0.00629653530055548135 0.0133355985568457888
0.00646368814439972177 0.0140529363000978756
0.00663465511152080186 0.014806073640053076
0.00680952323326103164 0.0155967234793995893
0.00698838152685935313 0.0164266790785274029
0.00717132104076586251 0.0172978177858682698
0.00735843490099037396 0.0182121049401037863
0.00754981835850852823 0.0191715979520903496
0.00774556883774963744 0.0201784505747035874
0.00794578598619095217 0.0212349173691729204
0.00815057172508355972 0.022343358376861501
0.00836003030133574375 0.0235062440058477415
0.00857426834058026485 0.0247261601420835885
0.00879339490145249897 0.0260058134953406531
0.00901752153110714494 0.0273480371906108348
0.00924676232200168091 0.0287557966161024227
0.00948123396997553949 0.0302321955394680257
0.00972105583365454745 0.031780482504415862
0.00996634999521086098 0.0334040575203935
0.010217241322509299 0.0351064790585935149
0.0104738575326718177 0.0368914713681158246
0.0107363292570923415 0.0387629321267249152
0.0110047901079351265 0.0407249404412770161
0.0112793767461505431 0.0427817652135492194
0.0115602289510427763 0.0449378738878873016
0.0118474896914250154 0.0471979415978033626
0.0121413051983982213 0.0495668607294009397
0.0124418250397905668 0.0520497509202697342
0.012749202196295507 0.0546519695132975242
0.0130635931393471363 0.0573791224856798968
0.0133851579107724973 0.060237075874269401
0.0137140602042614829 0.0632319677193223101
0.0140504674486956836 0.0663702205496203429
0.014394550893378608 0.0696585544329099138
0.0147464856952108231 0.0731040006166129852
0.0151064510078541495 0.0767139157847931408
0.0154746300729304651 0.0804959969584819746
0.0158512103133015454 0.0844582970675357564
0.0162363834284772815 0.088609241223364596
0.016630345492201052 0.092957643723060368
0.0170332970522617359 0.0975127258167415578
0.0174454432325832423 0.102284134271165478
0.0178669938376436431 0.107281960763952522
0.018298163459276838 0.1125167621441239
0.0187391715859112906 0.117999581596154229
0.0191902427143014302 0.123741970746106184
0.0196516064638084867 0.129756012749837391
0.0201234976932890448 0.136054346404812815
0.020606156620650809 0.142650191328807102
0.0210998289451363383 0.149557374250155112
0.0216047659723971712 0.15679035645582845
0.0221212247424218307 0.164364262445376608
0.0226494681603829212 0.172294909840706306
0.0231897651304699901 0.180598840602938793
0.0237423906927761511 0.189293353609454762
0.0243076261633081679 0.198396538646442411
0.0248857592771914438 0.207927311873740917
0.025477084335142567 0.217905452820272683
0.0260819023532841317 0.228351642970619162
0.0267005212163780835 0.239287506005501083
0.0273332558345555678 0.250735649759654566
0.0279804283036229826 0.262719709962819736
0.0286423680690260883 0.275264395832422792
0.029319412093555295 0.288395537586735196
0.0300119050288778326 0.302140135949045097
0.0307201993909839016 0.316526413716667787
0.0314446557396361182 0.331583869468807468
0.0321856428619138393 0.347343333487807993
0.0329435379599454931 0.36383702597205031
0.0337187268429246373 0.381098617619071989
0.0345116041235075527 0.399163292656190605
0.0353225734186922019 0.418067814400021109
0.0361520475552808349 0.437850593426654278
0.0370004487800310727 0.458551758430542411
0.0378682089746019621 0.48021322985467263
0.038755769875404987 0.50287879637467181
0.0396635832984715553 0.526594194312626662
0.0405921113694514418 0.551407190061609542
0.041541826758859618 0.577367665600793556
0.0425132129226908351 0.604527707170233852
0.0435067643485245112 0.632941697180845919
0.0445229868072455695 0.662666409431156289
0.0455623976105087591 0.693761107686933887
0.0466255258740780124 0.726287647688478533
0.0477129127871747799 0.760310582640497667
0.0488251118879722903 0.795897272219287744
0.0499626893453760726 0.833117995143925816
0.0511262242472343212 0.87204606533747997
0.0523163088951245567 0.912757951680729818
0.0535335491058669469 0.955333401376642022
0.0547785645199174373 0.999855566905026749
0.0560519889167978916 1.04641113652455653
0.0573544705377239186 1.09509046829606893
0.0586866724155942973 1.14598772753598155
0.0600492727125102946 1.19920102759675484
0.0614429650649962814 1.25483257387803171
0.0628684589370981928 1.3129888108772414
0.0643264799815385091 1.37378057209819304
0.0658177704091124083 1.43732323260974826
0.067343089366512815 1.50373686393083617
0.0689032133227767407 1.57314639095530051
0.0704989364645494665 1.64568175053798038
0.0721310711003682881 1.72147805125206599
0.0738004480741710073 1.80067573388179203
0.075507917188239862 1.88342073202392446
0.0772543476357965553 1.96986463211095342
0.079040628443468125 2.06016483218808677
0.0808676689238488761 2.15448469848712731
0.0827363991383895936 2.25299371887662758
0.0846477703708483492 2.35586765215041005
0.0866027556115449709 2.46328867180105071
0.0886023500526652297 2.57544550304712372
0.0906475715948667632 2.69253355152705609
0.0927394613654453914 2.81475502186285498
0.094879084248324419 2.94231902438945658
0.097067529426137597 3.07544166772720606
0.0993059109346814961 3.21434613492011989
0.101595368230019398 3.35926274065605579
0.103937066768525141 3.51042896640265667
0.106332198600163352 3.66808947056202062
0.10878198297530639 3.83249606999545067
0.111287666965398102 4.00390768887909854
0.113850526097780166 4.18259027101673375
0.116471865005003339 4.368816650462227
0.119153018088955953 4.56286637551981222
0.121895350200145455 4.76502548060999853
0.124700257332480635 4.97558619927488532
0.127569167333907191 5.19484661218714638
0.130503540633258946 5.42311022229789241
0.133504870983693846 5.66068544893877945
0.136574686223095071 5.90788503268366938
0.139714549051821874 6.16502534040609529
0.14292605782820772 6.43242556083581007
0.146210847382210629 6.71040677910219507
0.149570589847628527 6.99929091726745956
0.15300699551330571 7.29939952879478504
0.156521813693760892 7.61105243123452091
0.160116833619682181 7.93456616218941591
0.163793885348741314 8.2702522422925604
0.167554840697191065 8.6184152256826323
0.171401614192719598 8.97935052059891881
0.175336164049048115 9.35334195803257984
0.179360493162766366 9.74065908647235545
0.183476650132913977 10.1415541707968906
0.187686730303827626 10.5562588679427556
0.191992876831782594 10.9849805555375557
0.196397281775975235 11.4278982847177097
0.200902187214397732 11.8851583273199601
0.205509886385176116 12.3568692901114972
0.210222724853951215 12.8430967613687432
0.215043101707897449 13.3438574605068752
0.219973470776985869 13.8591128576739475
0.2250163418831162 14.388762228443964
0.230174282117749707 14.9326351151199948
0.235449917148696702 15.490483158717101
0.240845932556721792 16.0619712740179743
0.246365075202648665 16.6466681401754357
0.252010154625658456 17.2440359795494409
0.257784044473497065 17.853419609685151
0.263689683965314559 18.4740347510523044
0.269730079387885791 19.1049555875066766
0.275908305625971406 19.7451015850119944
0.282227507727597637 20.3932235846919667
0.28869090250505608 21.0478892070749808
0.295301780172432193 21.7074676191490568
0.30206350602050086 22.3701137440444562
0.308979522129839312 23.0337520174792161
0.316053349123031235 23.6960598362578096
0.32328858795685067 24.3544508766507199
0.330688921755343757 25.0060585164379177
0.338258117684734905 25.6477196535746863
0.346000028871116583 26.2759592636109538
0.353918596361896931 26.8869761530253264
0.36201785113200291 27.4766304095425546
0.370301916135864218 28.0404331914300684
0.378775008406216529 28.573539618207672
0.387441441200797543 29.0707456019217076
0.396305626198025951 29.5264897260170258
0.405372075742782556 29.9348613111715842
0.414645405143433843 30.2896160963246253
0.424130335021273452 30.5842011760770696
0.433831693713569722 30.8117908971589181
0.443754419731448135 30.9653359421396104
0.45390356427385864 31.0376277287268714
0.46428429379890479 31.0213807177304943
0.474901892653849522 30.9093354648455083
0.485761765765130304 30.694385058330699
0.496869441389755306 30.369728351696299
0.508230573929483453 29.9290526797004794
0.519850946809217396 29.3667490880080706
0.53173647542107505 28.6781627892033555
0.543893210135643401 27.8598801338330695
0.556327339381940011 26.9100535324976455
0.56904519279765442 25.828762640117386
0.582053244451273155 24.6184085113449278
0.595358116137727933 23.284133800728263
0.608966580749241704 21.8342558629817738
0.622885565723096279 20.2806945527457607
0.637122156568067477 18.6393648510671319
0.651683600471328561 16.930493132930625
0.666577309987657407 15.1787982267738659
0.681810866812821215 13.4134550738771878
0.697392025643070235 11.6677298348521568
0.713328718122689609 9.97813464196983269
0.729629056881632931 8.38289997886170823
0.746301339665284225 6.91949290148715068
0.76335405355845698 5.62082741009298648
0.780795879305770324 4.50969186499917196
0.798635695730618322 3.59078533319798154
0.816882584254963295 2.84348381026484542
0.835545833522266634 2.23930002465993017
0.854634944125906793 1.75358250047266906
0.874159633445486972 1.36535564102521634
0.894129840593505976 1.05687504302325541
0.914555731474896216 0.813226896859723603
0.935447703962014376 0.621958898464569088
0.956816393187714942 0.472742226238600571
0.978672676959203791 0.357067569570190091
1.00102768129542063 0.267972126952667034
1.02389278609078427 0.199798031503704204
1.04727963090816401 0.147980287485015433
1.07120012090404226 0.10886172156532288
1.09566643288887766 0.079533889038441441
1.12069102152574862 0.0577006716633377617
1.14628662567045114 0.0415629063981356323
1.17246627485625443 0.0297215440346888064
1.19924329592663104 0.0210969429898655962
1.22663131981933571 0.0148625008702622623
1.25464428850528154 0.0103903062439295087
1.28329646208574832 0.00720721028104439557
1.3126024260515412 0.00495959017840338825
1.34257709870778474 0.00338531524912353979
1.37323573876813887 0.00229171888698263479
1.40459395312230262 0.00153838313512903984
1.43666770478075279 0.00102385578834682267
1.46947332100077799 0.000675481384532022238
1.50302750159792198 0.000441686818853044344
1.53734732744708502 0.000286198636976789118
1.57245026917760478 0.000183736582682805262
1.60835419606674357 0.000116847531085966709
1.64507738513610047 7.35968524925459069e-05
1.68263853045560552 4.59019124963768192e-05
1.72105675265979285 2.83432837670413414e-05
1.76035160868123275 1.73232642559458743e-05
1.8005431017060558 1.04780311763976895e-05
1.84165169135664741 6.27060208650243188e-06
1.88369830410668571 3.71212315432941739e-06
1.92670434393384626 2.17332021528508775e-06
1.97069170321556753 1.2580928081525782e-06
2.01568277387344352 7.19923797751005682e-07
2.06170045877191477 4.07137742229153163e-07
2.10876818337704375 2.27492148166309113e-07
2.15690990768134405 1.25560481473807723e-07
2.20615013840069052 6.84360865379667308e-08
2.25651394144955519 3.68252644732980544e-08
2.30802695470089736 1.9557664875128859e-08
2.36071540103721578 1.02487784548544014e-08
2.41460610169939383 5.29772701921290707e-09
2.4697264899401592 2.70046137331029544e-09
2.5261046249890704 1.35702047218495122e-09
2.58376920633616836 6.72051440789914135e-10
2.64274958834155793 3.27901166527055072e-10
2.70307579517833929 1.57569451923529969e-10
2.76477853611653268 7.45484557042388878e-11
2.82788922115573316 3.47131793637518685e-11
2.89243997701448663 1.59032950635494853e-11
2.95846366348450696 7.16556058396168439e-12
3.02599389015807407 3.17416160940867015e-12
3.09506503353710505 1.38180431090309177e-12
3.16571225453265237 5.90926709080974154e-13
3.23797151636367708 2.48150320895170225e-13
3.3118796028642592 1.02281642227502766e-13
3.3874741372085353 4.13627261312948109e-14
3.46479360106291345 1.64037547166661294e-14
3.54387735417529859 6.37693413675820067e-15
3.6247656544113207 2.4289304002991993e-15
3.70749967824771787 9.06010669327188799e-16
3.79212154173340688 3.3080828580261283e-16
3.87867432192878114 1.18169458177228611e-16
3.96720207883424969 4.12776374096891166e-17
4.05774987781913588 1.40921379988348546e-17
4.15036381256236098 4.69941257036868679e-18
4.24509102851660192 1.53005989476232788e-18
4.34197974690784605 4.8606352832730212e-19
4.44107928928257856 1.50584211036637782e-19
4.54244010261509334 4.54680119023585895e-20
4.6461137849877101 1.33719920971961692e-20
4.75215311185692979 3.82850531655241613e-21
4.86061206291901815 1.06629984172820542e-21
4.97154584958852741 2.8875076881815923e-22
5.08501094310387547 7.59725669336943336e-23
5.20106510327422278 1.94078073477133567e-23
5.31976740788231872 4.8111433924245732e-24
5.44117828275824778 1.15634068111064309e-24
5.56535953253941695 2.69321457017583556e-25
5.69237437213242803 6.07352781108786124e-26
5.82228745889284749 1.32516571033338433e-26
5.95516492553926291 2.79577702150633002e-27
6.09107441381839276 5.69738352313830766e-28
6.23008510893831069 1.12096434239685224e-28
6.37226777478748918 2.12717081794447375e-29
6.51769478995736318 3.89013310952400832e-30
6.66644018458692322 6.85179350127112164e-31
6.81857967804801657 1.16079311369893299e-31
6.97419071749056663 1.89087614158691686e-32
7.13335251726731823 2.95768523112826512e-33
7.29614609925818325 4.43902974336207473e-34
7.46265433411472312 6.38789699798465398e-35
7.63296198344574073 8.79975839105826076e-36
7.8071557429654943 1.16025919646581916e-36
7.98532428662641092 1.46165410234862287e-37
8.16755831175894897 1.75818505731510576e-38
8.35395058524134981 2.01757286591393449e-39
8.54459599072295717 2.2044909723492031e-40
8.7395915769250756 2.29382726656164765e-41
8.93903660704397041 2.26745030538648368e-42
9.14303260928114625 2.12869955745497732e-43
9.35168342852664125 1.89568311338526833e-44
9.56509527922163549 1.59779678355172396e-45
9.78337679942729466 1.27535783924487934e-46
10.0066391061273752 9.60813601343416921e-48
10.2349958517926467 6.83452607459687906e-49
10.4685632822361967 4.5819198764464989e-50
10.7074602957887048 0
10.951808503824072 0
11.2017322926661311 0
11.4573588869079401 0
11.7188184141759155 0
11.9862439713717688 0
12.259771692425943 0
12.5395408175970946 0
12.8256937643528488 0
13.1183761998678268 0
13.4177371151761839 0
13.7239289010159311 0
14.0371074254040025 0
14.3574321129814244 0
14.6850660261689931 0
15.0201759481747867 0
15.3629324678957406 0
15.7135100667565428 0
16.0720872075300143 0
16.438846425184245 0
16.813974419802566 0
17.1976621516240442 0
17.5901049382523844 0
17.9915025540830413 0
18.4020593319991121 0
18.821984267387716 0
19.2514911245298208 0
19.6907985454177314 0
20.1401301610555556 0
20.5997147052993768 0
21.0697861312950607 0
21.5505837305727965 0
22.0423522548595194 0
22.5453420406704979 0
23.0598091367440645 0
23.5860154343841302 0
24.1242288007769119 0
24.6747232153496299 0
25.237778909240749 0
25.8136825079526062 0
26.4027271772591661 0
27.0052127724431372 0
27.6214459909381738 0
28.2517405284545831 0
28.8964172386670555 0
29.5558042965464161 0
30.2302373654182546 0
30.9200597678335392 0
31.6256226603381805 0
32.3472852122305099 0
33.0854147883977063 0
33.8403871363241819 0
34.6125865773672459 0
35.4024062023969961 0
36.2102480719010273 0
37.0365234206544542 0
37.881652867060545 0
38.7460666272679788 0
39.6302047341739367 0
40.5345172614243907 0
41.4594645525256809 0
42.4055174551840679 0
43.3731575609923752 0
44.3628774505859056 0
45.3751809443924756 0
46.4105833591036685 0
47.4696117699990765 0
48.5528052792555727 0
49.6607152903792297 0
50.7939057888992451 0
51.9529536294667977 0
53.138448829504938 0
54.3509948695590523 0
55.5912090005008181 0
56.8597225577418826 0
58.1571812826175929 0
59.4842456511034143 0
60.8415912100332505 0
62.2299089209885281 0
63.6499055120347563 0
65.1023038374839587 0
66.5878432458662246 0
68.1072799562977025 0
69.6613874434366522 0
71.2509568312234052 0
72.8767972956049732 0
74.5397364764488373 0
76.2406208988556529 0
77.9803164040865227 0
79.7597085903221057 0
