0.00000000000000000 2.00000000000000000 0.00000000000000000 0.00000000000000000
0.00002347738310443 1.99999999883270574 0.00004803865150063 0.00000000107496140
0.00004749047730607 1.99999999522367178 0.00009717345729084 0.00000000439851993
0.00007205150655588 1.99999998900570852 0.00014742942940117 0.00000001012464083
0.00009717297373309 1.99999998000266466 0.00019883215056702 0.00000001841554085
0.00012286766700988 1.99999996802899083 0.00025140778724897 0.00000002944209518
0.00014914866636119 1.99999995288926602 0.00030518310295009 0.00000004338426390
0.00017602935022314 1.99999993437772394 0.00036018547183686 0.00000006043153856
0.00020352340230341 1.99999991227773788 0.00041644289267074 0.00000008078341012
0.00023164481854694 1.99999988636129089 0.00047398400305745 0.00000010464985908
0.00026040791426061 1.99999985638841760 0.00053283809402116 0.00000013225186882
0.00028982733140055 1.99999982210662219 0.00059303512491093 0.00000016382196347
0.00031991804602561 1.99999978325026184 0.00065460573864713 0.00000019960477107
0.00035069537592104 1.99999973953991406 0.00071758127731542 0.00000023985761364
0.00038217498839601 1.99999969068169792 0.00078199379811624 0.00000028485112498
0.00041437290825916 1.99999963636657396 0.00084787608967798 0.00000033486989794
0.00044730552597602 1.99999957626961100 0.00091526168874199 0.00000039021316211
0.00048098960601271 1.99999951004920917 0.00098418489722795 0.00000045119549367
0.00051544229536990 1.99999943734630126 0.00105468079968827 0.00000051814755877
0.00055068113231157 1.99999935778349913 0.00112678528116029 0.00000059141689200
0.00058672405529292 1.99999927096421448 0.00120053504542547 0.00000067136871157
0.00062358941209201 1.99999917647172420 0.00127596763368459 0.00000075838677305
0.00066129596914975 1.99999907386820919 0.00135312144365869 0.00000085287426327
0.00069986292112305 1.99999896269373378 0.00143203574912520 0.00000095525473638
0.00073930990065588 1.99999884246517845 0.00151275071989930 0.00000106597309408
0.00077965698837339 1.99999871267512552 0.00159530744227051 0.00000118549661187
0.00082092472310400 1.99999857279070081 0.00167974793990496 0.00000131431601372
0.00086313411233476 1.99999842225233904 0.00176611519522381 0.00000145294659721
0.00090630664290529 1.99999826047251394 0.00185445317126871 0.00000160192941169
0.00095046429194573 1.99999808683439584 0.00194480683406531 0.00000176183249164
0.00099562953806428 1.99999790069044536 0.00203722217549613 0.00000193325214816
0.00104182537279002 1.99999770136095423 0.00213174623669435 0.00000211681432101
0.00108907531227682 1.99999748813249778 0.00222842713197037 0.00000231317599413
0.00113740340927431 1.99999726025633273 0.00232731407328311 0.00000252302667760
0.00118683426537207 1.99999701694671161 0.00242845739526852 0.00000274708995910
0.00123739304352309 1.99999675737911220 0.00253190858083787 0.00000298612512816
0.00128910548085309 1.99999648068839986 0.00263772028735872 0.00000324092887647
0.00134199790176211 1.99999618596689110 0.00274594637343174 0.00000351233707792
0.00139609723132501 1.99999587226232878 0.00285664192627697 0.00000380122665200
0.00145143100899782 1.99999553857576284 0.00296986328974317 0.00000410851751440
0.00150802740263672 1.99999518385933572 0.00308566809295442 0.00000443517461898
0.00156591522283709 1.99999480701396015 0.00320411527960843 0.00000478221009529
0.00162512393759954 1.99999440688688912 0.00332526513794120 0.00000515068548596
0.00168568368733079 1.99999398226917080 0.00344917933137304 0.00000554171408885
0.00174762530018669 1.99999353189298645 0.00357592092985151 0.00000595646340863
0.00181098030776544 1.99999305442886710 0.00370555444190679 0.00000639615772291
0.00187578096115884 1.99999254848277186 0.00383814584743578 0.00000686208076825
0.00194206024736984 1.99999201259303594 0.00397376263123101 0.00000735557855171
0.00200985190610466 1.99999144522717520 0.00411247381727160 0.00000787806229353
0.00207919044694816 1.99999084477854128 0.00425435000379295 0.00000843101150727
0.00215011116693100 1.99999020956281970 0.00439946339915304 0.00000901597722366
0.00222265016849779 1.99998953781436395 0.00454788785851300 0.00000963458536487
0.00229684437788510 1.99998882768236230 0.00469969892135047 0.00001028854027606
0.00237273156391896 1.99998807722682170 0.00485497384982417 0.00001097962842178
0.00245035035724114 1.99998728441436446 0.00501379166800906 0.00001170972225445
0.00252974026997429 1.99998644711383311 0.00517623320202135 0.00001248078426336
0.00261094171583566 1.99998556309168984 0.00534238112105345 0.00001329487121215
0.00269399603070992 1.99998463000719262 0.00551231997933917 0.00001415413857376
0.00277894549369124 1.99998364540735851 0.00568613625906989 0.00001506084517188
0.00286583334860573 1.99998260672168815 0.00586391841428308 0.00001601735803858
0.00295470382602476 1.99998151125664325 0.00604575691574470 0.00001702615749792
0.00304560216578075 1.99998035618986281 0.00623174429684767 0.00001808984248630
0.00313857463999666 1.99997913856412257 0.00642197520054916 0.00001921113612020
0.00323366857664094 1.99997785528099792 0.00661654642736956 0.00002039289152307
0.00333093238362006 1.99997650309425046 0.00681555698447682 0.00002163809792307
0.00343041557342068 1.99997507860288248 0.00701910813588028 0.00002294988703443
0.00353216878831418 1.99997357824389499 0.00722730345375842 0.00002433153973548
0.00363624382613628 1.99997199828468819 0.00744024887094567 0.00002578649305696
0.00374269366665492 1.99997033481511965 0.00765805273460386 0.00002731834749515
0.00385157249853979 1.99996858373918851 0.00788082586110440 0.00002893087466478
0.00396293574694726 1.99996674076633907 0.00810868159214784 0.00003062802530730
0.00407684010173478 1.99996480140235078 0.00834173585214795 0.00003241393767119
0.00419334354631903 1.99996276093981695 0.00858010720690806 0.00003429294628128
0.00431250538719256 1.99996061444816675 0.00882391692361797 0.00003626959111522
0.00443438628411405 1.99995835676324063 0.00907328903220013 0.00003834862720581
0.00455904828098729 1.99995598247636264 0.00932835038803468 0.00004053503468894
0.00468655483744490 1.99995348592292821 0.00958923073609308 0.00004283402931774
0.00481697086115265 1.99995086117043752 0.00985606277651113 0.00004525107346433
0.00495036274085100 1.99994810200599127 0.01012898223163223 0.00004779188763196
0.00508679838015042 1.99994520192320202 0.01040812791455291 0.00005046246250077
0.00522634723209806 1.99994215410849385 0.01069364179920260 0.00005326907153218
0.00536908033453304 1.99993895142676736 0.01098566909199087 0.00005621828415731
0.00551507034624848 1.99993558640640656 0.01128435830505542 0.00005931697957675
0.00566439158397877 1.99993205122358253 0.01158986133114506 0.00006257236119956
0.00581712006023074 1.99992833768583012 0.01190233352017237 0.00006599197175131
0.00597333352197809 1.99992443721487168 0.01222193375747137 0.00006958370908172
0.00613311149023878 1.99992034082863013 0.01254882454379615 0.00007335584270433
0.00629653530055548 1.99991603912242155 0.01288317207709710 0.00007731703110200
0.00646368814439972 1.99991152224926783 0.01322514633611171 0.00008147633983336
0.00663465511152080 1.99990677989930332 0.01357492116580800 0.00008584326047721
0.00680952323326103 1.99990180127821859 0.01393267436471875 0.00009042773045362
0.00698838152685935 1.99989657508471996 0.01429858777420561 0.00009524015376178
0.00717132104076586 1.99989108948692240 0.01467284736969261 0.00010029142267717
0.00735843490099037 1.99988533209767727 0.01505564335390941 0.00010559294045196
0.00754981835850853 1.99987928994873032 0.01544717025218489 0.00011115664506497
0.00774556883774964 1.99987294946370486 0.01584762700983240 0.00011699503406935
0.00794578598619095 1.99986629642982194 0.01625721709166879 0.00012312119058860
0.00815057172508356 1.99985931596831112 0.01667614858370929 0.00012954881051364
0.00836003030133574 1.99985199250345924 0.01710463429708152 0.00013629223095618
0.00857426834058026 1.99984430973022009 0.01754289187420207 0.00014336646001616
0.00879339490145250 1.99983625058033265 0.01799114389725931 0.00015078720792351
0.00901752153110714 1.99982779718686121 0.01844961799904736 0.00015857091961747
0.00924676232200168 1.99981893084710460 0.01891854697619553 0.00016673480882938
0.00948123396997554 1.99980963198378747 0.01939816890483899 0.00017529689373804
0.00972105583365455 1.99979988010444698 0.01988872725877602 0.00018427603426951
0.00996634999521086 1.99978965375896633 0.02039047103015795 0.00019369197111718
0.01021724132250930 1.99977893049511368 0.02090365485275782 0.00020356536656045
0.01047385753267182 1.99976768681204931 0.02142853912786487 0.00021391784716491
0.01073632925709234 1.99975589811167120 0.02196539015285078 0.00022477204844970
0.01100479010793513 1.99974353864772314 0.02251448025245515 0.00023615166161251
0.01127937674615054 1.99973058147253369 0.02307608791283689 0.00024808148240605
0.01156022895104278 1.99971699838131833 0.02365049791843834 0.00026058746226442
0.01184748969142502 1.99970275985388479 0.02423800149170947 0.00027369676178233
0.01214130519839822 1.99968783499366332 0.02483889643573825 0.00028743780665441
0.01244182503979057 1.99967219146391506 0.02545348727983423 0.00030184034618702
0.01274920219629551 1.99965579542099414 0.02608208542811121 0.00031693551449991
0.01306359313934714 1.99963861144452859 0.02672500931111492 0.00033275589454019
0.01338515791077250 1.99962060246438189 0.02738258454054068 0.00034933558503695
0.01371406020426148 1.99960172968424454 0.02805514406708587 0.00036671027053010
0.01405046744869568 1.99958195250169379 0.02874302834148063 0.00038491729461357
0.01439455089337861 1.99956122842457340 0.02944658547873963 0.00040399573653860
0.01474648569521082 1.99953951298351074 0.03016617142567686 0.00042398649133007
0.01510645100785415 1.99951675964040243 0.03090215013172337 0.00044493235357496
0.01547463007293047 1.99949291969268383 0.03165489372308704 0.00046687810504960
0.01585121031330155 1.99946794217317780 0.03242478268029193 0.00048987060635945
0.01623638342847728 1.99944177374533338 0.03321220601913208 0.00051395889277299
0.01663034549220105 1.99941435859363903 0.03401756147507329 0.00053919427443929
0.01703329705226174 1.99938563830898430 0.03484125569113397 0.00056563044118714
0.01744544323258324 1.99935555176874358 0.03568370440927261 0.00059332357211242
0.01786699383764364 1.99932403501133171 0.03654533266530818 0.00062233245016927
0.01829816345927684 1.99929102110500168 0.03742657498739463 0.00065271858199030
0.01873917158591129 1.99925644001058478 0.03832787559806857 0.00068454632317065
0.01919024271430143 1.99922021843792863 0.03924968861988437 0.00071788300926117
0.01965160646380849 1.99918227969572415 0.04019247828464698 0.00075279909272634
0.02012349769328904 1.99914254353443455 0.04115671914624779 0.00078936828613397
0.02060615662065081 1.99910092598199851 0.04214289629710392 0.00082766771185479
0.02109982894513634 1.99905733917197925 0.04315150558819526 0.00086777805856238
0.02160476597239717 1.99901169116383226 0.04418305385268725 0.00090978374483606
0.02212122474242183 1.99896388575490125 0.04523805913312153 0.00095377309018233
0.02264946816038292 1.99891382228379388 0.04631705091214722 0.00099983849380388
0.02318976513046999 1.99886139542473451 0.04742057034676032 0.00104807662145894
0.02374239069277615 1.99880649497247109 0.04854917050600686 0.00109858860076842
0.02430762616330817 1.99874900561733049 0.04970341661209817 0.00115148022534291
0.02488575927719144 1.99868880670995663 0.05088388628487550 0.00120686216811735
0.02547708433514257 1.99862577201526581 0.05209116978954960 0.00126485020429710
0.02608190235328413 1.99855976945513714 0.05332587028762954 0.00132556544433584
0.02670052121637808 1.99849066083932003 0.05458860409094109 0.00138913457738270
0.02733325583455557 1.99841830158403022 0.05588000091862189 0.00145569012565422
0.02798042830362298 1.99834254041767334 0.05720070415696318 0.00152537071020451
0.02864236806902609 1.99826321907311488 0.05855137112195438 0.00159832132858652
0.02931941209355530 1.99818017196589448 0.05993267332436553 0.00167469364491642
0.03001190502887783 1.99809322585774241 0.06134529673718599 0.00175464629287367
0.03072019939098390 1.99800219950474123 0.06278994206521532 0.00183834519218965
0.03144465573963612 1.99790690328943832 0.06426732501658007 0.00192596387919958
0.03218564286191384 1.99780713883619798 0.06577817657592715 0.00201768385205403
0.03294353795994549 1.99770269860902205 0.06732324327901656 0.00211369493120912
0.03371872684292464 1.99759336549107136 0.06890328748840960 0.00221419563583743
0.03451160412350755 1.99747891234506181 0.07051908766991821 0.00231939357682553
0.03532257341869220 1.99735910155368224 0.07217143866944802 0.00242950586704798
0.03615204755528083 1.99723368453913208 0.07386115198983377 0.00254475954963267
0.03700044878003107 1.99710240126087157 0.07558905606722795 0.00266539204495731
0.03786820897460196 1.99696497969059328 0.07735599654656225 0.00279165161714248
0.03875576987540499 1.99682113526341443 0.07916283655556036 0.00292379786083304
0.03966358329847156 1.99667057030424289 0.08101045697673211 0.00306210220908547
0.04059211136945144 1.99651297342820211 0.08289975671673015 0.00320684846320561
0.04154182675885962 1.99634801891398794 0.08483165297239732 0.00335833334540823
0.04251321292269084 1.99617536604896029 0.08680708149277484 0.00351686707519619
0.04350676434852451 1.99599465844472368 0.08882699683628009 0.00368277397038449
0.04452298680724557 1.99580552332191186 0.09089237262219824 0.00385639307372056
0.04556239761050876 1.99560757076283068 0.09300420177555897 0.00403807880607942
0.04662552587407801 1.99540039293055393 0.09516349676439695 0.00422820164723762
0.04771291278717478 1.99518356325302060 0.09737128982831197 0.00442714884525629
0.04882511188797229 1.99495663557062008 0.09962863319715816 0.00463532515552759
0.04996268934537607 1.99471914324568145 0.10193659929860041 0.00485315361056332
0.05112622424723432 1.99447059823223771 0.10429628095317499 0.00508107632162686
0.05231630889512456 1.99421049010436180 0.10670879155538816 0.00531955531333066
0.05353354910586695 1.99393828504129678 0.10917526523926950 0.00556907339234111
0.05477856451991744 1.99365342476756258 0.11169685702667952 0.00583013505134985
0.05605198891679789 1.99335532544610761 0.11427474295653837 0.00610326740948552
0.05735447053772392 1.99304337652255459 0.11691012019300683 0.00638902119035177
0.05868667241559430 1.99271693951846629 0.11960420711049981 0.00668797173888625
0.06004927271251029 1.99237534677152084 0.12235824335325909 0.00700072007823996
0.06144296506499628 1.99201790012038460 0.12517348986703911 0.00732789400787685
0.06286845893709819 1.99164386953199912 0.12805122890028417 0.00767014924408923
0.06432647998153851 1.99125249166892693 0.13099276397197993 0.00802817060411398
0.06581777040911241 1.99084296839430674 0.13399941980316146 0.00840267323501807
0.06734308936651281 1.99041446521190091 0.13707254220883858 0.00879440388849823
0.06890321332277674 1.98996610963860854 0.14021349794687057 0.00920414224270710
0.07049893646454947 1.98949698950677378 0.14342367452007190 0.00963270227217733
0.07213107110036829 1.98900615119349178 0.14670447992757057 0.01008093366686336
0.07380044807417101 1.98849259777406173 0.15005734236115756 0.01054972330125783
0.07550791718823986 1.98795528709662905 0.15348370984206794 0.01103999675446339
0.07725434763579656 1.98739312977499649 0.15698504979332065 0.01155271988201111
0.07904062844346812 1.98680498709647502 0.16056284854240171 0.01208890044011047
0.08086766892384888 1.98618966884158654 0.16421861074872038 0.01264958976289227
0.08273639913838959 1.98554593101233401 0.16795385874988797 0.01323588449306323
0.08464777037084835 1.98487247346568818 0.17177013182046197 0.01384892836622592
0.08660275561154497 1.98416793744885478 0.17566898533637373 0.01448991404892951
0.08860235005266523 1.98343090303282210 0.17965198983779940 0.01516008503030207
0.09064757159486676 1.98265988644063063 0.18372072998275579 0.01586073756687084
0.09273946136544539 1.98185333726671775 0.18787680338319226 0.01659322267990206
0.09487908424832442 1.98100963558367793 0.19212181931480657 0.01735894820427967
0.09706752942613760 1.98012708893270251 0.19645739729124653 0.01815938088759389
0.09930591093468150 1.97920392919393140 0.20088516549275454 0.01899604853771772
0.10159536823001940 1.97823830933294298 0.20540675903867137 0.01987054221671167
0.10393706676852514 1.97722830001957117 0.21002381809254914 0.02078451847840702
0.10633219860016335 1.97617188611524575 0.21473798578791101 0.02173970164647371
0.10878198297530639 1.97506696302509566 0.21955090596194848 0.02273788612917210
0.11128766696539810 1.97391133291103360 0.22446422068366342 0.02378093876631615
0.11385052609778017 1.97270270076216137 0.22947956756213594 0.02487080120323135
0.11647186500500334 1.97143867031886377 0.23459857681973220 0.02600949228566534
0.11915301808895595 1.97011673984708890 0.23982286811415879 0.02719911046870221
0.12189535020014546 1.96873429775943820 0.24515404709231700 0.02844183623172637
0.12470025733248064 1.96728861807986055 0.25059370165791872 0.02973993449037892
0.12756916733390719 1.96577685574893879 0.25614339793378416 0.03109575699523548
0.13050354063325895 1.96419604176701723 0.26180467589866452 0.03251174470560108
0.13350487098369385 1.96254307817267559 0.26757904467730143 0.03399043012535585
0.13657468622309507 1.96081473285444208 0.27346797746127588 0.03553443958618509
0.13971454905182187 1.95900763419396284 0.27947290603698088 0.03714649546177549
0.14292605782820772 1.95711826553938373 0.28559521489581285 0.03882941829464731
0.14621084738221063 1.95514295950813577 0.29183623490038380 0.04058612881520585
0.14957058984762853 1.95307789211898086 0.29819723647924024 0.04241964983032114
0.15300699551330571 1.95091907675380627 0.30467942232122525 0.04433310795627358
0.15652181369376089 1.94866235795046072 0.31128391953923623 0.04632973516821211
0.16011683361968218 1.94630340502874866 0.31801177127174918 0.04841287013535691
0.16379388534874131 1.94383770555273294 0.32486392768905653 0.05058595930801766
0.16755484069719107 1.94126055863352698 0.33184123636976531 0.05285255771907542
0.17140161419271960 1.93856706807803958 0.33894443201169094 0.05521632945888320
0.17533616404904812 1.93575213539045654 0.34617412543989379 0.05768104777855141
0.17936049316276637 1.93281045263480311 0.35353079187325126 0.06025059477228870
0.18347665013291398 1.92973649516859691 0.36101475840964836 0.06292896058485224
0.18768673030382763 1.92652451425949600 0.36862619068862956 0.06572024208520449
0.19199287683178259 1.92316852959890117 0.37636507868919938 0.06862864094216080
0.19639728177597524 1.91966232172879825 0.38423122161942252 0.07165846103213939
0.20090218721439773 1.91599942440063131 0.39222421185356754 0.07481410510306244
0.20550988638517612 1.91217311688778802 0.40034341787181943 0.07810007061201460
0.21022272485395121 1.90817641627635792 0.40858796615706550 0.08152094464741978
0.21504310170789745 1.90400206976217579 0.41695672200299144 0.08508139783924858
0.21997347077698587 1.89964254698584534 0.42544826918775358 0.08878617715311941
0.22501634188311620 1.89509003244148122 0.43406088846788615 0.09264009745610870
0.23017428211774971 1.89033641799930940 0.44279253484786624 0.09664803173364270
0.23544991714869670 1.88537329558707012 0.45164081358204378 0.10081489982803454
0.24084593255672179 1.88019195008041429 0.46060295486744302 0.10514565556007006
0.24636507520264866 1.87478335245816630 0.46967578718837721 0.10964527208557215
0.25201015462565846 1.86913815328452571 0.47885570927697924 0.11431872532913508
0.25778404447349706 1.86324667658697063 0.48813866065773359 0.11917097532727883
0.26368968396531456 1.85709891420589646 0.49752009074898584 0.12420694530318850
0.26973007938788579 1.85068452069986655 0.50699492650039213 0.12943149828510322
0.27590830562597141 1.84399280889880224 0.51655753855239939 0.13484941107037796
0.28222750772759764 1.83701274620656374 0.52620170591234450 0.14046534532742513
0.28869090250505608 1.82973295176415540 0.53592057915174685 0.14628381561831963
0.29530178017243219 1.82214169459529884 0.54570664214100051 0.15230915411599030
0.30206350602050086 1.81422689286735794 0.55555167235121938 0.15854547178189771
0.30897952212983931 1.80597611441259875 0.56544669976854589 0.16499661576314725
0.31605334912303124 1.79737657866756484 0.57538196448412016 0.17166612276245782
0.32328858795685067 1.78841516020193514 0.58534687304330046 0.17855716813063488
0.33068892175534376 1.77907839402262180 0.59532995366090691 0.18567251042965449
0.33825811768473490 1.76935248285410696 0.60531881043548219 0.19301443121557316
0.34600002887111658 1.75922330661198467 0.61530007672512177 0.20058466979486356
0.35391859636189693 1.74867643430353059 0.62525936788061331 0.20838435271600428
0.36201785113200291 1.73769713860661468 0.63518123356873801 0.21641391777097260
0.37030191613586422 1.72627041339658693 0.64504910995996212 0.22467303229948887
0.37877500840621653 1.71438099450959291 0.65484527210068555 0.23316050561331186
0.38744144120079754 1.70201338405022851 0.66455078684105862 0.24187419538961913
0.39630562619802595 1.68915187857129823 0.67414546674542741 0.25081090792257460
0.40537207574278256 1.67578060147350105 0.68360782547404164 0.25996629217182748
0.41464540514343384 1.66188353999311511 0.69291503519203068 0.26933472760718857
0.42413033502127345 1.64744458716575748 0.70204288663510250 0.27890920592156376
0.43383169371356972 1.63244758917393140 0.71096575254110017 0.28868120677086301
0.44375441973144814 1.61687639850493392 0.71965655524269845 0.29864056780175841
0.45390356427385864 1.60071493336341453 0.72808673930911194 0.30877534934752138
0.46428429379890479 1.58394724379901497 0.73622625022378441 0.31907169431055765
0.47490189265384952 1.56655758502343789 0.74404352019041264 0.32951368390956609
0.48576176576513030 1.54853049840257873 0.75150546227107606 0.34008319015131788
0.49686944138975531 1.52985090061699047 0.75857747417716981 0.35075972609383255
0.50823057392948345 1.51050418148738896 0.76522345315560181 0.36152029520097179
0.51985094680921740 1.49047631096003430 0.77140582353829545 0.37233924134987662
0.53173647542107505 1.46975395573861034 0.77708557865116712 0.38318810134371051
0.54389321013564340 1.44832460603344448 0.78222233890776982 0.39403546210398049
0.55632733938194001 1.42617671287425329 0.78677442804056730 0.40484682506996977
0.56904519279765442 1.40329983639743694 0.79069896954679364 0.41558448071769483
0.58205324445127316 1.37968480547166661 0.79395200554288026 0.42620739652663298
0.59535811613772793 1.35532388896420075 0.79648864032764255 0.43667112216764759
0.60896658074924170 1.33021097887293660 0.79826321104537823 0.44692771615729426
0.62288556572309628 1.30434178545343449 0.79922948791027359 0.45692569871775740
0.63712215656806748 1.27771404435361613 0.79934090649688283 0.46661003609197788
0.65168360047132856 1.25032773562879784 0.79855083461067111 0.47592216208199012
0.66657730998765741 1.22218531434352529 0.79681287621936059 0.48480004309439939
0.68181086681282121 1.19329195227124196 0.79408121484071581 0.49317829347677500
0.69739202564307023 1.16365578997510433 0.79031099863471943 0.50098834839560402
0.71332871812268961 1.13328819829019234 0.78545876922600866 0.50815870191965595
0.72962905688163293 1.10220404792550308 0.77948293597277030 0.51461521830718637
0.74630133966528422 1.07042198556065427 0.77234429698669227 0.52028152472167166
0.76335405355845698 1.03796471442383664 0.76400660767955519 0.52507949368392448
0.78079587930577032 1.00485927690172350 0.75443719694907641 0.52892982346819051
0.79863569573061832 0.97113733624624998 0.74360763030246446 0.53175272432021503
0.81688258425496330 0.93683545390581879 0.73149441823312911 0.53346871776448945
0.83554583352226663 0.90199535841843748 0.71807976699637444 0.53399955531862497
0.85463494412590679 0.86666420116173981 0.70335236755678954 0.53326926158248822
0.87415963344548697 0.83089479356125051 0.68730821688770072 0.53120530485160355
0.89412984059350598 0.79474581961661461 0.66995146397839500 0.52773989604868277
0.91455573147489622 0.75828201682134999 0.65129527083831751 0.52281141380335405
0.93544770396201438 0.72157431773258218 0.63136267647469702 0.51636594986955375
0.95681639318771494 0.68469994360433106 0.61018744926374235 0.50835896468939423
0.97867267695920379 0.64774244064578423 0.58781491034730660 0.49875703773882712
1.00102768129542063 0.61079164862360869 0.56430270769004764 0.48753969128748437
1.02389278609078427 0.57394359071863088 0.53972151726413686 0.47470125935978386
1.04727963090816401 0.53730027280199122 0.51415564454467566 0.46025276601621107
1.07120012090404226 0.50096937965006871 0.48770349617505937 0.44422376864485580
1.09566643288887766 0.46506385511474646 0.46047788839827519 0.42666411288063311
1.12069102152574862 0.42970135295691037 0.43260615577640660 0.40764553623773681
1.14628662567045114 0.39500354499639245 0.40423002099750338 0.38726304781646576
1.17246627485625443 0.36109527349955817 0.37550518439313207 0.36563600189233020
1.19924329592663104 0.32810353539418413 0.34660059039629659 0.34290877428861782
1.22663131981933571 0.29615628705729613 0.31769732783361215 0.31925094277402549
1.25464428850528154 0.26538106016076879 0.28898712198388760 0.29485686705110825
1.28329646208574832 0.23590338148472736 0.26067037910318924 0.26994456108774084
1.31260242605154120 0.20784499282896671 0.23295374900438695 0.24475375161233187
1.34257709870778474 0.18132187127929564 0.20604717870407455 0.21954302269382528
1.37323573876813887 0.15644205522972829 0.18016044054229893 0.19458595871439244
1.40459395312230262 0.13330328782738732 0.15549913196658532 0.17016621803371762
1.43666770478075279 0.11199049698664670 0.13226016174667862 0.14657149855445270
1.46947332100077799 0.09257313988266602 0.11062675908144928 0.12408639545105296
1.50302750159792198 0.07510244992035492 0.09076306809907568 0.10298420152579746
1.53734732744708502 0.05960863557610166 0.07280842070076125 0.08351776264140393
1.57245026917760478 0.04609809315967334 0.05687141539981698 0.06590957452019032
1.60835419606674357 0.03455070929804979 0.04302396830974348 0.05034139217420807
1.64507738513610047 0.02491734356001168 0.03129554390904586 0.03694371756856688
1.68263853045560552 0.01711759675958871 0.02166781636593047 0.02578563172335470
1.72105675265979285 0.01103798559618391 0.01407005520096576 0.01686553962316995
1.76035160868123275 0.00653065874308768 0.00837556942433433 0.01010349345983856
1.80054310170605580 0.00341280243246903 0.00439957882921677 0.00533584326054692
1.84165169135664741 0.00146689394824136 0.00189890593434525 0.00231302309052477
1.88369830410668571 0.00044196795753258 0.00057389248797598 0.00070130296238748
1.92670434393384626 0.00005606179825062 0.00007293513966866 0.00008930682495256
1.97069170321556753 -0.00000000000000005 -0.00000000000003287 0.00000000000000003
2.01568277387344352 0.00000000000000000 0.00000000000000000 0.00000000000000000
2.06170045877191477 0.00000000000000000 0.00000000000000000 0.00000000000000000
2.10876818337704375 0.00000000000000000 0.00000000000000000 0.00000000000000000
2.15690990768134405 0.00000000000000000 0.00000000000000000 0.00000000000000000
2.20615013840069052 0.00000000000000000 0.00000000000000000 0.00000000000000000
2.25651394144955519 0.00000000000000000 0.00000000000000000 0.00000000000000000
2.30802695470089736 0.00000000000000000 0.00000000000000000 0.00000000000000000
2.36071540103721578 0.00000000000000000 0.00000000000000000 0.00000000000000000
2.41460610169939383 0.00000000000000000 0.00000000000000000 0.00000000000000000
2.46972648994015920 0.00000000000000000 0.00000000000000000 0.00000000000000000
2.52610462498907040 0.00000000000000000 0.00000000000000000 0.00000000000000000
2.58376920633616836 0.00000000000000000 0.00000000000000000 0.00000000000000000
2.64274958834155793 0.00000000000000000 0.00000000000000000 0.00000000000000000
2.70307579517833929 0.00000000000000000 0.00000000000000000 0.00000000000000000
2.76477853611653268 0.00000000000000000 0.00000000000000000 0.00000000000000000
2.82788922115573316 0.00000000000000000 0.00000000000000000 0.00000000000000000
2.89243997701448663 0.00000000000000000 0.00000000000000000 0.00000000000000000
2.95846366348450696 0.00000000000000000 0.00000000000000000 0.00000000000000000
3.02599389015807407 0.00000000000000000 0.00000000000000000 0.00000000000000000
3.09506503353710505 0.00000000000000000 0.00000000000000000 0.00000000000000000
3.16571225453265237 0.00000000000000000 0.00000000000000000 0.00000000000000000
3.23797151636367708 0.00000000000000000 0.00000000000000000 0.00000000000000000
3.31187960286425920 0.00000000000000000 0.00000000000000000 0.00000000000000000
3.38747413720853530 0.00000000000000000 0.00000000000000000 0.00000000000000000
3.46479360106291345 0.00000000000000000 0.00000000000000000 0.00000000000000000
3.54387735417529859 0.00000000000000000 0.00000000000000000 0.00000000000000000
3.62476565441132070 0.00000000000000000 0.00000000000000000 0.00000000000000000
3.70749967824771787 0.00000000000000000 0.00000000000000000 0.00000000000000000
3.79212154173340688 0.00000000000000000 0.00000000000000000 0.00000000000000000
3.87867432192878114 0.00000000000000000 0.00000000000000000 0.00000000000000000
3.96720207883424969 0.00000000000000000 0.00000000000000000 0.00000000000000000
4.05774987781913588 0.00000000000000000 0.00000000000000000 0.00000000000000000
4.15036381256236098 0.00000000000000000 0.00000000000000000 0.00000000000000000
4.24509102851660192 0.00000000000000000 0.00000000000000000 0.00000000000000000
4.34197974690784605 0.00000000000000000 0.00000000000000000 0.00000000000000000
4.44107928928257856 0.00000000000000000 0.00000000000000000 0.00000000000000000
4.54244010261509334 0.00000000000000000 0.00000000000000000 0.00000000000000000
4.64611378498771010 0.00000000000000000 0.00000000000000000 0.00000000000000000
4.75215311185692979 0.00000000000000000 0.00000000000000000 0.00000000000000000
4.86061206291901815 0.00000000000000000 0.00000000000000000 0.00000000000000000
4.97154584958852741 0.00000000000000000 0.00000000000000000 0.00000000000000000
5.08501094310387547 0.00000000000000000 0.00000000000000000 0.00000000000000000
5.20106510327422278 0.00000000000000000 0.00000000000000000 0.00000000000000000
5.31976740788231872 0.00000000000000000 0.00000000000000000 0.00000000000000000
5.44117828275824778 0.00000000000000000 0.00000000000000000 0.00000000000000000
5.56535953253941695 0.00000000000000000 0.00000000000000000 0.00000000000000000
5.69237437213242803 0.00000000000000000 0.00000000000000000 0.00000000000000000
5.82228745889284749 0.00000000000000000 0.00000000000000000 0.00000000000000000
5.95516492553926291 0.00000000000000000 0.00000000000000000 0.00000000000000000
6.09107441381839276 0.00000000000000000 0.00000000000000000 0.00000000000000000
6.23008510893831069 0.00000000000000000 0.00000000000000000 0.00000000000000000
6.37226777478748918 0.00000000000000000 0.00000000000000000 0.00000000000000000
6.51769478995736318 0.00000000000000000 0.00000000000000000 0.00000000000000000
6.66644018458692322 0.00000000000000000 0.00000000000000000 0.00000000000000000
6.81857967804801657 0.00000000000000000 0.00000000000000000 0.00000000000000000
6.97419071749056663 0.00000000000000000 0.00000000000000000 0.00000000000000000
7.13335251726731823 0.00000000000000000 0.00000000000000000 0.00000000000000000
7.29614609925818325 0.00000000000000000 0.00000000000000000 0.00000000000000000
7.46265433411472312 0.00000000000000000 0.00000000000000000 0.00000000000000000
7.63296198344574073 0.00000000000000000 0.00000000000000000 0.00000000000000000
7.80715574296549430 0.00000000000000000 0.00000000000000000 0.00000000000000000
7.98532428662641092 0.00000000000000000 0.00000000000000000 0.00000000000000000
8.16755831175894897 0.00000000000000000 0.00000000000000000 0.00000000000000000
8.35395058524134981 0.00000000000000000 0.00000000000000000 0.00000000000000000
8.54459599072295717 0.00000000000000000 0.00000000000000000 0.00000000000000000
8.73959157692507560 0.00000000000000000 0.00000000000000000 0.00000000000000000
8.93903660704397041 0.00000000000000000 0.00000000000000000 0.00000000000000000
9.14303260928114625 0.00000000000000000 0.00000000000000000 0.00000000000000000
9.35168342852664125 0.00000000000000000 0.00000000000000000 0.00000000000000000
9.56509527922163549 0.00000000000000000 0.00000000000000000 0.00000000000000000
9.78337679942729466 0.00000000000000000 0.00000000000000000 0.00000000000000000
10.00663910612737517 0.00000000000000000 0.00000000000000000 0.00000000000000000
10.23499585179264670 0.00000000000000000 0.00000000000000000 0.00000000000000000
10.46856328223619670 0.00000000000000000 0.00000000000000000 0.00000000000000000
10.70746029578870484 0.00000000000000000 0.00000000000000000 0.00000000000000000
10.95180850382407201 0.00000000000000000 0.00000000000000000 0.00000000000000000
11.20173229266613113 0.00000000000000000 0.00000000000000000 0.00000000000000000
11.45735888690794013 0.00000000000000000 0.00000000000000000 0.00000000000000000
11.71881841417591552 0.00000000000000000 0.00000000000000000 0.00000000000000000
11.98624397137176878 0.00000000000000000 0.00000000000000000 0.00000000000000000
12.25977169242594300 0.00000000000000000 0.00000000000000000 0.00000000000000000
12.53954081759709460 0.00000000000000000 0.00000000000000000 0.00000000000000000
12.82569376435284880 0.00000000000000000 0.00000000000000000 0.00000000000000000
13.11837619986782677 0.00000000000000000 0.00000000000000000 0.00000000000000000
13.41773711517618395 0.00000000000000000 0.00000000000000000 0.00000000000000000
13.72392890101593110 0.00000000000000000 0.00000000000000000 0.00000000000000000
14.03710742540400247 0.00000000000000000 0.00000000000000000 0.00000000000000000
14.35743211298142441 0.00000000000000000 0.00000000000000000 0.00000000000000000
14.68506602616899315 0.00000000000000000 0.00000000000000000 0.00000000000000000
15.02017594817478674 0.00000000000000000 0.00000000000000000 0.00000000000000000
15.36293246789574063 0.00000000000000000 0.00000000000000000 0.00000000000000000
15.71351006675654283 0.00000000000000000 0.00000000000000000 0.00000000000000000
16.07208720753001430 0.00000000000000000 0.00000000000000000 0.00000000000000000
16.43884642518424499 0.00000000000000000 0.00000000000000000 0.00000000000000000
16.81397441980256602 0.00000000000000000 0.00000000000000000 0.00000000000000000
17.19766215162404421 0.00000000000000000 0.00000000000000000 0.00000000000000000
17.59010493825238441 0.00000000000000000 0.00000000000000000 0.00000000000000000
17.99150255408304133 0.00000000000000000 0.00000000000000000 0.00000000000000000
18.40205933199911215 0.00000000000000000 0.00000000000000000 0.00000000000000000
18.82198426738771602 0.00000000000000000 0.00000000000000000 0.00000000000000000
19.25149112452982081 0.00000000000000000 0.00000000000000000 0.00000000000000000
19.69079854541773145 0.00000000000000000 0.00000000000000000 0.00000000000000000
20.14013016105555565 0.00000000000000000 0.00000000000000000 0.00000000000000000
20.59971470529937676 0.00000000000000000 0.00000000000000000 0.00000000000000000
21.06978613129506073 0.00000000000000000 0.00000000000000000 0.00000000000000000
21.55058373057279653 0.00000000000000000 0.00000000000000000 0.00000000000000000
22.04235225485951943 0.00000000000000000 0.00000000000000000 0.00000000000000000
22.54534204067049785 0.00000000000000000 0.00000000000000000 0.00000000000000000
23.05980913674406452 0.00000000000000000 0.00000000000000000 0.00000000000000000
23.58601543438413017 0.00000000000000000 0.00000000000000000 0.00000000000000000
24.12422880077691190 0.00000000000000000 0.00000000000000000 0.00000000000000000
24.67472321534962987 0.00000000000000000 0.00000000000000000 0.00000000000000000
25.23777890924074896 0.00000000000000000 0.00000000000000000 0.00000000000000000
25.81368250795260622 0.00000000000000000 0.00000000000000000 0.00000000000000000
26.40272717725916607 0.00000000000000000 0.00000000000000000 0.00000000000000000
27.00521277244313723 0.00000000000000000 0.00000000000000000 0.00000000000000000
27.62144599093817376 0.00000000000000000 0.00000000000000000 0.00000000000000000
28.25174052845458306 0.00000000000000000 0.00000000000000000 0.00000000000000000
28.89641723866705547 0.00000000000000000 0.00000000000000000 0.00000000000000000
29.55580429654641605 0.00000000000000000 0.00000000000000000 0.00000000000000000
30.23023736541825457 0.00000000000000000 0.00000000000000000 0.00000000000000000
30.92005976783353915 0.00000000000000000 0.00000000000000000 0.00000000000000000
31.62562266033818048 0.00000000000000000 0.00000000000000000 0.00000000000000000
32.34728521223050990 0.00000000000000000 0.00000000000000000 0.00000000000000000
33.08541478839770633 0.00000000000000000 0.00000000000000000 0.00000000000000000
33.84038713632418194 0.00000000000000000 0.00000000000000000 0.00000000000000000
34.61258657736724587 0.00000000000000000 0.00000000000000000 0.00000000000000000
35.40240620239699609 0.00000000000000000 0.00000000000000000 0.00000000000000000
36.21024807190102734 0.00000000000000000 0.00000000000000000 0.00000000000000000
37.03652342065445424 0.00000000000000000 0.00000000000000000 0.00000000000000000
37.88165286706054502 0.00000000000000000 0.00000000000000000 0.00000000000000000
38.74606662726797879 0.00000000000000000 0.00000000000000000 0.00000000000000000
39.63020473417393674 0.00000000000000000 0.00000000000000000 0.00000000000000000
40.53451726142439071 0.00000000000000000 0.00000000000000000 0.00000000000000000
41.45946455252568086 0.00000000000000000 0.00000000000000000 0.00000000000000000
42.40551745518406790 0.00000000000000000 0.00000000000000000 0.00000000000000000
43.37315756099237518 0.00000000000000000 0.00000000000000000 0.00000000000000000
44.36287745058590559 0.00000000000000000 0.00000000000000000 0.00000000000000000
45.37518094439247562 0.00000000000000000 0.00000000000000000 0.00000000000000000
46.41058335910366850 0.00000000000000000 0.00000000000000000 0.00000000000000000
47.46961176999907650 0.00000000000000000 0.00000000000000000 0.00000000000000000
48.55280527925557266 0.00000000000000000 0.00000000000000000 0.00000000000000000
49.66071529037922971 0.00000000000000000 0.00000000000000000 0.00000000000000000
50.79390578889924512 0.00000000000000000 0.00000000000000000 0.00000000000000000
51.95295362946679774 0.00000000000000000 0.00000000000000000 0.00000000000000000
53.13844882950493798 0.00000000000000000 0.00000000000000000 0.00000000000000000
54.35099486955905235 0.00000000000000000 0.00000000000000000 0.00000000000000000
55.59120900050081815 0.00000000000000000 0.00000000000000000 0.00000000000000000
56.85972255774188255 0.00000000000000000 0.00000000000000000 0.00000000000000000
58.15718128261759290 0.00000000000000000 0.00000000000000000 0.00000000000000000
59.48424565110341433 0.00000000000000000 0.00000000000000000 0.00000000000000000
60.84159121003325055 0.00000000000000000 0.00000000000000000 0.00000000000000000
62.22990892098852811 0.00000000000000000 0.00000000000000000 0.00000000000000000
63.64990551203475633 0.00000000000000000 0.00000000000000000 0.00000000000000000
65.10230383748395866 0.00000000000000000 0.00000000000000000 0.00000000000000000
66.58784324586622461 0.00000000000000000 0.00000000000000000 0.00000000000000000
68.10727995629770248 0.00000000000000000 0.00000000000000000 0.00000000000000000
69.66138744343665223 0.00000000000000000 0.00000000000000000 0.00000000000000000
71.25095683122340517 0.00000000000000000 0.00000000000000000 0.00000000000000000
72.87679729560497321 0.00000000000000000 0.00000000000000000 0.00000000000000000
74.53973647644883727 0.00000000000000000 0.00000000000000000 0.00000000000000000
76.24062089885565285 0.00000000000000000 0.00000000000000000 0.00000000000000000
77.98031640408652265 0.00000000000000000 0.00000000000000000 0.00000000000000000
79.75970859032210569 0.00000000000000000 0.00000000000000000 0.00000000000000000
