0.00000000000000000 0.00000000000815442 -0.00000000000417853
0.00002347738310443 0.00003008311777481 -0.00001541701873327
0.00004749047730607 0.00006085267740448 -0.00003118582567081
0.00007205150655588 0.00009232434216446 -0.00004731444790385
0.00009717297373309 0.00012451413272889 -0.00006381109567876
0.00012286766700988 0.00015743843532507 -0.00008068416657561
0.00014914866636119 0.00019111401007385 -0.00009794224978196
0.00017602935022314 0.00022555799952035 -0.00011559413046414
0.00020352340230341 0.00026078793735920 -0.00013364879423820
0.00023164481854694 0.00029682175735885 -0.00015211543174280
0.00026040791426061 0.00033367780248940 -0.00017100344331639
0.00028982733140055 0.00037137483425862 -0.00019032244378098
0.00031991804602561 0.00040993204226097 -0.00021008226733504
0.00035069537592104 0.00044936905394433 -0.00023029297255790
0.00038217498839601 0.00048970594459950 -0.00025096484752826
0.00041437290825916 0.00053096324757761 -0.00027210841505939
0.00044730552597602 0.00057316196474041 -0.00029373443805362
0.00048098960601271 0.00061632357714898 -0.00031585392497897
0.00051544229536990 0.00066047005599619 -0.00033847813547049
0.00055068113231157 0.00070562387378841 -0.00036161858605938
0.00058672405529292 0.00075180801578226 -0.00038528705603258
0.00062358941209201 0.00079904599168209 -0.00040949559342597
0.00066129596914975 0.00084736184760427 -0.00043425652115408
0.00069986292112305 0.00089678017831415 -0.00045958244327951
0.00073930990065588 0.00094732613974216 -0.00048548625142516
0.00077965698837339 0.00099902546178521 -0.00051198113133259
0.00082092472310400 0.00105190446139990 -0.00053908056956973
0.00086313411233476 0.00110599005599429 -0.00056679836039143
0.00090630664290529 0.00116130977712491 -0.00059514861275627
0.00095046429194573 0.00121789178450606 -0.00062414575750311
0.00099562953806428 0.00127576488033833 -0.00065380455469117
0.00104182537279002 0.00133495852396382 -0.00068414010110719
0.00108907531227682 0.00139550284685532 -0.00071516783794350
0.00113740340927431 0.00145742866794715 -0.00074690355865095
0.00118683426537207 0.00152076750931527 -0.00077936341697052
0.00123739304352309 0.00158555161221488 -0.00081256393514779
0.00128910548085309 0.00165181395348325 -0.00084652201233435
0.00134199790176211 0.00171958826231648 -0.00088125493318033
0.00139609723132501 0.00178890903742836 -0.00091678037662251
0.00145143100899782 0.00185981156460016 -0.00095311642487225
0.00150802740263672 0.00193233193463023 -0.00099028157260794
0.00156591522283709 0.00200650706169243 -0.00102829473637644
0.00162512393759954 0.00208237470211267 -0.00106717526420832
0.00168568368733079 0.00215997347357311 -0.00110694294545166
0.00174762530018669 0.00223934287475363 -0.00114761802082943
0.00181098030776544 0.00232052330542051 -0.00118922119272536
0.00187578096115884 0.00240355608697255 -0.00123177363570356
0.00194206024736984 0.00248848348345484 -0.00127529700726714
0.00200985190610466 0.00257534872305085 -0.00131981345886105
0.00207919044694816 0.00266419602006369 -0.00136534564712495
0.00215011116693100 0.00275507059739759 -0.00141191674540133
0.00222265016849779 0.00284801870955090 -0.00145955045550498
0.00229684437788510 0.00294308766613218 -0.00150827101975939
0.00237273156391896 0.00304032585591125 -0.00155810323330626
0.00245035035724114 0.00313978277141720 -0.00160907245669406
0.00252974026997429 0.00324150903409581 -0.00166120462875211
0.00261094171583566 0.00334555642003896 -0.00171452627975627
0.00269399603070992 0.00345197788629890 -0.00176906454489307
0.00277894549369124 0.00356082759780065 -0.00182484717802862
0.00286583334860573 0.00367216095486593 -0.00188190256578939
0.00295470382602476 0.00378603462136245 -0.00194025974196155
0.00304560216578075 0.00390250655349261 -0.00199994840221613
0.00313857463999666 0.00402163602923599 -0.00206099891916711
0.00323366857664094 0.00414348367846033 -0.00212344235776993
0.00333093238362006 0.00426811151371606 -0.00218731049106786
0.00343041557342068 0.00439558296172963 -0.00225263581629398
0.00353216878831418 0.00452596289561137 -0.00231945157133658
0.00363624382613628 0.00465931766779397 -0.00238779175157607
0.00374269366665492 0.00479571514371775 -0.00245769112710143
0.00385157249853979 0.00493522473627960 -0.00252918526031472
0.00396293574694726 0.00507791744106257 -0.00260231052393198
0.00407684010173478 0.00522386587236360 -0.00267710411938930
0.00419334354631903 0.00537314430003706 -0.00275360409566288
0.00431250538719256 0.00552582868717251 -0.00283184936851212
0.00443438628411405 0.00568199672862496 -0.00291187974015488
0.00455904828098729 0.00584172789041685 -0.00299373591938433
0.00468655483744490 0.00600510345003088 -0.00307745954213693
0.00481697086115265 0.00617220653761356 -0.00316309319252127
0.00495036274085100 0.00634312217810971 -0.00325068042431773
0.00508679838015042 0.00651793733434824 -0.00334026578295893
0.00522634723209806 0.00669674095110047 -0.00343189482800143
0.00536908033453304 0.00687962400013233 -0.00352561415609901
0.00551507034624848 0.00706667952627227 -0.00362147142448829
0.00566439158397877 0.00725800269451715 -0.00371951537499743
0.00581712006023074 0.00745369083819908 -0.00381979585858905
0.00597333352197809 0.00765384350823612 -0.00392236386044855
0.00613311149023878 0.00785856252349074 -0.00402727152562914
0.00629653530055548 0.00806795202226008 -0.00413457218526541
0.00646368814439972 0.00828211851492261 -0.00424432038336697
0.00663465511152080 0.00850117093776631 -0.00435657190420429
0.00680952323326103 0.00872522070802385 -0.00447138380029882
0.00698838152685935 0.00895438178014094 -0.00458881442102977
0.00717132104076586 0.00918877070330426 -0.00470892344187004
0.00735843490099037 0.00942850668025605 -0.00483177189426393
0.00754981835850853 0.00967371162742288 -0.00495742219615963
0.00774556883774964 0.00992451023638663 -0.00508593818320937
0.00794578598619095 0.01018103003672618 -0.00521738514065052
0.00815057172508356 0.01044340146025876 -0.00535182983588093
0.00836003030133574 0.01071175790671071 -0.00548934055174205
0.00857426834058026 0.01098623581084735 -0.00562998712052344
0.00879339490145250 0.01126697471109284 -0.00577384095870244
0.00901752153110714 0.01155411731967080 -0.00592097510243300
0.00924676232200168 0.01184780959429734 -0.00607146424379748
0.00948123396997554 0.01214820081145852 -0.00622538476783579
0.00972105583365455 0.01245544364130477 -0.00638281479036587
0.00996634999521086 0.01276969422419528 -0.00654383419660993
0.01021724132250930 0.01309111224892577 -0.00670852468064073
0.01047385753267182 0.01341986103267379 -0.00687696978566237
0.01073632925709234 0.01375610760269578 -0.00704925494513986
0.01100479010793513 0.01410002277981086 -0.00722546752479208
0.01127937674615054 0.01445178126370667 -0.00740569686546235
0.01156022895104278 0.01481156172010298 -0.00759003432688116
0.01184748969142502 0.01517954686980922 -0.00777857333233514
0.01214130519839822 0.01555592357971240 -0.00797140941425665
0.01244182503979057 0.01594088295573243 -0.00816864026074789
0.01274920219629551 0.01633462043778196 -0.00837036576305357
0.01306359313934714 0.01673733589676839 -0.00857668806399570
0.01338515791077250 0.01714923373367569 -0.00878771160738397
0.01371406020426148 0.01757052298076436 -0.00900354318841495
0.01405046744869568 0.01800141740492767 -0.00922429200507284
0.01439455089337861 0.01844213561324244 -0.00945006971054414
0.01474648569521082 0.01889290116075349 -0.00968099046665838
0.01510645100785415 0.01935394266052976 -0.00991717099836619
0.01547463007293047 0.01982549389603109 -0.01015873064926568
0.01585121031330155 0.02030779393582449 -0.01040579143818740
0.01623638342847728 0.02080108725068783 -0.01065847811684727
0.01663034549220105 0.02130562383313999 -0.01091691822857635
0.01703329705226174 0.02182165931943500 -0.01118124216813509
0.01744544323258324 0.02234945511405806 -0.01145158324261890
0.01786699383764364 0.02288927851676108 -0.01172807773346094
0.01829816345927684 0.02344140285217398 -0.01201086495953627
0.01873917158591129 0.02400610760202821 -0.01230008734137082
0.01919024271430143 0.02458367854002790 -0.01259589046645675
0.01965160646380849 0.02517440786940280 -0.01289842315567424
0.02012349769328904 0.02577859436317690 -0.01320783753081812
0.02060615662065081 0.02639654350718455 -0.01352428908322571
0.02109982894513634 0.02702856764586543 -0.01384793674350016
0.02160476597239717 0.02767498613086745 -0.01417894295232132
0.02212122474242183 0.02833612547248549 -0.01451747373233372
0.02264946816038292 0.02901231949396166 -0.01486369876109839
0.02318976513046999 0.02970390948867089 -0.01521779144509254
0.02374239069277615 0.03041124438021305 -0.01557992899473771
0.02430762616330817 0.03113468088543014 -0.01595029250043370
0.02488575927719144 0.03187458368036474 -0.01632906700957175
0.02547708433514257 0.03263132556917173 -0.01671644160449642
0.02608190235328413 0.03340528765599284 -0.01711260948138130
0.02670052121637808 0.03419685951979885 -0.01751776802997878
0.02733325583455557 0.03500643939220067 -0.01793211891419910
0.02798042830362298 0.03583443433822528 -0.01835586815346844
0.02864236806902609 0.03668126044004816 -0.01878922620480966
0.02931941209355530 0.03754734298366757 -0.01923240804558273
0.03001190502887783 0.03843311664850067 -0.01968563325681573
0.03072019939098390 0.03933902569987449 -0.02014912610704860
0.03144465573963612 0.04026552418437755 -0.02062311563660459
0.03218564286191384 0.04121307612803090 -0.02110783574219578
0.03294353795994549 0.04218215573722809 -0.02160352526175891
0.03371872684292464 0.04317324760238475 -0.02211042805940843
0.03451160412350755 0.04418684690422917 -0.02262879311038257
0.03532257341869220 0.04522345962265356 -0.02315887458584659
0.03615204755528083 0.04628360274803495 -0.02370093193740480
0.03700044878003107 0.04736780449492208 -0.02425522998115993
0.03786820897460196 0.04847660451797057 -0.02482203898114313
0.03875576987540499 0.04961055412999495 -0.02540163473192341
0.03966358329847156 0.05077021652198978 -0.02599429864018795
0.04059211136945144 0.05195616698495539 -0.02660031780506707
0.04154182675885962 0.05316899313334558 -0.02721998509695853
0.04251321292269084 0.05440929512993483 -0.02785359923458528
0.04350676434852451 0.05567768591188144 -0.02850146485999873
0.04452298680724557 0.05697479141774024 -0.02916389261121562
0.04556239761050876 0.05830125081515380 -0.02984119919215190
0.04662552587407801 0.05965771672892533 -0.03053370743948944
0.04771291278717478 0.06104485546914696 -0.03124174638608181
0.04882511188797229 0.06246334725902811 -0.03196565132047576
0.04996268934537607 0.06391388646203411 -0.03270576384208948
0.05112622424723432 0.06539718180791206 -0.03346243191155469
0.05231630889512456 0.06691395661714192 -0.03423600989569102
0.05353354910586695 0.06846494902331017 -0.03502685860653926
0.05477856451991744 0.07005091219286083 -0.03583534533383684
0.05605198891679789 0.07167261454163186 -0.03666184387027340
0.05735447053772392 0.07333083994753396 -0.03750673452881064
0.05868667241559430 0.07502638795867660 -0.03837040415130084
0.06004927271251029 0.07676007399618874 -0.03925324610757960
0.06144296506499628 0.07853272955091756 -0.04015566028414486
0.06286845893709819 0.08034520237312781 -0.04107805306147333
0.06432647998153851 0.08219835665424924 -0.04202083727895232
0.06581777040911241 0.08409307319964447 -0.04298443218632864
0.06734308936651281 0.08603024959129445 -0.04396926338050296
0.06890321332277674 0.08801080033920450 -0.04497576272640511
0.07049893646454947 0.09003565702024563 -0.04600436826059822
0.07213107110036829 0.09210576840305146 -0.04705552407616739
0.07380044807417101 0.09422210055747422 -0.04812968018733350
0.07550791718823986 0.09638563694700175 -0.04922729237213341
0.07725434763579656 0.09859737850241508 -0.05034882199138847
0.07904062844346812 0.10085834367482716 -0.05149473578204654
0.08086766892384888 0.10316956846612284 -0.05266550562286738
0.08273639913838959 0.10553210643466358 -0.05386160827026597
0.08464777037084835 0.10794702867395783 -0.05508352506197306
0.08660275561154497 0.11041542376185363 -0.05633174158603290
0.08860235005266523 0.11293839767760580 -0.05760674731245576
0.09064757159486676 0.11551707368399555 -0.05890903518468120
0.09273946136544539 0.11815259217148971 -0.06023910116781946
0.09487908424832442 0.12084611046117309 -0.06159744375039555
0.09706752942613760 0.12359880256300980 -0.06298456339615133
0.09930591093468150 0.12641185888571166 -0.06440096194219490
0.10159536823001940 0.12928648589422848 -0.06584714193952965
0.10393706676852514 0.13222390571064457 -0.06732360593178875
0.10633219860016335 0.13522535565391289 -0.06883085566764593
0.10878198297530639 0.13829208771358620 -0.07036939124213262
0.11128766696539810 0.14142536795239261 -0.07193971016179013
0.11385052609778017 0.14462647583207114 -0.07354230632816801
0.11647186500500334 0.14789670345662803 -0.07517766893395958
0.11915301808895595 0.15123735472669314 -0.07684628126559574
0.12189535020014546 0.15464974439824036 -0.07854861940573160
0.12470025733248064 0.15813519703860324 -0.08028515082876911
0.12756916733390719 0.16169504587207134 -0.08205633288192224
0.13050354063325895 0.16533063150702437 -0.08386261114406046
0.13350487098369385 0.16904330053599395 -0.08570441765403319
0.13657468622309507 0.17283440399936800 -0.08758216899952684
0.13971454905182187 0.17670529570314097 -0.08949626425728262
0.14292605782820772 0.18065733038021775 -0.09144708277461906
0.14621084738221063 0.18469186168428406 -0.09343498178178790
0.14957058984762853 0.18881024000470212 -0.09546029382422019
0.15300699551330571 0.19301381008979485 -0.09752332400263974
0.15652181369376089 0.19730390846564791 -0.09962434700894052
0.16011683361968218 0.20168186063641991 -0.10176360394461775
0.16379388534874131 0.20614897805132634 -0.10394129890781524
0.16755484069719107 0.21070655482310049 -0.10615759533486363
0.17140161419271960 0.21535586418104957 -0.10841261208050038
0.17533616404904812 0.22009815464168567 -0.11070641922106737
0.17936049316276637 0.22493464587866058 -0.11303903356382887
0.18347665013291398 0.22986652427230320 -0.11541041384421710
0.18768673030382763 0.23489493811920512 -0.11782045559329957
0.19199287683178259 0.24002099247984515 -0.12026898565529850
0.19639728177597524 0.24524574364218615 -0.12275575633528861
0.20090218721439773 0.25057019317815576 -0.12528043915642756
0.20550988638517612 0.25599528156745666 -0.12784261820366458
0.21022272485395121 0.26152188136433280 -0.13044178303267151
0.21504310170789745 0.26715078987957230 -0.13307732111939025
0.21997347077698587 0.27288272134994251 -0.13574850982600145
0.22501634188311620 0.27871829856720870 -0.13845450785960434
0.23017428211774971 0.28465804393470012 -0.14119434619569821
0.23544991714869670 0.29070236992250598 -0.14396691844272297
0.24084593255672179 0.29685156888812120 -0.14677097061970878
0.24636507520264866 0.30310580222907268 -0.14960509031944844
0.25201015462565846 0.30946508883632756 -0.15246769523293732
0.25778404447349706 0.31592929281045556 -0.15535702100382204
0.26368968396531456 0.32249811040895199 -0.15827110838977679
0.26973007938788579 0.32917105618829595 -0.16120778970309893
0.27590830562597141 0.33594744830338208 -0.16416467450270486
0.28222750772759764 0.34282639293409339 -0.16713913451881052
0.28869090250505608 0.34980676779783876 -0.17012828778019795
0.29530178017243219 0.35688720471898228 -0.17312898192886000
0.30206350602050086 0.36406607122159196 -0.17613777670287803
0.30897952212983931 0.37134145110955702 -0.17915092556695902
0.31605334912303124 0.37871112401461110 -0.18216435649009741
0.32328858795685067 0.38617254387547156 -0.18517365185157039
0.33068892175534376 0.39372281633295930 -0.18817402748251974
0.33825811768473490 0.40135867502373301 -0.19116031084938190
0.34600002887111658 0.40907645674995324 -0.19412691838106930
0.35391859636189693 0.41687207553590666 -0.19706783198166278
0.36201785113200291 0.42474099555518469 -0.19997657474114414
0.37030191613586422 0.43267820294960796 -0.20284618590110481
0.37877500840621653 0.44067817656473829 -0.20566919513840476
0.38744144120079754 0.44873485761575177 -0.20843759621936622
0.39630562619802595 0.45684161836169035 -0.21114282015163222
0.40537207574278256 0.46499122982219271 -0.21377570791351025
0.41464540514343384 0.47317582863473207 -0.21632648291495710
0.42413033502127345 0.48138688316582179 -0.21878472336391333
0.43383169371356972 0.48961515896751828 -0.22113933468935887
0.44375441973144814 0.49785068378708386 -0.22337852230564045
0.45390356427385864 0.50608271226569423 -0.22548976492433809
0.46428429379890479 0.51429969056882141 -0.22745978874214676
0.47490189265384952 0.52248922122626318 -0.22927454287504570
0.48576176576513030 0.53063802841656771 -0.23091917636335543
0.49686944138975531 0.53873192413295423 -0.23237801730049615
0.50823057392948345 0.54675577554621013 -0.23363455450475795
0.51985094680921740 0.55469347405395086 -0.23467142234955995
0.53173647542107505 0.56252790656938956 -0.23547038943997500
0.54389321013564340 0.57024092951866379 -0.23601235173199894
0.55632733938194001 0.57781334635173209 -0.23627733106474463
0.56904519279765442 0.58522488915888349 -0.23624447984050059
0.58205324445127316 0.59245420525858172 -0.23589209289122379
0.59535811613772793 0.59947884971509280 -0.23519762767094152
0.60896658074924170 0.60627528458070723 -0.23413773373310182
0.62288556572309628 0.61281888618478220 -0.23268829302921656
0.63712215656806748 0.61908396140751776 -0.23082447213952953
0.65168360047132856 0.62504377428407865 -0.22852078798960462
0.66657730998765741 0.63067058437768964 -0.22575118869947411
0.68181086681282121 0.63593569804328065 -0.22248915085986840
0.69739202564307023 0.64080953446798794 -0.21870779534920504
0.71332871812268961 0.64526170767218238 -0.21438002302785747
0.72962905688163293 0.64926112620949361 -0.20947867223134367
0.74630133966528422 0.65277611229597376 -0.20397669994783335
0.76335405355845698 0.65577454149707481 -0.19784738789664225
0.78079587930577032 0.65822400507930245 -0.19106457573475433
0.79863569573061832 0.66009199586977563 -0.18360292222840241
0.81688258425496330 0.66134611911139596 -0.17543819586720658
0.83554583352226663 0.66195432945498522 -0.16654759596026067
0.85463494412590679 0.66188519415250346 -0.15691010406005651
0.87415963344548697 0.66110818351124245 -0.14650686650263156
0.89412984059350598 0.65959398754149534 -0.13532160653708147
0.91455573147489622 0.65731485827603287 -0.12334106496446288
0.93544770396201438 0.65424497617866662 -0.11055546694197942
0.95681639318771494 0.65036083737220396 -0.09695901075516147
0.97867267695920379 0.64564165899032844 -0.08255037468427939
1.00102768129542063 0.64006979691654964 -0.06733323485365325
1.02389278609078427 0.63363117036363714 -0.05131678685778657
1.04727963090816401 0.62631568579585517 -0.03451626169071249
1.07120012090404226 0.61811765084766934 -0.01695342452428538
1.09566643288887766 0.60903616865950005 0.00134295592028550
1.12069102152574862 0.59907550036242818 0.02033668228701871
1.14628662567045114 0.58824538353146061 0.03998376309960927
1.17246627485625443 0.57656129292189717 0.06023212388582686
1.19924329592663104 0.56404463016024342 0.08102141131278692
1.22663131981933571 0.55072282899838976 0.10228290760911597
1.25464428850528154 0.53662936506989034 0.12393956909403636
1.28329646208574832 0.52180366117023980 0.14590620109325897
1.31260242605154120 0.50629088306115033 0.16808977673351341
1.34257709870778474 0.49014162865031569 0.19038989775442650
1.37323573876813887 0.47341151708900497 0.21269939218088474
1.40459395312230262 0.45616069903901563 0.23490502529510249
1.43666770478075279 0.43845331536064369 0.25688829427236848
1.46947332100077799 0.42035694511268168 0.27852625991176116
1.50302750159792198 0.40194209716188167 0.29969235200939931
1.53734732744708502 0.38328180115735572 0.32025708278977200
1.57245026917760478 0.36445136641785758 0.34008858377050649
1.60835419606674357 0.34552836124454739 0.35905289807254492
1.64507738513610047 0.32659284948468287 0.37701397252065855
1.68263853045560552 0.30772787885263586 0.39383333656698399
1.72105675265979285 0.28902014048980135 0.40936953573064178
1.76035160868123275 0.27056062548474741 0.42347748654848449
1.80054310170605580 0.25244496081764717 0.43600808194449314
1.84165169135664741 0.23477295395222553 0.44680855238814898
1.88369830410668571 0.21764672438890306 0.45572427788329667
1.92670434393384626 0.20116671783052109 0.46260288238600150
1.97069170321556753 0.18542504144165903 0.46730137021607210
2.01568277387344352 0.17049612757315111 0.46969658599995495
2.06170045877191477 0.15642619683732362 0.46969792101572311
2.10876818337704375 0.14322604406281181 0.46725824182732029
2.15690990768134405 0.13087686787895328 0.46237280928016655
2.20615013840069052 0.11934987576154668 0.45505879361643620
2.25651394144955519 0.10861452511062500 0.44534470495931089
2.30802695470089736 0.09863907899145648 0.43327050317295462
2.36071540103721578 0.08939086664022178 0.41888820703091884
2.41460610169939383 0.08083653380919287 0.40226251898538962
2.46972648994015920 0.07294227931472594 0.38347148087251987
2.52610462498907040 0.06567408505682755 0.36260716672425919
2.58376920633616836 0.05899793600725931 0.33977642144450287
2.64274958834155793 0.05288002928641473 0.31510163920699075
2.70307579517833929 0.04728697288048438 0.28872155508629976
2.76477853611653268 0.04218596512140024 0.26079201644953154
2.82788922115573316 0.03754495764779406 0.23148667284484012
2.89243997701448663 0.03333279522486280 0.20099752704520271
2.95846366348450696 0.02951933252707956 0.16953528265616694
3.02599389015807407 0.02607553038481985 0.13732942331683076
3.09506503353710505 0.02297352826767672 0.10462797807289549
3.16571225453265237 0.02018670041770804 0.07169691420164596
3.23797151636367708 0.01768969382123929 0.03881912245770511
3.31187960286425920 0.01545845194175899 0.00629295283838097
3.38747413720853530 0.01347022740831848 -0.02556974262409086
3.46479360106291345 0.01170358198017403 -0.05644608082049885
3.54387735417529859 0.01013837940982348 -0.08600518095366010
3.62476565441132070 0.00875576882100391 -0.11391177053294640
3.70749967824771787 0.00753816134491260 -0.13983038724791952
3.79212154173340688 0.00646920127393080 -0.16343018911587359
3.87867432192878114 0.00553373031499264 -0.18439034392078646
3.96720207883424969 0.00471774869308478 -0.20240599762267530
4.05774987781913588 0.00400837106782539 -0.21719474805835026
4.15036381256236098 0.00339377953310073 -0.22850356570697775
4.24509102851660192 0.00286317428799189 -0.23611606807713253
4.34197974690784605 0.00240672136171877 -0.23986000155851159
4.44107928928257856 0.00201549996388164 -0.23961481271870586
4.54244010261509334 0.00168144810900928 -0.23531909701083484
4.64611378498771010 0.00139730829365392 -0.22697774026118370
4.75215311185692979 0.00115657341304094 -0.21466851485660574
4.86061206291901815 0.00095343272985832 -0.19854785150754287
4.97154584958852741 0.00078271941819879 -0.17885551937721877
5.08501094310387547 0.00063985880110475 -0.15591786265209157
5.20106510327422278 0.00052081844984043 -0.13014926217543038
5.31976740788231872 0.00042206008710824 -0.10205143511670313
5.44117828275824778 0.00034049328623159 -0.07221018465799410
5.56535953253941695 0.00027343175150319 -0.04128920460196266
5.69237437213242803 0.00021855165834877 -0.01002056990798207
5.82228745889284749 0.00017385271827172 0.02080841815463520
5.95516492553926291 0.00013762181436127 0.05037228539958294
6.09107441381839276 0.00010839921294262 0.07782843436380206
6.23008510893831069 0.00008494763382438 0.10234220135347746
6.37226777478748918 0.00006622382818846 0.12311558974018684
6.51769478995736318 0.00005135290101835 0.13941921551933409
6.66644018458692322 0.00003960514458946 0.15062659664934311
6.81857967804801657 0.00003037528903934 0.15624955969659285
6.97419071749056663 0.00002316413877508 0.15597329659740761
7.13335251726731823 0.00001756230888913 0.14968900281609621
7.29614609925818325 0.00001323603518598 0.13752195968470754
7.46265433411472312 0.00000991481501476 0.11985244806094451
7.63296198344574073 0.00000738073158930 0.09732681904898612
7.80715574296549430 0.00000545932298179 0.07085611075543878
7.98532428662641092 0.00000401178322866 0.04159967114218394
8.16755831175894897 0.00000292838978674 0.01093190155272242
8.35395058524134981 0.00000212297690014 -0.01960915917646865
8.54459599072295717 0.00000152833018952 -0.04839149328278718
8.73959157692507560 0.00000109238187411 -0.07377586297686589
8.93903660704397041 0.00000077507771038 -0.09421665282275912
9.14303260928114625 0.00000054582906295 -0.10837222574085539
9.35168342852664125 0.00000038144742029 -0.11521798126553481
9.56509527922163549 0.00000026448654666 -0.11415357397437249
9.78337679942729466 0.00000018192277324 -0.10509431536289184
10.00663910612737517 0.00000012410996592 -0.08853529617588540
10.23499585179264670 0.00000008396205124 -0.06557728853693950
10.46856328223619670 0.00000005631645743 -0.03790381874574423
10.70746029578870484 0.00000003744385175 -0.00770177466324498
10.95180850382407201 0.00000002467374353 0.02247825002638152
11.20173229266613113 0.00000001611062357 0.04991975495527775
11.45735888690794013 0.00000001042137719 0.07198700299495207
11.71881841417591552 0.00000000667703709 0.08640281293384758
11.98624397137176878 0.00000000423639301 0.09153141188516568
12.25977169242594300 0.00000000266115293 0.08663306975965959
12.53954081759709460 0.00000000165465634 0.07205165504109165
12.82569376435284880 0.00000000101815300 0.04929687002347614
13.11837619986782677 0.00000000061984810 0.02098672706527917
13.41773711517618395 0.00000000037326848 -0.00937060347259841
13.72392890101593110 0.00000000022228883 -0.03775758320672497
14.03710742540400247 0.00000000013087756 -0.06016598183228720
14.35743211298142441 0.00000000007616500 -0.07319934257152234
14.68506602616899315 0.00000000004380013 -0.07467508633142253
15.02017594817478674 0.00000000002488337 -0.06412091935597977
15.36293246789574063 0.00000000001396177 -0.04305203750901697
15.71351006675654283 0.00000000000773475 -0.01492874632934158
16.07208720753001430 0.00000000000422966 0.01526479777857217
16.43884642518424499 0.00000000000228239 0.04181594074416797
16.81397441980256602 0.00000000000121498 0.05936111482634027
17.19766215162404421 0.00000000000063784 0.06406494590365530
17.59010493825238441 0.00000000000033013 0.05464545745355711
17.99150255408304133 0.00000000000016840 0.03296381259390642
18.40205933199911215 0.00000000000008463 0.00393274450795961
18.82198426738771602 0.00000000000004189 -0.02537622997135450
19.25149112452982081 0.00000000000002042 -0.04735357720758355
19.69079854541773145 0.00000000000000979 -0.05588793775416016
20.14013016105555565 0.00000000000000462 -0.04829665030121356
20.59971470529937676 0.00000000000000215 -0.02652039773798326
21.06978613129506073 0.00000000000000098 0.00296280568644450
21.55058373057279653 0.00000000000000044 0.03075084222894195
22.04235225485951943 0.00000000000000019 0.04740860927046719
22.54534204067049785 0.00000000000000008 0.04683999781574063
23.05980913674406452 0.00000000000000004 0.02893803877023553
23.58601543438413017 0.00000000000000001 0.00029537761996012
24.12422880077691190 0.00000000000000001 -0.02773569082447554
24.67472321534962987 0.00000000000000000 -0.04334222723756438
25.23777890924074896 0.00000000000000000 -0.03944431143558368
25.81368250795260622 0.00000000000000000 -0.01749505472222129
26.40272717725916607 0.00000000000000000 0.01228623527857612
27.00521277244313723 0.00000000000000000 0.03511846961190539
27.62144599093817376 0.00000000000000000 0.03895087465963872
28.25174052845458306 0.00000000000000000 0.02138619079713496
28.89641723866705547 0.00000000000000000 -0.00790805629393211
29.55580429654641605 0.00000000000000000 -0.03169573862631647
30.23023736541825457 0.00000000000000000 -0.03513449527675627
30.92005976783353915 0.00000000000000000 -0.01569774591227303
31.62562266033818048 0.00000000000000000 0.01381332312583846
32.34728521223050990 0.00000000000000000 0.03274499745669319
33.08541478839770633 0.00000000000000000 0.02704116291406971
33.84038713632418194 0.00000000000000000 0.00075196648060449
34.61258657736724587 0.00000000000000000 -0.02537211055233028
35.40240620239699609 0.00000000000000000 -0.02956500212188838
36.21024807190102734 0.00000000000000000 -0.00793172602727244
37.03652342065445424 0.00000000000000000 0.02023247576976255
37.88165286706054502 0.00000000000000000 0.02843805544956949
38.74606662726797879 0.00000000000000000 0.00842828656401328
39.63020473417393674 0.00000000000000000 -0.01958180430010448
40.53451726142439071 0.00000000000000000 -0.02581759353027122
41.45946455252568086 0.00000000000000000 -0.00319461010630045
42.40551745518406790 0.00000000000000000 0.02237333672573303
43.37315756099237518 0.00000000000000000 0.02018993194471448
44.36287745058590559 0.00000000000000000 -0.00716444294084138
45.37518094439247562 0.00000000000000000 -0.02425205703273889
46.41058335910366850 0.00000000000000000 -0.00794785481929846
47.46961176999907650 0.00000000000000000 0.01893647789222670
48.55280527925557266 0.00000000000000000 0.01718368333018626
49.66071529037922971 0.00000000000000000 -0.01056085352811710
50.79390578889924512 0.00000000000000000 -0.02061029169701791
51.95295362946679774 0.00000000000000000 0.00341658465981973
53.13844882950493798 0.00000000000000000 0.02068335118979605
54.35099486955905235 0.00000000000000000 0.00086680915969498
55.59120900050081815 0.00000000000000000 -0.01969080580130983
56.85972255774188255 0.00000000000000000 -0.00216032412578885
58.15718128261759290 0.00000000000000000 0.01881077135242327
59.48424565110341433 0.00000000000000000 0.00072188549476750
60.84159121003325055 0.00000000000000000 -0.01801850049643106
62.22990892098852811 0.00000000000000000 0.00319843617192914
63.64990551203475633 0.00000000000000000 0.01617748658879830
65.10230383748395866 0.00000000000000000 -0.00893386911527396
66.58784324586622461 0.00000000000000000 -0.01135631935290581
68.10727995629770248 0.00000000000000000 0.01431152211886522
69.66138744343665223 0.00000000000000000 0.00216060160528330
71.25095683122340517 0.00000000000000000 -0.01488885109579159
72.87679729560497321 0.00000000000000000 0.00918075276984622
74.53973647644883727 0.00000000000000000 0.00626479187759172
76.24062089885565285 0.00000000000000000 -0.01422700118955067
77.98031640408652265 0.00000000000000000 0.00823225821354451
79.75970859032210569 0.00000000000000000 0.00440100121296002
