0.00000000000000000 0.00000000000014314 0.00000000000206440
0.00002347738310443 0.00000000037806903 0.00000000545261330
0.00004749047730607 0.00000000154698034 0.00000002231096698
0.00007205150655588 0.00000000356088425 0.00000005135603142
0.00009717297373309 0.00000000647683316 0.00000009341063176
0.00012286766700988 0.00000001035492472 0.00000014934151234
0.00014914866636119 0.00000001525845176 0.00000022006149939
0.00017602935022314 0.00000002125405938 0.00000030653176663
0.00020352340230341 0.00000002841190955 0.00000040976420869
0.00023164481854694 0.00000003680585345 0.00000053082392718
0.00026040791426061 0.00000004651361206 0.00000067083183494
0.00028982733140055 0.00000005761696529 0.00000083096738380
0.00031991804602561 0.00000007020195010 0.00000101247142175
0.00035069537592104 0.00000008435906797 0.00000121664918549
0.00038217498839601 0.00000010018350225 0.00000144487343473
0.00041437290825916 0.00000011777534576 0.00000169858773494
0.00044730552597602 0.00000013723983917 0.00000197930989524
0.00048098960601271 0.00000015868762067 0.00000228863556903
0.00051544229536990 0.00000018223498739 0.00000262824202465
0.00055068113231157 0.00000020800416922 0.00000299989209418
0.00058672405529292 0.00000023612361553 0.00000340543830861
0.00062358941209201 0.00000026672829542 0.00000384682722817
0.00066129596914975 0.00000029996001211 0.00000432610397681
0.00069986292112305 0.00000033596773223 0.00000484541699047
0.00073930990065588 0.00000037490793048 0.00000540702298892
0.00077965698837339 0.00000041694495065 0.00000601329218189
0.00082092472310400 0.00000046225138359 0.00000666671372012
0.00086313411233476 0.00000051100846294 0.00000736990140285
0.00090630664290529 0.00000056340647946 0.00000812559965380
0.00095046429194573 0.00000061964521492 0.00000893668977796
0.00099562953806428 0.00000067993439626 0.00000980619651236
0.00104182537279002 0.00000074449417116 0.00001073729488458
0.00108907531227682 0.00000081355560593 0.00001173331739314
0.00113740340927431 0.00000088736120672 0.00001279776152495
0.00118683426537207 0.00000096616546521 0.00001393429762531
0.00123739304352309 0.00000105023542992 0.00001514677713703
0.00128910548085309 0.00000113985130423 0.00001643924122573
0.00134199790176211 0.00000123530707248 0.00001781592980934
0.00139609723132501 0.00000133691115538 0.00001928129101050
0.00145143100899782 0.00000144498709609 0.00002083999105165
0.00150802740263672 0.00000155987427848 0.00002249692461329
0.00156591522283709 0.00000168192867889 0.00002425722567691
0.00162512393759954 0.00000181152365320 0.00002612627887527
0.00168568368733079 0.00000194905076057 0.00002810973137337
0.00174762530018669 0.00000209492062579 0.00003021350530490
0.00181098030776544 0.00000224956384189 0.00003244381079000
0.00187578096115884 0.00000241343191493 0.00003480715956119
0.00194206024736984 0.00000258699825293 0.00003731037922578
0.00200985190610466 0.00000277075920096 0.00003996062819432
0.00207919044694816 0.00000296523512458 0.00004276541130598
0.00215011116693100 0.00000317097154385 0.00004573259618313
0.00222265016849779 0.00000338854032020 0.00004887043034912
0.00229684437788510 0.00000361854089873 0.00005218755914451
0.00237273156391896 0.00000386160160843 0.00005569304447879
0.00245035035724114 0.00000411838102296 0.00005939638445646
0.00252974026997429 0.00000438956938497 0.00006330753391796
0.00261094171583566 0.00000467589009673 0.00006743692593773
0.00269399603070992 0.00000497810128019 0.00007179549432402
0.00277894549369124 0.00000529699740976 0.00007639469716664
0.00286583334860573 0.00000563341102112 0.00008124654148148
0.00295470382602476 0.00000598821449957 0.00008636360900227
0.00304560216578075 0.00000636232195166 0.00009175908317318
0.00313857463999666 0.00000675669116388 0.00009744677739743
0.00323366857664094 0.00000717232565255 0.00010344116460051
0.00333093238362006 0.00000761027680905 0.00010975740816861
0.00343041557342068 0.00000807164614479 0.00011641139432607
0.00353216878831418 0.00000855758764066 0.00012341976601844
0.00363624382613628 0.00000906931020566 0.00013079995837101
0.00374269366665492 0.00000960808024981 0.00013857023579541
0.00385157249853979 0.00001017522437670 0.00014674973082103
0.00396293574694726 0.00001077213220112 0.00015535848473062
0.00407684010173478 0.00001140025929761 0.00016441749008394
0.00419334354631903 0.00001206113028594 0.00017394873521665
0.00431250538719256 0.00001275634206000 0.00018397525080576
0.00443438628411405 0.00001348756716645 0.00019452115859750
0.00455904828098729 0.00001425655734046 0.00020561172239730
0.00468655483744490 0.00001506514720537 0.00021727340142682
0.00481697086115265 0.00001591525814420 0.00022953390615725
0.00495036274085100 0.00001680890235074 0.00024242225673357
0.00508679838015042 0.00001774818706871 0.00025596884410937
0.00522634723209806 0.00001873531902741 0.00027020549401771
0.00536908033453304 0.00001977260908328 0.00028516553390902
0.00551507034624848 0.00002086247707661 0.00030088386299311
0.00566439158397877 0.00002200745691351 0.00031739702552889
0.00581712006023074 0.00002321020188342 0.00033474328751169
0.00597333352197809 0.00002447349022321 0.00035296271691520
0.00613311149023878 0.00002580023093908 0.00037209726765229
0.00629653530055548 0.00002719346989830 0.00039219086742634
0.00646368814439972 0.00002865639620317 0.00041328950965283
0.00663465511152080 0.00003019234886030 0.00043544134963911
0.00680952323326103 0.00003180482375879 0.00045869680521882
0.00698838152685935 0.00003349748097158 0.00048310866204679
0.00717132104076586 0.00003527415239496 0.00050873218376925
0.00735843490099037 0.00003713884974168 0.00053562522729446
0.00754981835850853 0.00003909577290419 0.00056384836339911
0.00774556883774964 0.00004114931870490 0.00059346500291648
0.00794578598619095 0.00004330409005144 0.00062454152876386
0.00815057172508356 0.00004556490551549 0.00065714743407848
0.00836003030133574 0.00004793680935486 0.00069135546674364
0.00857426834058026 0.00005042508199905 0.00072724178059944
0.00879339490145250 0.00005303525101989 0.00076488609364632
0.00901752153110714 0.00005577310260940 0.00080437185356350
0.00924676232200168 0.00005864469358841 0.00084578641087941
0.00948123396997554 0.00006165636397028 0.00088922120014640
0.00972105583365455 0.00006481475010531 0.00093477192948847
0.00996634999521086 0.00006812679843266 0.00098253877890727
0.01021724132250930 0.00007159977986767 0.00103262660774968
0.01047385753267182 0.00007524130485376 0.00108514517175841
0.01073632925709234 0.00007905933910970 0.00114020935014646
0.01100479010793513 0.00008306222010405 0.00119793938315652
0.01127937674615054 0.00008725867429030 0.00125846112058732
0.01156022895104278 0.00009165783513763 0.00132190628179098
0.01184748969142502 0.00009626926199398 0.00138841272766853
0.01214130519839822 0.00010110295981956 0.00145812474521480
0.01244182503979057 0.00010616939983084 0.00153119334518882
0.01274920219629551 0.00011147954109680 0.00160777657351244
0.01306359313934714 0.00011704485313128 0.00168803983702700
0.01338515791077250 0.00012287733952697 0.00177215624426690
0.01371406020426148 0.00012898956267893 0.00186030696193848
0.01405046744869568 0.00013539466964768 0.00195268158782441
0.01439455089337861 0.00014210641921395 0.00204947854086589
0.01474648569521082 0.00014913921017978 0.00215090546920964
0.01510645100785415 0.00015650811097310 0.00225717967704194
0.01547463007293047 0.00016422889061543 0.00236852857106951
0.01585121031330155 0.00017231805111504 0.00248519012754593
0.01623638342847728 0.00018079286135096 0.00260741338078244
0.01663034549220105 0.00018967139251573 0.00273545893412494
0.01703329705226174 0.00019897255518838 0.00286959949442310
0.01744544323258324 0.00020871613811196 0.00301012043106385
0.01786699383764364 0.00021892284875351 0.00315732036068931
0.01829816345927684 0.00022961435572771 0.00331151175876977
0.01873917158591129 0.00024081333316922 0.00347302159925549
0.01919024271430143 0.00025254350714258 0.00364219202358538
0.01965160646380849 0.00026482970418232 0.00381938104038750
0.02012349769328904 0.00027769790206027 0.00400496325726622
0.02060615662065081 0.00029117528288137 0.00419933064613420
0.02109982894513634 0.00030529028861374 0.00440289334361099
0.02160476597239717 0.00032007267916353 0.00461608048807754
0.02212122474242183 0.00033555359310989 0.00483934109504718
0.02264946816038292 0.00035176561122082 0.00507314497258845
0.02318976513046999 0.00036874282287564 0.00531798367860913
0.02374239069277615 0.00038652089552550 0.00557437152189130
0.02430762616330817 0.00040513714732945 0.00584284660885303
0.02488575927719144 0.00042463062310921 0.00612397193809710
0.02547708433514257 0.00044504217377231 0.00641833654489542
0.02608190235328413 0.00046641453935979 0.00672655669785439
0.02670052121637808 0.00048879243588162 0.00704927715010682
0.02733325583455557 0.00051222264610984 0.00738717244747075
0.02798042830362298 0.00053675411450689 0.00774094829612447
0.02864236806902609 0.00056243804647472 0.00811134299246320
0.02931941209355530 0.00058932801211764 0.00849912891790837
0.03001190502887783 0.00061748005472047 0.00890511410155959
0.03072019939098390 0.00064695280415242 0.00933014385371313
0.03144465573963612 0.00067780759541609 0.00977510247339060
0.03218564286191384 0.00071010859256954 0.01024091503314943
0.03294353795994549 0.00074392291826035 0.01072854924459932
0.03371872684292464 0.00077932078912004 0.01123901740818660
0.03451160412350755 0.00081637565727697 0.01177337845094381
0.03532257341869220 0.00085516435825791 0.01233274005607475
0.03615204755528083 0.00089576726555951 0.01291826088840403
0.03700044878003107 0.00093826845218105 0.01353115291986055
0.03786820897460196 0.00098275585942368 0.01417268385936192
0.03875576987540499 0.00102932147327381 0.01484417969164604
0.03966358329847156 0.00107806150869900 0.01554702732974082
0.04059211136945144 0.00112907660220032 0.01628267738598950
0.04154182675885962 0.00118247201297915 0.01705264706674680
0.04251321292269084 0.00123835783308736 0.01785852319600870
0.04350676434852451 0.00129684920694791 0.01870196537350076
0.04452298680724557 0.00135806656064781 0.01958470927296025
0.04556239761050876 0.00142213584141680 0.02050857008649613
0.04662552587407801 0.00148918876772620 0.02147544612122020
0.04771291278717478 0.00155936309045745 0.02248732255454892
0.04882511188797229 0.00163280286560183 0.02354627535473209
0.04996268934537607 0.00170965873897779 0.02465447537352883
0.05112622424723432 0.00179008824346596 0.02581419261813135
0.05231630889512456 0.00187425610927518 0.02702780070961167
0.05353354910586695 0.00196233458778236 0.02829778153559672
0.05477856451991744 0.00205450378949868 0.02962673010498900
0.05605198891679789 0.00215095203673123 0.03101735961277824
0.05735447053772392 0.00225187623154289 0.03247250672347319
0.05868667241559430 0.00235748223961558 0.03399513708168253
0.06004927271251029 0.00246798529064662 0.03558835105871710
0.06144296506499628 0.00258361039594134 0.03725538974456094
0.06286845893709819 0.00270459278385960 0.03899964119443312
0.06432647998153851 0.00283117835381110 0.04082464693969366
0.06581777040911241 0.00296362414951894 0.04273410877318249
0.06734308936651281 0.00310219885226160 0.04473189581888499
0.06890321332277674 0.00324718329485593 0.04682205189658584
0.07049893646454947 0.00339887099714772 0.04900880319217159
0.07213107110036829 0.00355756872377277 0.05129656624414262
0.07380044807417101 0.00372359706501690 0.05368995625784243
0.07550791718823986 0.00389729104157227 0.05619379575837582
0.07725434763579656 0.00407900073401031 0.05881312359347867
0.07904062844346812 0.00426909193784840 0.06155320429841803
0.08086766892384888 0.00446794684502313 0.06441953783393183
0.08273639913838959 0.00467596475265042 0.06741786970919819
0.08464777037084835 0.00489356279996178 0.07055420150188062
0.08660275561154497 0.00512117673423624 0.07383480178614361
0.08860235005266523 0.00535926170665723 0.07726621748114718
0.09064757159486676 0.00560829309894256 0.08085528563118705
0.09273946136544539 0.00586876738157484 0.08460914562824094
0.09487908424832442 0.00614120300456574 0.08853525188922218
0.09706752942613760 0.00642614132150504 0.09264138699732813
0.09930591093468150 0.00672414754773606 0.09693567531816868
0.10159536823001940 0.00703581175349074 0.10142659710112270
0.10393706676852514 0.00736174989261308 0.10612300307310311
0.10633219860016335 0.00770260486769217 0.11103412953476209
0.10878198297530639 0.00805904763219736 0.11616961396551946
0.11128766696539810 0.00843177833012932 0.12153951114244861
0.11385052609778017 0.00882152747385943 0.12715430978037290
0.11647186500500334 0.00922905716038375 0.13302494969349654
0.11915301808895595 0.00965516232639957 0.13916283948154967
0.12189535020014546 0.01010067204246224 0.14557987474096212
0.12470025733248064 0.01056645084605434 0.15228845679483810
0.12756916733390719 0.01105340011374855 0.15930151194073988
0.13050354063325895 0.01156245947199854 0.16663251120511854
0.13350487098369385 0.01209460824604214 0.17429549059227478
0.13657468622309507 0.01265086694649783 0.18230507181704103
0.13971454905182187 0.01323229879228099 0.19067648349543481
0.14292605782820772 0.01384001126893527 0.19942558277456807
0.14621084738221063 0.01447515772075644 0.20856887737179716
0.14957058984762853 0.01513893897447753 0.21812354798347497
0.15300699551330571 0.01583260499278935 0.22810747103123538
0.15652181369376089 0.01655745655434277 0.23853924168836538
0.16011683361968218 0.01731484695726143 0.24943819713446969
0.16379388534874131 0.01810618374261555 0.26082443997744148
0.16755484069719107 0.01893293043273062 0.27271886175713683
0.17140161419271960 0.01979660828020484 0.28514316646030458
0.17533616404904812 0.02069879802116611 0.29811989393985300
0.17936049316276637 0.02164114162617685 0.31167244312933778
0.18347665013291398 0.02262534404208141 0.32582509494148637
0.18768673030382763 0.02365317491501742 0.34060303469179937
0.19199287683178259 0.02472647028632594 0.35603237391129350
0.19639728177597524 0.02584713425007197 0.37214017136543009
0.20090218721439773 0.02701714055962085 0.38895445307637944
0.20550988638517612 0.02823853417149791 0.40650423115744933
0.21022272485395121 0.02951343270953391 0.42481952118750299
0.21504310170789745 0.03084402783425166 0.44393135788293203
0.21997347077698587 0.03223258649887364 0.46387180876915313
0.22501634188311620 0.03368145207003299 0.48467398550235391
0.23017428211774971 0.03519304529347676 0.50637205252577611
0.23544991714869670 0.03676986507692272 0.52900123261907483
0.24084593255672179 0.03841448906439438 0.55259780893219657
0.24636507520264866 0.04012957397252550 0.57719912303566612
0.25201015462565846 0.04191785565280370 0.60284356841820386
0.25778404447349706 0.04378214884802402 0.62957057892841095
0.26368968396531456 0.04572534659937294 0.65742061147421982
0.26973007938788579 0.04775041926253881 0.68643512232379955
0.27590830562597141 0.04986041308770065 0.71665653629653980
0.28222750772759764 0.05205844830700164 0.74812820795919988
0.28869090250505608 0.05434771668041128 0.78089437405419904
0.29530178017243219 0.05673147843448235 0.81500009613426627
0.30206350602050086 0.05921305852980854 0.85049119239738702
0.30897952212983931 0.06179584219066770 0.88741415767985743
0.31605334912303124 0.06448326961267839 0.92581607029361879
0.32328858795685067 0.06727882977590480 0.96574448457223849
0.33068892175534376 0.07018605326924776 1.00724730765788406
0.33825811768473490 0.07320850403229574 1.05037265906700994
0.34600002887111658 0.07634976992120576 1.09516871157844120
0.35391859636189693 0.07961345197973239 1.14168351159750725
0.36201785113200291 0.08300315231439193 1.18996477742434315
0.37030191613586422 0.08652246044599556 1.24005967344496737
0.37877500840621653 0.09017493800972672 1.29201455826425682
0.38744144120079754 0.09396410168134511 1.34587470488350780
0.39630562619802595 0.09789340417404557 1.40168399052187365
0.40537207574278256 0.10196621317746667 1.45948455409522460
0.41464540514343384 0.10618578808039680 1.51931641891115565
0.42413033502127345 0.11055525432101361 1.58121707817830748
0.43383169371356972 0.11507757522229242 1.64522104114150070
0.44375441973144814 0.11975552113408380 1.71135933711120103
0.45390356427385864 0.12459163574327604 1.77965897526850436
0.46428429379890479 0.12958819938663957 1.85014235772786106
0.47490189265384952 0.13474718921292139 1.92282664353388366
0.48576176576513030 0.14007023606745367 1.99772306168094849
0.49686944138975531 0.14555857794765295 2.07483617088992744
0.50823057392948345 0.15121300993472289 2.15416306474864072
0.51985094680921740 0.15703383049840350 2.23569252072045455
0.53173647542107505 0.16302078410888587 2.31940409211953158
0.54389321013564340 0.16917300013400668 2.40526714282938325
0.55632733938194001 0.17548892802003749 2.49323982491017793
0.56904519279765442 0.18196626882858410 2.58326800037136906
0.58205324445127316 0.18860190324350432 2.67528410907744840
0.59535811613772793 0.19539181625173097 2.76920598617707903
0.60896658074924170 0.20233101876229068 2.86493563337235813
0.62288556572309628 0.20941346656072279 2.96235795050040673
0.63712215656806748 0.21663197707050547 3.06133943501508243
0.65168360047132856 0.22397814454135587 3.16172685933696318
0.66657730998765741 0.23144225446302130 3.26334593885170099
0.68181086681282121 0.23901319805758345 3.36600000415666090
0.69739202564307023 0.24667838806388076 3.46946869689949100
0.71332871812268961 0.25442367703087365 3.57350670852561736
0.72962905688163293 0.26223327967790994 3.67784258666889929
0.74630133966528422 0.27008970116373532 3.78217763837007048
0.76335405355845698 0.27797367306810977 3.88618495866401048
0.78079587930577032 0.28586409963241333 3.98950862482053470
0.79863569573061832 0.29373801652504949 4.09176309201755473
0.81688258425496330 0.30157056502178592 4.19253283609230021
0.83554583352226663 0.30933498478407373 4.29137229358894423
0.85463494412590679 0.31700262804676926 4.38780614343977238
0.87415963344548697 0.32454299926519226 4.48132999413165578
0.89412984059350598 0.33192382319136710 4.57141152315541710
0.91455573147489622 0.33911114525927682 4.65749212988354788
0.93544770396201438 0.34606946805160355 4.73898916130125691
0.95681639318771494 0.35276192638972931 4.81529875068902236
0.97867267695920379 0.35915050518806885 4.88579933449440951
1.00102768129542063 0.36519630135171477 4.94985586768178099
1.02389278609078427 0.37085983195550593 5.00682477295300377
1.04727963090816401 0.37610138950586214 5.05605963667266689
1.07120012090404226 0.38088144224227327 5.09691761977414259
1.09566643288887766 0.38516107881208750 5.12876657348406439
1.12069102152574862 0.38890249091421025 5.15099275978765547
1.14628662567045114 0.39206948820592785 5.16300908747171761
1.17246627485625443 0.39462803610842073 5.16426371716898114
1.19924329592663104 0.39654680288244937 5.15424882202200685
1.22663131981933571 0.39779770328824715 5.13250930500959068
1.25464428850528154 0.39835641885665291 5.09865115979729389
1.28329646208574832 0.39820287676332511 5.05234919219509138
1.31260242605154120 0.39732166609041913 4.99335376856909186
1.34257709870778474 0.39570236991481866 4.92149625164465299
1.37323573876813887 0.39333979646891815 4.83669285798790760
1.40459395312230262 0.39023409397514774 4.73894669211601371
1.43666770478075279 0.38639074505774151 4.62834788712931022
1.46947332100077799 0.38182044662650300 4.50507193670621398
1.50302750159792198 0.37653889866619705 4.36937657649879529
1.53734732744708502 0.37056654498857511 4.22159787725350899
1.57245026917760478 0.36392833369851013 4.06214659873394268
1.60835419606674357 0.35665358838661460 3.89150621545933628
1.64507738513610047 0.34877610250869945 3.71023436257842620
1.68263853045560552 0.34033458069519262 3.51896963085571279
1.72105675265979285 0.33137353747494930 3.31844543643057888
1.76035160868123275 0.32194472068904978 3.10951203007565047
1.80054310170605580 0.31210902135974311 2.89316607241087009
1.84165169135664741 0.30193865426225164 2.67058444825681462
1.88369830410668571 0.29151911002972991 2.44315458387548556
1.92670434393384626 0.28094998353571754 2.21248734944930980
1.97069170321556753 0.27034327597791202 1.98039069615006769
2.01568277387344352 0.25981722075147651 1.74877355006971591
2.06170045877191477 0.24948325507864641 1.51944261736884356
2.10876818337704375 0.23942385894786122 1.29375590658349182
2.15690990768134405 0.22966831947785432 1.07224282552325323
2.20615013840069052 0.22021576662299169 0.85496651298667270
2.25651394144955519 0.21106308224399117 0.64196328455198082
2.30802695470089736 0.20220661028949402 0.43327050317295462
2.36071540103721578 0.19364216714406901 0.22892794879237405
2.41460610169939383 0.18536504765701955 0.02897933167403923
2.46972648994015920 0.17737003249724478 -0.16652602671501338
2.52610462498907040 0.16965140545019783 -0.35753132219361594
2.58376920633616836 0.16220298573114489 -0.54397027351524896
2.64274958834155793 0.15501817890100894 -0.72576510369404923
2.70307579517833929 0.14809004724176084 -0.90282461266844516
2.76477853611653268 0.14141139414888371 -1.07504250310329486
2.82788922115573316 0.13497485783833349 -1.24229604230474266
2.89243997701448663 0.12877300549488491 -1.40444514884197047
2.95846366348450696 0.12279842117262832 -1.56133191756124701
3.02599389015807407 0.11704378315827689 -1.71278055171717414
3.09506503353710505 0.11150192629989542 -1.85859767847706059
3.16571225453265237 0.10616589067333110 -1.99857297040213511
3.23797151636367708 0.10102895605704727 -2.13248004546741488
3.31187960286425920 0.09608466473798073 -2.26007760371429445
3.38747413720853530 0.09132683542014930 -2.38111077683895678
3.46479360106291345 0.08674956893013450 -2.49531269570196246
3.54387735417529859 0.08234724926617616 -2.60240625799662650
3.62476565441132070 0.07811453980232831 -2.70210610946281715
3.70749967824771787 0.07404637625266852 -2.79412082738638867
3.79212154173340688 0.07013795711843272 -2.87815529319704755
3.87867432192878114 0.06638473076382864 -2.95391323575819165
3.96720207883424969 0.06278238058568042 -3.02109989857746397
4.05774987781913588 0.05932680689568155 -3.07942478730213987
4.15036381256236098 0.05601410624735393 -3.12860443167568469
4.24509102851660192 0.05284054833208125 -3.16836509677689948
4.34197974690784605 0.04980255003915731 -3.19844538507288911
4.44107928928257856 0.04689664837444178 -3.21859867717747905
4.54244010261509334 0.04411947196680928 -3.22859539327020917
4.64611378498771010 0.04146771292414198 -3.22822508211908055
4.75215311185692979 0.03893810009013007 -3.21729838473801610
4.86061206291901815 0.03652737441246702 -3.19564896249851849
4.97154584958852741 0.03423226833905180 -3.16313550066664328
5.08501094310387547 0.03204948918659593 -3.11964393817182595
5.20106510327422278 0.02997570769732363 -3.06509007166714031
5.31976740788231872 0.02800755182999551 -2.99942268707797721
5.44117828275824778 0.02614160538131803 -2.92262736066431605
5.56535953253941695 0.02437441175330885 -2.83473102836603763
5.69237437213242803 0.02270248145974103 -2.73580740621848983
5.82228745889284749 0.02112230325718088 -2.62598327653159691
5.95516492553926291 0.01963035779713210 -2.50544561554365464
6.09107441381839276 0.01822313270834620 -2.37444947941274975
6.23008510893831069 0.01689713884264736 -2.23332649634159885
6.37226777478748918 0.01564892611542256 -2.08249376965687638
6.51769478995736318 0.01447509888865267 -1.92246292173781708
6.66644018458692322 0.01337232994726232 -1.75384896774277177
6.81857967804801657 0.01233737247774210 -1.57737866262818627
6.97419071749056663 0.01136707016567397 -1.39389792152688075
7.13335251726731823 0.01045836449559840 -1.20437791738828537
7.29614609925818325 0.00960829981140952 -1.00991943423854291
7.46265433411472312 0.00881402579656949 -0.81175509012102887
7.63296198344574073 0.00807279756317545 -0.61124908149105162
7.80715574296549430 0.00738197397522075 -0.40989411328864339
7.98532428662641092 0.00673901402890611 -0.20930530548314924
8.16755831175894897 0.00614147228695276 -0.01121083733135551
8.35395058524134981 0.00558699344406842 0.18256077818837346
8.54459599072295717 0.00507330655844963 0.37009687137351882
8.73959157692507560 0.00459821955965287 0.54942035149982205
8.93903660704397041 0.00415961396169716 0.71851292713818382
9.14303260928114625 0.00375544048495372 0.87534192591716131
9.35168342852664125 0.00338371541136731 1.01789061257034685
9.56509527922163549 0.00304251787015918 1.14419198152135482
9.78337679942729466 0.00272998816479357 1.25236601429952654
10.00663910612737517 0.00244432677966413 1.34066011321143708
10.23499585179264670 0.00218379430878182 1.40749266636105652
10.46856328223619670 0.00194671186616916 1.45149924101208572
10.70746029578870484 0.00173146195582440 1.47158096167750441
10.95180850382407201 0.00153648969035762 1.46695441668376847
11.20173229266613113 0.00136030399461032 1.43720197927077753
11.45735888690794013 0.00120147893966517 1.38232152859121293
11.71881841417591552 0.00105865483422378 1.30277382651037255
11.98624397137176878 0.00093053912377786 1.19952578136616839
12.25977169242594300 0.00081590703102466 1.07408736414766315
12.53954081759709460 0.00071360174907821 0.92853950024434939
12.82569376435284880 0.00062253437350190 0.76555019288754678
13.11837619986782677 0.00054168335214044 0.58837558923813904
13.41773711517618395 0.00047009359514397 0.40084278279392588
13.72392890101593110 0.00040687523580229 0.20731094608510994
14.03710742540400247 0.00035120198799904 0.01260769494495523
14.35743211298142441 0.00030230928231461 -0.17806221644751793
14.68506602616899315 0.00025949206022586 -0.35923782884890237
15.02017594817478674 0.00022210238357593 -0.52535373140388009
15.36293246789574063 0.00018954686102683 -0.67092238845961349
15.71351006675654283 0.00016128389557037 -0.79074463147863727
16.07208720753001430 0.00013682088542295 -0.88014456374359873
16.43884642518424499 0.00011571130816905 -0.93522128830264561
16.81397441980256602 0.00009755181029108 -0.95310822676079332
17.19766215162404421 0.00008197929384894 -0.93222693948275948
17.59010493825238441 0.00006866801735982 -0.87251917280760816
17.99150255408304133 0.00005732678612874 -0.77563914747012275
18.40205933199911215 0.00004769618703361 -0.64508414166069017
18.82198426738771602 0.00003954594342561 -0.48624217200638814
19.25149112452982081 0.00003267237247552 -0.30633446505048406
19.69079854541773145 0.00002689595735709 -0.11423346071685331
20.14013016105555565 0.00002205906656152 0.07985823533200680
20.59971470529937676 0.00001802378976775 0.26487499213592014
21.06978613129506073 0.00001466992802950 0.42949770335728038
21.55058373057279653 0.00001189311780415 0.56288842711249742
22.04235225485951943 0.00000960309321626 0.65551593405714437
22.54534204067049785 0.00000772209386228 0.70002203337771951
23.05980913674406452 0.00000618339703785 0.69205727632676572
23.58601543438413017 0.00000492998798385 0.63100319513604219
24.12422880077691190 0.00000391334992834 0.52048339197498250
24.67472321534962987 0.00000309237239223 0.36856510481281035
25.23777890924074896 0.00000243237389848 0.18756164753558363
25.81368250795260622 0.00000190422457910 -0.00663339330023754
26.40272717725916607 0.00000148356993783 -0.19570713351942373
27.00521277244313723 0.00000115014193832 -0.36055783834218202
27.62144599093817376 0.00000088715316425 -0.48329723683333792
28.25174052845458306 0.00000068076727420 -0.54945303962988867
28.89641723866705547 0.00000051963608190 -0.55011871688926095
29.55580429654641605 0.00000039450003190 -0.48374505182883826
30.23023736541825457 0.00000029784280276 -0.35723026987856948
30.92005976783353915 0.00000022359560428 -0.18599157875135566
31.62562266033818048 0.00000016688533677 0.00721965753540874
32.34728521223050990 0.00000012382058422 0.19484601498546850
33.08541478839770633 0.00000009131184826 0.34826203113878845
33.84038713632418194 0.00000006692052781 0.44232942706087491
34.61258657736724587 0.00000004873334745 0.46010945765007943
35.40240620239699609 0.00000003525845985 0.39686513067589818
36.21024807190102734 0.00000002533985525 0.26238872601599217
37.03652342065445424 0.00000001808764604 0.08081023388165803
37.88165286706054502 0.00000001282118796 -0.11263899568269296
38.74606662726797879 0.00000000902342519 -0.27783023748733809
39.63020473417393674 0.00000000630433689 -0.37810624799751147
40.53451726142439071 0.00000000437177563 -0.38922051432295207
41.45946455252568086 0.00000000300851010 -0.30668828865365938
42.40551745518406790 0.00000000205420011 -0.14922195291271090
43.37315756099237518 0.00000000139140134 0.04354876189035217
44.36287745058590559 0.00000000093475973 0.21966155388380859
45.37518094439247562 0.00000000062273338 0.32847127913602908
46.41058335910366850 0.00000000041131525 0.33615346427200044
47.46961176999907650 0.00000000026929680 0.23833736621784574
48.55280527925557266 0.00000000017473611 0.06491727739966734
49.66071529037922971 0.00000000011234127 -0.12637881881085841
50.79390578889924512 0.00000000007154969 -0.26766958655282397
51.95295362946679774 0.00000000004513301 -0.30536561934983070
53.13844882950493798 0.00000000002819042 -0.22287592553614774
54.35099486955905235 0.00000000001743133 -0.05158206521116598
55.59120900050081815 0.00000000001066795 0.13728537051282921
56.85972255774188255 0.00000000000646023 0.26015421694374691
58.15718128261759290 0.00000000000387014 0.25887513211747099
59.48424565110341433 0.00000000000229303 0.13194005977491183
60.84159121003325055 0.00000000000134333 -0.05853253859258529
62.22990892098852811 0.00000000000077793 -0.21294847837744851
63.64990551203475633 0.00000000000044520 -0.24553002774491489
65.10230383748395866 0.00000000000025172 -0.13558273641309670
66.58784324586622461 0.00000000000014058 0.05300676457661042
68.10727995629770248 0.00000000000007752 0.20309312147285852
69.66138744343665223 0.00000000000004220 0.21583492304407376
71.25095683122340517 0.00000000000002267 0.08055258102642923
72.87679729560497321 0.00000000000001201 -0.10838627663125340
74.53973647644883727 0.00000000000000628 -0.21123213255178397
76.24062089885565285 0.00000000000000324 -0.14711848237551345
77.98031640408652265 0.00000000000000165 0.03420538642086397
79.75970859032210569 0.00000000000000083 0.18132184900502452
