0.00000000000000000 0.77120778967987624 -0.05710911356462667
0.00002347738310443 0.77120778954749825 -0.05710911350178181
0.00004749047730607 0.77120778913805532 -0.05710911330740497
0.00007205150655588 0.77120778843263060 -0.05710911297251536
0.00009717297373309 0.77120778741124019 -0.05710911248762578
0.00012286766700988 0.77120778605283313 -0.05710911184274266
0.00014914866636119 0.77120778433523940 -0.05710911102734115
0.00017602935022314 0.77120778223511477 -0.05710911003033885
0.00020352340230341 0.77120777972788279 -0.05710910884006865
0.00023164481854694 0.77120777678767549 -0.05710910744424991
0.00026040791426061 0.77120777338726876 -0.05710910582995848
0.00028982733140055 0.77120776949801695 -0.05710910398359530
0.00031991804602561 0.77120776508978328 -0.05710910189085336
0.00035069537592104 0.77120776013086689 -0.05710909953668324
0.00038217498839601 0.77120775458792745 -0.05710909690525702
0.00041437290825916 0.77120774842590478 -0.05710909397993035
0.00044730552597602 0.77120774160793470 -0.05710909074320287
0.00048098960601271 0.77120773409526389 -0.05710908717667666
0.00051544229536990 0.77120772584715569 -0.05710908326101276
0.00055068113231157 0.77120771682079559 -0.05710907897588566
0.00058672405529292 0.77120770697119079 -0.05710907429993561
0.00062358941209201 0.77120769625106445 -0.05710906921071874
0.00066129596914975 0.77120768461074574 -0.05710906368465465
0.00069986292112305 0.77120767199805540 -0.05710905769697180
0.00073930990065588 0.77120765835818283 -0.05710905122165010
0.00077965698837339 0.77120764363356253 -0.05710904423136091
0.00082092472310400 0.77120762776373974 -0.05710903669740417
0.00086313411233476 0.77120761068523147 -0.05710902858964263
0.00090630664290529 0.77120759233138336 -0.05710901987643291
0.00095046429194573 0.77120757263221562 -0.05710901052455333
0.00099562953806428 0.77120755151426545 -0.05710900049912845
0.00104182537279002 0.77120752890041933 -0.05710898976354995
0.00108907531227682 0.77120750470973942 -0.05710897827939381
0.00113740340927431 0.77120747885728069 -0.05710896600633367
0.00118683426537207 0.77120745125389989 -0.05710895290205007
0.00123739304352309 0.77120742180605484 -0.05710893892213542
0.00128910548085309 0.77120739041559550 -0.05710892401999462
0.00134199790176211 0.77120735697954512 -0.05710890814674090
0.00139609723132501 0.77120732138986936 -0.05710889125108671
0.00145143100899782 0.77120728353323664 -0.05710887327922987
0.00150802740263672 0.77120724329076762 -0.05710885417473394
0.00156591522283709 0.77120720053776959 -0.05710883387840323
0.00162512393759954 0.77120715514346261 -0.05710881232815196
0.00168568368733079 0.77120710697069006 -0.05710878945886724
0.00174762530018669 0.77120705587561633 -0.05710876520226562
0.00181098030776544 0.77120700170741263 -0.05710873948674310
0.00187578096115884 0.77120694430792247 -0.05710871223721789
0.00194206024736984 0.77120688351131883 -0.05710868337496594
0.00200985190610466 0.77120681914373890 -0.05710865281744893
0.00207919044694816 0.77120675102290615 -0.05710862047813394
0.00215011116693100 0.77120667895773243 -0.05710858626630494
0.00222265016849779 0.77120660274790198 -0.05710855008686541
0.00229684437788510 0.77120652218343655 -0.05710851184013162
0.00237273156391896 0.77120643704424019 -0.05710847142161656
0.00245035035724114 0.77120634709962166 -0.05710842872180348
0.00252974026997429 0.77120625210779614 -0.05710838362590909
0.00261094171583566 0.77120615181536289 -0.05710833601363560
0.00269399603070992 0.77120604595675835 -0.05710828575891130
0.00277894549369124 0.77120593425368500 -0.05710823272961892
0.00286583334860573 0.77120581641451114 -0.05710817678731155
0.00295470382602476 0.77120569213364565 -0.05710811778691508
0.00304560216578075 0.77120556109088223 -0.05710805557641693
0.00313857463999666 0.77120542295071215 -0.05710798999654032
0.00323366857664094 0.77120527736160716 -0.05710792088040331
0.00333093238362006 0.77120512395526664 -0.05710784805316189
0.00343041557342068 0.77120496234583313 -0.05710777133163674
0.00353216878831418 0.77120479212906579 -0.05710769052392228
0.00363624382613628 0.77120461288148268 -0.05710760542897782
0.00374269366665492 0.77120442415945645 -0.05710751583619952
0.00385157249853979 0.77120422549827217 -0.05710742152497254
0.00396293574694726 0.77120401641113956 -0.05710732226420238
0.00407684010173478 0.77120379638816028 -0.05710721781182435
0.00419334354631903 0.77120356489524622 -0.05710710791429029
0.00431250538719256 0.77120332137298786 -0.05710699230603152
0.00443438628411405 0.77120306523547166 -0.05710687070889673
0.00455904828098729 0.77120279586903884 -0.05710674283156378
0.00468655483744490 0.77120251263099082 -0.05710660836892420
0.00481697086115265 0.77120221484823082 -0.05710646700143918
0.00495036274085100 0.77120190181584625 -0.05710631839446552
0.00508679838015042 0.77120157279561985 -0.05710616219755039
0.00522634723209806 0.77120122701447802 -0.05710599804369330
0.00536908033453304 0.77120086366286333 -0.05710582554857390
0.00551507034624848 0.77120048189303003 -0.05710564430974372
0.00566439158397877 0.77120008081726588 -0.05710545390578084
0.00581712006023074 0.77119965950602620 -0.05710525389540484
0.00597333352197809 0.77119921698598404 -0.05710504381655099
0.00613311149023878 0.77119875223798984 -0.05710482318540154
0.00629653530055548 0.77119826419493420 -0.05710459149537182
0.00646368814439972 0.77119775173951521 -0.05710434821604959
0.00663465511152080 0.77119721370189964 -0.05710409279208511
0.00680952323326103 0.77119664885727535 -0.05710382464202959
0.00698838152685935 0.77119605592329254 -0.05710354315712012
0.00717132104076586 0.77119543355738407 -0.05710324770000808
0.00735843490099037 0.77119478035396305 -0.05710293760342851
0.00754981835850853 0.77119409484149015 -0.05710261216880812
0.00774556883774964 0.77119337547940459 -0.05710227066480840
0.00794578598619095 0.77119262065491256 -0.05710191232580165
0.00815057172508356 0.77119182867962910 -0.05710153635027609
0.00836003030133574 0.77119099778606126 -0.05710114189916718
0.00857426834058026 0.77119012612393023 -0.05710072809411168
0.00879339490145250 0.77118921175632293 -0.05710029401562083
0.00901752153110714 0.77118825265566493 -0.05709983870116883
0.00924676232200168 0.77118724669950700 -0.05709936114319301
0.00948123396997554 0.77118619166611668 -0.05709886028700104
0.00972105583365455 0.77118508522986506 -0.05709833502858171
0.00996634999521086 0.77118392495640087 -0.05709778421231387
0.01021724132250930 0.77118270829760049 -0.05709720662856971
0.01047385753267182 0.77118143258628435 -0.05709660101120675
0.01073632925709234 0.77118009503068830 -0.05709596603494403
0.01100479010793513 0.77117869270868011 -0.05709530031261662
0.01127937674615054 0.77117722256170684 -0.05709460239230330
0.01156022895104278 0.77117568138846315 -0.05709387075432102
0.01184748969142502 0.77117406583826509 -0.05709310380808062
0.01214130519839822 0.77117237240412040 -0.05709229988879674
0.01244182503979057 0.77117059741547311 -0.05709145725404577
0.01274920219629551 0.77116873703061783 -0.05709057408016430
0.01306359313934714 0.77116678722875820 -0.05708964845848118
0.01338515791077250 0.77116474380170130 -0.05708867839137520
0.01371406020426148 0.77116260234516587 -0.05708766178815033
0.01405046744869568 0.77116035824968965 -0.05708659646072033
0.01439455089337861 0.77115800669111445 -0.05708548011909358
0.01474648569521082 0.77115554262063202 -0.05708431036664938
0.01510645100785415 0.77115296075437023 -0.05708308469519544
0.01547463007293047 0.77115025556249528 -0.05708180047979724
0.01585121031330155 0.77114742125781244 -0.05708045497336790
0.01623638342847728 0.77114445178383695 -0.05707904530100828
0.01663034549220105 0.77114134080231500 -0.05707756845408512
0.01703329705226174 0.77113808168016684 -0.05707602128403559
0.01744544323258324 0.77113466747582604 -0.05707440049588538
0.01786699383764364 0.77113109092494669 -0.05707270264146718
0.01829816345927684 0.77112734442545050 -0.05707092411232580
0.01873917158591129 0.77112342002188083 -0.05706906113229519
0.01919024271430143 0.77111930938903461 -0.05706710974973256
0.01965160646380849 0.77111500381483766 -0.05706506582939367
0.02012349769328904 0.77111049418242561 -0.05706292504393244
0.02060615662065081 0.77110577095139954 -0.05706068286500812
0.02109982894513634 0.77110082413821279 -0.05705833455398125
0.02160476597239717 0.77109564329565106 -0.05705587515218009
0.02212122474242183 0.77109021749136464 -0.05705329947071706
0.02264946816038292 0.77108453528540755 -0.05705060207983507
0.02318976513046999 0.77107858470673918 -0.05704777729776146
0.02374239069277615 0.77107235322863610 -0.05704481917904735
0.02430762616330817 0.77106582774297283 -0.05704172150236835
0.02488575927719144 0.77105899453330851 -0.05703847775776173
0.02547708433514257 0.77105183924673149 -0.05703508113327457
0.02608190235328413 0.77104434686440304 -0.05703152450099497
0.02670052121637808 0.77103650167073789 -0.05702780040243864
0.02733325583455557 0.77102828722116035 -0.05702390103326051
0.02798042830362298 0.77101968630837114 -0.05701981822726077
0.02864236806902609 0.77101068092705294 -0.05701554343965250
0.02931941209355530 0.77100125223694671 -0.05701106772955684
0.03001190502887783 0.77099138052421889 -0.05700638174169050
0.03072019939098390 0.77098104516104482 -0.05700147568720782
0.03144465573963612 0.77097022456332254 -0.05699633932365900
0.03218564286191384 0.77095889614643265 -0.05699096193402330
0.03294353795994549 0.77094703627895389 -0.05698533230477506
0.03371872684292464 0.77093462023423742 -0.05697943870293766
0.03451160412350755 0.77092162213974524 -0.05697326885207894
0.03532257341869220 0.77090801492404482 -0.05696680990719944
0.03615204755528083 0.77089377026135486 -0.05696004842846245
0.03700044878003107 0.77087885851352755 -0.05695297035371247
0.03786820897460196 0.77086324866934930 -0.05694556096972647
0.03875576987540499 0.77084690828103541 -0.05693780488213963
0.03966358329847156 0.77082980339779039 -0.05692968598398466
0.04059211136945144 0.77081189849629539 -0.05692118742278066
0.04154182675885962 0.77079315640798562 -0.05691229156610538
0.04251321292269084 0.77077353824296224 -0.05690297996558052
0.04350676434852451 0.77075300331039176 -0.05689323331919778
0.04452298680724557 0.77073150903522258 -0.05688303143190902
0.04556239761050876 0.77070901087105403 -0.05687235317440093
0.04662552587407801 0.77068546220897549 -0.05686117643997082
0.04771291278717478 0.77066081428219557 -0.05684947809941671
0.04882511188797229 0.77063501606625673 -0.05683723395384978
0.04996268934537607 0.77060801417464464 -0.05682441868533492
0.05112622424723432 0.77057975274956558 -0.05681100580525895
0.05231630889512456 0.77055017334767739 -0.05679696760032286
0.05353354910586695 0.77051921482053920 -0.05678227507604876
0.05477856451991744 0.77048681318953183 -0.05676689789768816
0.05605198891679789 0.77045290151499646 -0.05675080432841222
0.05735447053772392 0.77041740975932549 -0.05673396116465974
0.05868667241559430 0.77038026464372211 -0.05671633366851279
0.06004927271251029 0.77034138949833530 -0.05669788549696417
0.06144296506499628 0.77030070410547091 -0.05667857862793445
0.06286845893709819 0.77025812453554932 -0.05665837328289029
0.06432647998153851 0.77021356297548016 -0.05663722784590872
0.06581777040911241 0.77016692754910121 -0.05661509877902529
0.06734308936651281 0.77011812212931385 -0.05659194053369661
0.06890321332277674 0.77006704614153254 -0.05656770545820011
0.07049893646454947 0.77001359435804573 -0.05654234370078604
0.07213107110036829 0.76995765668286487 -0.05651580310838845
0.07380044807417101 0.76989911792662846 -0.05648802912069299
0.07550791718823986 0.76983785757109158 -0.05645896465935070
0.07725434763579656 0.76977374952272715 -0.05642855001211728
0.07904062844346812 0.76970666185493086 -0.05639672271168773
0.08086766892384888 0.76963645653830304 -0.05636341740898559
0.08273639913838959 0.76956298915845622 -0.05632856574065642
0.08464777037084835 0.76948610862077216 -0.05629209619050233
0.08660275561154497 0.76940565684150053 -0.05625393394458473
0.08860235005266523 0.76932146842457527 -0.05621400073970897
0.09064757159486676 0.76923337032347672 -0.05617221470499251
0.09273946136544539 0.76914118148745925 -0.05612849019620589
0.09487908424832442 0.76904471249141215 -0.05608273762256056
0.09706752942613760 0.76894376514860419 -0.05603486326560556
0.09930591093468150 0.76883813210551211 -0.05598476908987866
0.10159536823001940 0.76872759641791466 -0.05593235254494277
0.10393706676852514 0.76861193110737669 -0.05587750635842417
0.10633219860016335 0.76849089869722487 -0.05582011831964947
0.10878198297530639 0.76836425072706149 -0.05576007105346413
0.11128766696539810 0.76823172724483102 -0.05569724178379711
0.11385052609778017 0.76809305627539837 -0.05563150208651513
0.11647186500500334 0.76794795326455667 -0.05556271763109589
0.11915301808895595 0.76779612049733392 -0.05549074791062577
0.12189535020014546 0.76763724648941056 -0.05541544595960803
0.12470025733248064 0.76747100535041046 -0.05533665805905010
0.12756916733390719 0.76729705611777399 -0.05525422342827024
0.13050354063325895 0.76711504205985293 -0.05516797390284772
0.13350487098369385 0.76692458994682289 -0.05507773359811610
0.13657468622309507 0.76672530928792859 -0.05498331855757000
0.13971454905182187 0.76651679153352192 -0.05488453638554264
0.14292605782820772 0.76629860924028148 -0.05478118586347457
0.14621084738221063 0.76607031519792834 -0.05467305654907478
0.14957058984762853 0.76583144151568572 -0.05455992835765351
0.15300699551330571 0.76558149866664105 -0.05444157112486452
0.15652181369376089 0.76531997448810618 -0.05431774415008743
0.16011683361968218 0.76504633313597359 -0.05418819571963872
0.16379388534874131 0.76476001399098936 -0.05405266260897251
0.16755484069719107 0.76446043051477663 -0.05391086956302164
0.17140161419271960 0.76414696905334600 -0.05376252875377240
0.17533616404904812 0.76381898758574318 -0.05360733921416658
0.17936049316276637 0.76347581441538714 -0.05344498624738515
0.18347665013291398 0.76311674680154518 -0.05327514081052619
0.18768673030382763 0.76274104952830923 -0.05309745887170186
0.19199287683178259 0.76234795340831152 -0.05291158073950588
0.19639728177597524 0.76193665371833752 -0.05271713036381200
0.20090218721439773 0.76150630856387902 -0.05251371460684381
0.20550988638517612 0.76105603716954962 -0.05230092248338913
0.21022272485395121 0.76058491809221829 -0.05207832436908993
0.21504310170789745 0.76009198735356875 -0.05184547117564953
0.21997347077698587 0.75957623648870765 -0.05160189349182067
0.22501634188311620 0.75903661050737115 -0.05134710068906410
0.23017428211774971 0.75847200576410956 -0.05108057999066350
0.23544991714869670 0.75788126773382769 -0.05080179550322032
0.24084593255672179 0.75726318868891007 -0.05051018720935480
0.24636507520264866 0.75661650527407731 -0.05020516992047962
0.25201015462565846 0.75593989597515177 -0.04988613218863572
0.25778404447349706 0.75523197847767931 -0.04955243517622499
0.26368968396531456 0.75449130691151978 -0.04920341148274581
0.26973007938788579 0.75371636897736816 -0.04883836392756136
0.27590830562597141 0.75290558295115251 -0.04845656428778919
0.28222750772759764 0.75205729456250325 -0.04805725199072133
0.28869090250505608 0.75116977374320359 -0.04763963275995180
0.29530178017243219 0.75024121124198917 -0.04720287721489264
0.30206350602050086 0.74926971510205609 -0.04674611942335790
0.30897952212983931 0.74825330699767134 -0.04626845540697817
0.31605334912303124 0.74718991842707760 -0.04576894159990316
0.32328858795685067 0.74607738675848900 -0.04524659326090506
0.33068892175534376 0.74491345112705309 -0.04470038283989879
0.33825811768473490 0.74369574818096795 -0.04412923830008075
0.34600002887111658 0.74242180767510224 -0.04353204139699749
0.35391859636189693 0.74108904791238250 -0.04290762591724671
0.36201785113200291 0.73969477103264913 -0.04225477587899639
0.37030191613586422 0.73823615815095467 -0.04157222369810496
0.37877500840621653 0.73671026434833664 -0.04085864832420529
0.38744144120079754 0.73511401351842542 -0.04011267335124842
0.39630562619802595 0.73344419307742936 -0.03933286510966889
0.40537207574278256 0.73169744854416408 -0.03851773074653497
0.41464540514343384 0.72987027800131066 -0.03766571630285345
0.42413033502127345 0.72795902645170374 -0.03677520479854127
0.43383169371356972 0.72595988008397550 -0.03584451433571088
0.44375441973144814 0.72386886047046306 -0.03487189623587525
0.45390356427385864 0.72168181871875170 -0.03385553322538097
0.46428429379890479 0.71939442960693945 -0.03279353768828139
0.47490189265384952 0.71700218573826813 -0.03168395000859349
0.48576176576513030 0.71450039175145974 -0.03052473702392301
0.49686944138975531 0.71188415863990762 -0.02931379062145897
0.50823057392948345 0.70914839822987785 -0.02804892650506590
0.51985094680921740 0.70628781788414285 -0.02672788317070742
0.53173647542107505 0.70329691550833717 -0.02534832113252193
0.54389321013564340 0.70016997493772271 -0.02390782244153246
0.55632733938194001 0.69690106181385014 -0.02240389055497375
0.56904519279765442 0.69348402005402765 -0.02083395060989145
0.58205324445127316 0.68991246904607550 -0.01919535016921944
0.59535811613772793 0.68617980172033055 -0.01748536051724319
0.60896658074924170 0.68227918364948403 -0.01570117857985551
0.62288556572309628 0.67820355338458371 -0.01383992957253521
0.63712215656806748 0.67394562422015614 -0.01189867047010150
0.65168360047132856 0.66949788763331886 -0.00987439441656094
0.66657730998765741 0.66485261867320189 -0.00776403620670286
0.68181086681282121 0.66000188356950085 -0.00556447896636224
0.69739202564307023 0.65493754992872721 -0.00327256220353925
0.71332871812268961 0.64965129984988224 -0.00088509138341201
0.72962905688163293 0.64413464637794249 0.00160115078111817
0.74630133966528422 0.63837895375630382 0.00418939111485782
0.76335405355845698 0.63237546191417993 0.00688285064644545
0.78079587930577032 0.62611531578522583 0.00968472689059752
0.79863569573061832 0.61958959996606444 0.01259817352407323
0.81688258425496330 0.61278937935648403 0.01562627717666813
0.83554583352226663 0.60570574646077935 0.01877203104667672
0.85463494412590679 0.59832987595838005 0.02203830508444290
0.87415963344548697 0.59065308738062527 0.02542781239449295
0.89412984059350598 0.58266691652857372 0.02894307159863669
0.91455573147489622 0.57436319644156086 0.03258636483398752
0.93544770396201438 0.56573414869966565 0.03635969108030632
0.95681639318771494 0.55677248566131021 0.04026471459372571
0.97867267695920379 0.54747152449392722 0.04430270813077764
1.00102768129542063 0.53782531341543294 0.04847449083836986
1.02389278609078427 0.52782877071931777 0.05278036063747777
1.04727963090816401 0.51747783691652016 0.05722002104605831
1.07120012090404226 0.50676963991008772 0.06179250256938881
1.09566643288887766 0.49570267323816536 0.06649607877341761
1.12069102152574862 0.48427698655166140 0.07132817752041339
1.14628662567045114 0.47249438744168054 0.07628528790835043
1.17246627485625443 0.46035865301144668 0.08136286378071765
1.19924329592663104 0.44787574877332315 0.08655522501848377
1.22663131981933571 0.43505405206959891 0.09185545805975341
1.25464428850528154 0.42190457581302171 0.09725531764808149
1.28329646208574832 0.40844118776781052 0.10274513212814675
1.31260242605154120 0.39468081921580389 0.10831371519346598
1.34257709870778474 0.38064365575268533 0.11394828743098127
1.37323573876813887 0.36635330174591813 0.11963441162715030
1.40459395312230262 0.35183690881683660 0.12535594616478518
1.43666770478075279 0.33712525767464524 0.13109502138462922
1.46947332100077799 0.32225278169973665 0.13683204410282360
1.50302750159792198 0.30725752096284442 0.14254573525421574
1.53734732744708502 0.29218099454872404 0.14821320607821292
1.57245026917760478 0.27706798209032169 0.15381007665223975
1.60835419606674357 0.26196620643535473 0.15931064025432326
1.64507738513610047 0.24692591438627073 0.16468807463898030
1.68263853045560552 0.23199935991526199 0.16991469792376651
1.72105675265979285 0.21724019970199568 0.17496226449596752
1.76035160868123275 0.20270282686617586 0.17980228898776365
1.80054310170605580 0.18844167710773210 0.18440638295207068
1.84165169135664741 0.17451055911083488 0.18874658095830668
1.88369830410668571 0.16096207498322571 0.19279562679063039
1.92670434393384626 0.14784720058726111 0.19652718887555709
1.97069170321556753 0.13521509834657441 0.19991597272380587
2.01568277387344352 0.12311319837959467 0.20293771461710797
2.06170045877191477 0.11158751490097896 0.20556907069416858
2.10876818337704375 0.10068301140405284 0.20778748244022602
2.15690990768134405 0.09044354946066364 0.20957122051621210
2.20615013840069052 0.08091048025907741 0.21090001451260193
2.25651394144955519 0.07211814047868356 0.21175702056430035
2.30802695470089736 0.06408323473109560 0.21213342964445206
2.36071540103721578 0.05678672707263163 0.21203632324810445
2.41460610169939383 0.05018228108129013 0.21148520497340365
2.46972648994015920 0.04422179196297948 0.21050111096884674
2.52610462498907040 0.03885841181891616 0.20910526451305875
2.58376920633616836 0.03404677271289611 0.20731893383988606
2.64274958834155793 0.02974317849430672 0.20516332221087152
2.70307579517833929 0.02590576865898038 0.20265949325867788
2.76477853611653268 0.02249464659741815 0.19982833438599493
2.82788922115573316 0.01947197956274862 0.19669054925316318
2.89243997701448663 0.01680206572586037 0.19326667270185041
2.95846366348450696 0.01445137159641982 0.18957709699743400
3.02599389015807407 0.01238854469813019 0.18564209870019313
3.09506503353710505 0.01058439942342913 0.18148186144838288
3.16571225453265237 0.00901188528111631 0.17711648743207292
3.23797151636367708 0.00764603621022855 0.17256599803341793
3.31187960286425920 0.00646390588856665 0.16785032294171701
3.38747413720853530 0.00544449281013363 0.16298927837988572
3.46479360106291345 0.00456865424666323 0.15800253809497278
3.54387735417529859 0.00381901529238714 0.15290959644864602
3.62476565441132070 0.00317987143245261 0.14772972697808323
3.70749967824771787 0.00263708802311410 0.14248193636020653
3.79212154173340688 0.00217799839752967 0.13718491388864879
3.87867432192878114 0.00179130010179345 0.13185697793414328
3.96720207883424969 0.00146695294662735 0.12651601720374234
4.05774987781913588 0.00119607766010142 0.12117942830261907
4.15036381256236098 0.00097085737453581 0.11586404841390681
4.24509102851660192 0.00078444258819881 0.11058608325669735
4.34197974690784605 0.00063085940476950 0.10536103205784109
4.44107928928257856 0.00050492293596271 0.10020360937677858
4.54244010261509334 0.00040215496276140 0.09512766739130493
4.64611378498771010 0.00031870701009277 0.09014612031856080
4.75215311185692979 0.00025128879135465 0.08527087423033818
4.86061206291901815 0.00019710179261710 0.08051276604098082
4.97154584958852741 0.00015377863955998 0.07588151357221794
5.08501094310387547 0.00011932751145720 0.07138568031549973
5.20106510327422278 0.00009208194996047 0.06703265580843085
5.31976740788231872 0.00007065569198098 0.06282865283140894
5.44117828275824778 0.00005390221198335 0.05877872157369136
5.56535953253941695 0.00004087896422944 0.05488677947684922
5.69237437213242803 0.00003081574338191 0.05115565571164896
5.82228745889284749 0.00002308708222610 0.04758714782205039
5.95516492553926291 0.00001718825825362 0.04418208834864644
6.09107441381839276 0.00001271457740764 0.04094041867870019
6.23008510893831069 0.00000934369490134 0.03786126768082279
6.37226777478748918 0.00000682054918847 0.03494303238827697
6.51769478995736318 0.00000494469467936 0.03218345866142210
6.66644018458692322 0.00000355969471877 0.02957971975590348
6.81857967804801657 0.00000254431227561 0.02712849093394168
6.97419071749056663 0.00000180527027318 0.02482601937782768
7.13335251726731823 0.00000127132176613 0.02266818780170071
7.29614609925818325 0.00000088845531425 0.02065057202425996
7.46265433411472312 0.00000061603614536 0.01876849202816199
7.63296198344574073 0.00000042372915277 0.01701705673395893
7.80715574296549430 0.00000028906933197 0.01539120366038138
7.98532428662641092 0.00000019555302085 0.01388573336589731
8.16755831175894897 0.00000013115708176 0.01249534055379140
8.35395058524134981 0.00000008719627413 0.01121464216873574
8.54459599072295717 0.00000005745061806 0.01003820349318377
8.73959157692507560 0.00000003750535180 0.00896056347016542
8.93903660704397041 0.00000002425502076 0.00797625894527621
9.14303260928114625 0.00000001553556588 0.00707984915568681
9.35168342852664125 0.00000000985314651 0.00626593986356990
9.56509527922163549 0.00000000618653828 0.00552920731848007
9.78337679942729466 0.00000000384457093 0.00486442213846486
10.00663910612737517 0.00000000236414394 0.00426647202644466
10.23499585179264670 0.00000000143821496 0.00373038384115404
10.46856328223619670 0.00000000086535272 0.00325134385521249
10.70746029578870484 0.00000000051484213 0.00282471616420213
10.95180850382407201 0.00000000030280231 0.00244605906219871
11.20173229266613113 0.00000000017600921 0.00211113854318193
11.45735888690794013 0.00000000010108578 0.00181593952466732
11.71881841417591552 0.00000000005734650 0.00155667399810134
11.98624397137176878 0.00000000003212667 0.00132978649485069
12.25977169242594300 0.00000000001776836 0.00113195694408569
12.53954081759709460 0.00000000000969895 0.00096010067642546
12.82569376435284880 0.00000000000522363 0.00081136633963362
13.11837619986782677 0.00000000000277499 0.00068313138470170
13.41773711517618395 0.00000000000145363 0.00057299575103491
13.72392890101593110 0.00000000000075062 0.00047877394581330
14.03710742540400247 0.00000000000038196 0.00039848559674752
14.35743211298142441 0.00000000000019147 0.00033034513043128
14.68506602616899315 0.00000000000009452 0.00027275044704415
15.02017594817478674 0.00000000000004594 0.00022427113638949
15.36293246789574063 0.00000000000002197 0.00018363636376979
15.71351006675654283 0.00000000000001034 0.00014972255743571
16.07208720753001430 0.00000000000000478 0.00012154128988138
16.43884642518424499 0.00000000000000217 0.00009822727350241
16.81397441980256602 0.00000000000000097 0.00007902679869505
17.19766215162404421 0.00000000000000043 0.00006328663364065
17.59010493825238441 0.00000000000000018 0.00005044345577712
17.99150255408304133 0.00000000000000008 0.00004001397448376
18.40205933199911215 0.00000000000000003 0.00003158566382680
18.82198426738771602 0.00000000000000001 0.00002480823998726
19.25149112452982081 0.00000000000000001 0.00001938583245863
19.69079854541773145 0.00000000000000000 0.00001506985141798
20.14013016105555565 0.00000000000000000 0.00001165257211646
20.59971470529937676 0.00000000000000000 0.00000896135593432
21.06978613129506073 0.00000000000000000 0.00000685352847776
21.55058373057279653 0.00000000000000000 0.00000521184410384
22.04235225485951943 0.00000000000000000 0.00000394050453752
22.54534204067049785 0.00000000000000000 0.00000296169834732
23.05980913674406452 0.00000000000000000 0.00000221259553238
23.58601543438413017 0.00000000000000000 0.00000164277374888
24.12422880077691190 0.00000000000000000 0.00000121201734922
24.67472321534962987 0.00000000000000000 0.00000088845275076
25.23777890924074896 0.00000000000000000 0.00000064698195312
25.81368250795260622 0.00000000000000000 0.00000046797025770
26.40272717725916607 0.00000000000000000 0.00000033616089117
27.00521277244313723 0.00000000000000000 0.00000023977943576
27.62144599093817376 0.00000000000000000 0.00000016980226415
28.25174052845458306 0.00000000000000000 0.00000011936354178
28.89641723866705547 0.00000000000000000 0.00000008327681492
29.55580429654641605 0.00000000000000000 0.00000005765367175
30.23023736541825457 0.00000000000000000 0.00000003960086371
30.92005976783353915 0.00000000000000000 0.00000002698232331
31.62562266033818048 0.00000000000000000 0.00000001823358950
32.34728521223050990 0.00000000000000000 0.00000001221803607
33.08541478839770633 0.00000000000000000 0.00000000811678863
33.84038713632418194 0.00000000000000000 0.00000000534485037
34.61258657736724587 0.00000000000000000 0.00000000348793036
35.40240620239699609 0.00000000000000000 0.00000000225523846
36.21024807190102734 0.00000000000000000 0.00000000144449901
37.03652342065445424 0.00000000000000000 0.00000000091632630
37.88165286706054502 0.00000000000000000 0.00000000057556709
38.74606662726797879 0.00000000000000000 0.00000000035789533
39.63020473417393674 0.00000000000000000 0.00000000022025785
40.53451726142439071 0.00000000000000000 0.00000000013412770
41.45946455252568086 0.00000000000000000 0.00000000008080047
42.40551745518406790 0.00000000000000000 0.00000000004814044
43.37315756099237518 0.00000000000000000 0.00000000002835941
44.36287745058590559 0.00000000000000000 0.00000000001651447
45.37518094439247562 0.00000000000000000 0.00000000000950377
46.41058335910366850 0.00000000000000000 0.00000000000540351
47.46961176999907650 0.00000000000000000 0.00000000000303448
48.55280527925557266 0.00000000000000000 0.00000000000168266
49.66071529037922971 0.00000000000000000 0.00000000000092107
50.79390578889924512 0.00000000000000000 0.00000000000049755
51.95295362946679774 0.00000000000000000 0.00000000000026516
53.13844882950493798 0.00000000000000000 0.00000000000013936
54.35099486955905235 0.00000000000000000 0.00000000000007222
55.59120900050081815 0.00000000000000000 0.00000000000003689
56.85972255774188255 0.00000000000000000 0.00000000000001856
58.15718128261759290 0.00000000000000000 0.00000000000000920
59.48424565110341433 0.00000000000000000 0.00000000000000449
60.84159121003325055 0.00000000000000000 0.00000000000000216
62.22990892098852811 0.00000000000000000 0.00000000000000102
63.64990551203475633 0.00000000000000000 0.00000000000000047
65.10230383748395866 0.00000000000000000 0.00000000000000022
66.58784324586622461 0.00000000000000000 0.00000000000000010
68.10727995629770248 0.00000000000000000 0.00000000000000004
69.66138744343665223 0.00000000000000000 0.00000000000000002
71.25095683122340517 0.00000000000000000 0.00000000000000001
72.87679729560497321 0.00000000000000000 0.00000000000000000
74.53973647644883727 0.00000000000000000 0.00000000000000000
76.24062089885565285 0.00000000000000000 0.00000000000000000
77.98031640408652265 0.00000000000000000 0.00000000000000000
79.75970859032210569 0.00000000000000000 0.00000000000000000
