0.00000000000000000 2.92102307198535227
0.00002347738310443 2.92102307046937293
0.00004749047730607 2.92102306578211213
0.00007205150655588 2.92102305770655324
0.00009717297373309 2.92102304601387530
0.00012286766700988 2.92102303046305201
0.00014914866636119 2.92102301080045823
0.00017602935022314 2.92102298675853600
0.00020352340230341 2.92102295805616841
0.00023164481854694 2.92102292439718436
0.00026040791426061 2.92102288547013345
0.00028982733140055 2.92102284094664810
0.00031991804602561 2.92102279048189217
0.00035069537592104 2.92102273371339294
0.00038217498839601 2.92102267025895124
0.00041437290825916 2.92102259971701539
0.00044730552597602 2.92102252166627663
0.00048098960601271 2.92102243566286823
0.00051544229536990 2.92102234124023497
0.00055068113231157 2.92102223790810633
0.00058672405529292 2.92102212515190685
0.00062358941209201 2.92102200243067278
0.00066129596914975 2.92102186917479045
0.00069986292112305 2.92102172478726052
0.00073930990065588 2.92102156864078522
0.00077965698837339 2.92102140007630195
0.00082092472310400 2.92102121840259299
0.00086313411233476 2.92102102289134002
0.00090630664290529 2.92102081278055570
0.00095046429194573 2.92102058726879799
0.00099562953806428 2.92102034551512713
0.00104182537279002 2.92102008663713164
0.00108907531227682 2.92101980970769359
0.00113740340927431 2.92101951375486069
0.00118683426537207 2.92101919775722640
0.00123739304352309 2.92101886064525917
0.00128910548085309 2.92101850129505403
0.00134199790176211 2.92101811852620763
0.00139609723132501 2.92101771110478925
0.00145143100899782 2.92101727773097553
0.00150802740263672 2.92101681704450344
0.00156591522283709 2.92101632761789887
0.00162512393759954 2.92101580795519977
0.00168568368733079 2.92101525648487481
0.00174762530018669 2.92101467156088335
0.00181098030776544 2.92101405145733173
0.00187578096115884 2.92101339436170182
0.00194206024736984 2.92101269837779931
0.00200985190610466 2.92101196151304610
0.00207919044694816 2.92101118168338081
0.00215011116693100 2.92101035669983444
0.00222265016849779 2.92100948426959173
0.00229684437788510 2.92100856198866810
0.00237273156391896 2.92100758733813493
0.00245035035724114 2.92100655767629203
0.00252974026997429 2.92100547023513446
0.00261094171583566 2.92100432211541472
0.00269399603070992 2.92100311027516124
0.00277894549369124 2.92100183152965931
0.00286583334860573 2.92100048254002864
0.00295470382602476 2.92099905980857111
0.00304560216578075 2.92099755966895813
0.00313857463999666 2.92099597828131419
0.00323366857664094 2.92099431162041157
0.00333093238362006 2.92099255547163805
0.00343041557342068 2.92099070541726880
0.00353216878831418 2.92098875682964465
0.00363624382613628 2.92098670485961343
0.00374269366665492 2.92098454443224931
0.00385157249853979 2.92098227022512624
0.00396293574694726 2.92097987666592518
0.00407684010173478 2.92097735791923263
0.00419334354631903 2.92097470786963020
0.00431250538719256 2.92097192011379603
0.00443438628411405 2.92096898794499316
0.00455904828098729 2.92096590433984993
0.00468655483744490 2.92096266193902654
0.00481697086115265 2.92095925303797710
0.00495036274085100 2.92095566956912478
0.00508679838015042 2.92095190308030173
0.00522634723209806 2.92094794472326225
0.00536908033453304 2.92094378523174658
0.00551507034624848 2.92093941489993103
0.00566439158397877 2.92093482356710288
0.00581712006023074 2.92093000059256447
0.00597333352197809 2.92092493483595206
0.00613311149023878 2.92091961463138805
0.00629653530055548 2.92091402776212528
0.00646368814439972 2.92090816144101284
0.00663465511152080 2.92090200227732621
0.00680952323326103 2.92089553625004861
0.00698838152685935 2.92088874868230075
0.00717132104076586 2.92088162420613706
0.00735843490099037 2.92087414673323975
0.00754981835850853 2.92086629942003739
0.00774556883774964 2.92085806463326403
0.00794578598619095 2.92084942391307134
0.00815057172508356 2.92084035793345587
0.00836003030133574 2.92083084646580016
0.00857426834058026 2.92082086833137522
0.00879339490145250 2.92081040136184278
0.00901752153110714 2.92079942234961010
0.00924676232200168 2.92078790700407387
0.00948123396997554 2.92077582989572448
0.00972105583365455 2.92076316440777140
0.00996634999521086 2.92074988267997915
0.01021724132250930 2.92073595554918475
0.01047385753267182 2.92072135249053799
0.01073632925709234 2.92070604155398161
0.01100479010793513 2.92068998929836487
0.01127937674615054 2.92067316071887406
0.01156022895104278 2.92065551918164967
0.01184748969142502 2.92063702634256872
0.01214130519839822 2.92061764206803520
0.01244182503979057 2.92059732435492325
0.01274920219629551 2.92057602924102211
0.01306359313934714 2.92055371071821002
0.01338515791077250 2.92053032063121965
0.01371406020426148 2.92050580858634179
0.01405046744869568 2.92048012184028671
0.01439455089337861 2.92045320519577967
0.01474648569521082 2.92042500088510160
0.01510645100785415 2.92039544845421073
0.01547463007293047 2.92036448463709908
0.01585121031330155 2.92033204322181028
0.01623638342847728 2.92029805492274486
0.01663034549220105 2.92026244722721762
0.01703329705226174 2.92022514425687296
0.01744544323258324 2.92018606660601243
0.01786699383764364 2.92014513117626695
0.01829816345927684 2.92010225101486443
0.01873917158591129 2.92005733512581633
0.01919024271430143 2.92001028828998610
0.01965160646380849 2.91996101086741922
0.02012349769328904 2.91990939859284371
0.02060615662065081 2.91985534236336974
0.02109982894513634 2.91979872801275731
0.02160476597239717 2.91973943608027930
0.02212122474242183 2.91967734156132996
0.02264946816038292 2.91961231365829521
0.02318976513046999 2.91954421550820964
0.02374239069277615 2.91947290390298431
0.02430762616330817 2.91939822899829693
0.02488575927719144 2.91932003400698203
0.02547708433514257 2.91923815487782479
0.02608190235328413 2.91915241996006758
0.02670052121637808 2.91906264965425999
0.02733325583455557 2.91896865604798839
0.02798042830362298 2.91887024252396099
0.02864236806902609 2.91876720337116957
0.02931941209355530 2.91865932335571987
0.03001190502887783 2.91854637728575339
0.03072019939098390 2.91842812955436326
0.03144465573963612 2.91830433365711128
0.03218564286191384 2.91817473169378339
0.03294353795994549 2.91803905383963968
0.03371872684292464 2.91789701779928112
0.03451160412350755 2.91774832823382768
0.03532257341869220 2.91759267616151385
0.03615204755528083 2.91742973832413455
0.03700044878003107 2.91725917653926414
0.03786820897460196 2.91708063701152387
0.03875576987540499 2.91689374961565173
0.03966358329847156 2.91669812714418919
0.04059211136945144 2.91649336452655872
0.04154182675885962 2.91627903800875199
0.04251321292269084 2.91605470429666047
0.04350676434852451 2.91581989965996424
0.04452298680724557 2.91557413899607631
0.04556239761050876 2.91531691485133715
0.04662552587407801 2.91504769639741346
0.04771291278717478 2.91476592835959813
0.04882511188797229 2.91447102990290796
0.04996268934537607 2.91416239346166472
0.05112622424723432 2.91383938351499960
0.05231630889512456 2.91350133531510291
0.05353354910586695 2.91314755355071764
0.05477856451991744 2.91277731095297021
0.05605198891679789 2.91238984683851809
0.05735447053772392 2.91198436558510787
0.05868667241559430 2.91156003504664662
0.06004927271251029 2.91111598488203560
0.06144296506499628 2.91065130482775158
0.06286845893709819 2.91016504287679600
0.06432647998153851 2.90965620338434494
0.06581777040911241 2.90912374509220140
0.06734308936651281 2.90856657905497107
0.06890321332277674 2.90798356648198508
0.07049893646454947 2.90737351648202758
0.07213107110036829 2.90673518370372763
0.07380044807417101 2.90606726587391373
0.07550791718823986 2.90536840123735907
0.07725434763579656 2.90463716585968834
0.07904062844346812 2.90387207083354637
0.08086766892384888 2.90307155935014549
0.08273639913838959 2.90223400364825235
0.08464777037084835 2.90135770182174513
0.08660275561154497 2.90044087449256915
0.08860235005266523 2.89948166133744856
0.09064757159486676 2.89847811746196893
0.09273946136544539 2.89742820961263359
0.09487908424832442 2.89632981223002295
0.09706752942613760 2.89518070332387412
0.09930591093468150 2.89397856017089872
0.10159536823001940 2.89272095482569869
0.10393706676852514 2.89140534943616423
0.10633219860016335 2.89002909135032837
0.10878198297530639 2.88858940801662900
0.11128766696539810 2.88708340165607380
0.11385052609778017 2.88550804370754488
0.11647186500500334 2.88386016902363762
0.11915301808895595 2.88213646981787797
0.12189535020014546 2.88033348934217459
0.12470025733248064 2.87844761528709148
0.12756916733390719 2.87647507288945015
0.13050354063325895 2.87441191773349125
0.13350487098369385 2.87225402822533837
0.13657468622309507 2.86999709773655853
0.13971454905182187 2.86763662637699301
0.14292605782820772 2.86516791239545920
0.14621084738221063 2.86258604318112742
0.14957058984762853 2.85988588583354097
0.15300699551330571 2.85706207728177564
0.15652181369376089 2.85410901391811800
0.16011683361968218 2.85102084071173811
0.16379388534874131 2.84779143977147697
0.16755484069719107 2.84441441829996933
0.17140161419271960 2.84088309590352228
0.17533616404904812 2.83719049119266353
0.17936049316276637 2.83332930761177071
0.18347665013291398 2.82929191843246652
0.18768673030382763 2.82507035080635216
0.19199287683178259 2.82065626880208375
0.19639728177597524 2.81604095529699228
0.20090218721439773 2.81121529260249226
0.20550988638517612 2.80616974166926791
0.21022272485395121 2.80089431969299429
0.21504310170789745 2.79537857592273742
0.21997347077698587 2.78961156542740651
0.22501634188311620 2.78358182053962366
0.23017428211774971 2.77727731967127944
0.23544991714869670 2.77068545308916026
0.24084593255672179 2.76379298524539374
0.24636507520264866 2.75658601312627471
0.25201015462565846 2.74904992000901993
0.25778404447349706 2.74116932395342827
0.26368968396531456 2.73292802018809100
0.26973007938788579 2.72430891642996942
0.27590830562597141 2.71529396006981871
0.28222750772759764 2.70586405585986567
0.28869090250505608 2.69599897269455102
0.29530178017243219 2.68567723767814259
0.30206350602050086 2.67487601547838461
0.30897952212983931 2.66357097073422189
0.31605334912303124 2.65173611067901360
0.32328858795685067 2.63934360512425759
0.33068892175534376 2.62636358015644156
0.33825811768473490 2.61276388154649908
0.34600002887111658 2.59850980357055139
0.35391859636189693 2.58356377776089197
0.36201785113200291 2.56788501626390842
0.37030191613586422 2.55142910321756577
0.37877500840621653 2.53414752699839063
0.38744144120079754 2.51598714617420205
0.39630562619802595 2.49688958008352069
0.40537207574278256 2.47679051600474054
0.41464540514343384 2.45561892333132947
0.42413033502127345 2.43329616510303559
0.43383169371356972 2.40973499875010599
0.44375441973144814 2.38483845593672550
0.45390356427385864 2.35849859546015717
0.46428429379890479 2.33059512294347781
0.47490189265384952 2.30099387382701037
0.48576176576513030 2.26954516215294388
0.49686944138975531 2.23608199774592276
0.50823057392948345 2.20041818425440994
0.51985094680921740 2.16234631200417127
0.53173647542107505 2.12163566323630448
0.54389321013564340 2.07803004899742438
0.55632733938194001 2.03124558089120510
0.56904519279765442 1.98096835934620197
0.58205324445127316 1.92685200035029203
0.59535811613772793 1.86851482610742603
0.60896658074924170 1.80553639480997674
0.62288556572309628 1.73745283412790363
0.63712215656806748 1.66375024235372582
0.65168360047132856 1.58385540870944563
0.66657730998765741 1.49712382475125239
0.68181086681282121 1.40282777502175349
0.69739202564307023 1.30015522304217290
0.71332871812268961 1.18825006898208918
0.72962905688163293 1.06636971620495524
0.74630133966528422 0.93433292567954307
0.76335405355845698 0.79361705134694416
0.78079587930577032 0.64975872081696873
0.79863569573061832 0.51483066379139553
0.81688258425496330 0.52303607714828138
0.83554583352226663 0.55852237733424881
0.85463494412590679 0.56671981467688004
0.87415963344548697 0.55227750153803790
0.89412984059350598 0.52228689455511768
0.91455573147489622 0.48290258164012456
0.93544770396201438 0.43844467358448408
0.95681639318771494 0.39163865899154693
0.97867267695920379 0.34411006524000176
1.00102768129542063 0.29679471721554512
1.02389278609078427 0.25021165508853721
1.04727963090816401 0.20463515190370674
1.07120012090404226 0.16020591481567434
1.09566643288887766 0.11700605398306793
1.12069102152574862 0.07511009558885455
1.14628662567045114 0.03461787237407898
1.17246627485625443 -0.00432700915273107
1.19924329592663104 -0.04153000020411309
1.22663131981933571 -0.07674675308403582
1.25464428850528154 -0.10969000643954362
1.28329646208574832 -0.14004016084910134
1.31260242605154120 -0.16745815989367341
1.34257709870778474 -0.19159983672784633
1.37323573876813887 -0.21213133429991163
1.40459395312230262 -0.22874540719606851
1.43666770478075279 -0.24117847609868565
1.46947332100077799 -0.24922811532479058
1.50302750159792198 -0.25277023006303251
1.53734732744708502 -0.25177466233512402
1.57245026917760478 -0.24631716333762418
1.60835419606674357 -0.23658519043782303
1.64507738513610047 -0.22287493895947341
1.68263853045560552 -0.20557841433694074
1.72105675265979285 -0.18516299856182308
1.76035160868123275 -0.16215229469632270
1.80054310170605580 -0.13712488884633403
1.84165169135664741 -0.11075261874307096
1.88369830410668571 -0.08389379768374400
1.92670434393384626 -0.05773057584235644
1.97069170321556753 -0.03389072542662040
2.01568277387344352 -0.01444470427040298
2.06170045877191477 -0.00169360796293827
2.10876818337704375 0.00207117781127666
2.15690990768134405 0.00128488352886039
2.20615013840069052 0.00061780901923656
2.25651394144955519 0.00015668810108375
2.30802695470089736 0.00000000000000000
2.36071540103721578 0.00000000000000000
2.41460610169939383 0.00000000000000000
2.46972648994015920 0.00000000000000000
2.52610462498907040 0.00000000000000000
2.58376920633616836 0.00000000000000000
2.64274958834155793 0.00000000000000000
2.70307579517833929 0.00000000000000000
2.76477853611653268 0.00000000000000000
2.82788922115573316 0.00000000000000000
2.89243997701448663 0.00000000000000000
2.95846366348450696 0.00000000000000000
3.02599389015807407 0.00000000000000000
3.09506503353710505 0.00000000000000000
3.16571225453265237 0.00000000000000000
3.23797151636367708 0.00000000000000000
3.31187960286425920 0.00000000000000000
3.38747413720853530 0.00000000000000000
3.46479360106291345 0.00000000000000000
3.54387735417529859 0.00000000000000000
3.62476565441132070 0.00000000000000000
3.70749967824771787 0.00000000000000000
3.79212154173340688 0.00000000000000000
3.87867432192878114 0.00000000000000000
3.96720207883424969 0.00000000000000000
4.05774987781913588 0.00000000000000000
4.15036381256236098 0.00000000000000000
4.24509102851660192 0.00000000000000000
4.34197974690784605 0.00000000000000000
4.44107928928257856 0.00000000000000000
4.54244010261509334 0.00000000000000000
4.64611378498771010 0.00000000000000000
4.75215311185692979 0.00000000000000000
4.86061206291901815 0.00000000000000000
4.97154584958852741 0.00000000000000000
5.08501094310387547 0.00000000000000000
5.20106510327422278 0.00000000000000000
5.31976740788231872 0.00000000000000000
5.44117828275824778 0.00000000000000000
5.56535953253941695 0.00000000000000000
5.69237437213242803 0.00000000000000000
5.82228745889284749 0.00000000000000000
5.95516492553926291 0.00000000000000000
6.09107441381839276 0.00000000000000000
6.23008510893831069 0.00000000000000000
6.37226777478748918 0.00000000000000000
6.51769478995736318 0.00000000000000000
6.66644018458692322 0.00000000000000000
6.81857967804801657 0.00000000000000000
6.97419071749056663 0.00000000000000000
7.13335251726731823 0.00000000000000000
7.29614609925818325 0.00000000000000000
7.46265433411472312 0.00000000000000000
7.63296198344574073 0.00000000000000000
7.80715574296549430 0.00000000000000000
7.98532428662641092 0.00000000000000000
8.16755831175894897 0.00000000000000000
8.35395058524134981 0.00000000000000000
8.54459599072295717 0.00000000000000000
8.73959157692507560 0.00000000000000000
8.93903660704397041 0.00000000000000000
9.14303260928114625 0.00000000000000000
9.35168342852664125 0.00000000000000000
9.56509527922163549 0.00000000000000000
9.78337679942729466 0.00000000000000000
10.00663910612737517 0.00000000000000000
10.23499585179264670 0.00000000000000000
10.46856328223619670 0.00000000000000000
10.70746029578870484 0.00000000000000000
10.95180850382407201 0.00000000000000000
11.20173229266613113 0.00000000000000000
11.45735888690794013 0.00000000000000000
11.71881841417591552 0.00000000000000000
11.98624397137176878 0.00000000000000000
12.25977169242594300 0.00000000000000000
12.53954081759709460 0.00000000000000000
12.82569376435284880 0.00000000000000000
13.11837619986782677 0.00000000000000000
13.41773711517618395 0.00000000000000000
13.72392890101593110 0.00000000000000000
14.03710742540400247 0.00000000000000000
14.35743211298142441 0.00000000000000000
14.68506602616899315 0.00000000000000000
15.02017594817478674 0.00000000000000000
15.36293246789574063 0.00000000000000000
15.71351006675654283 0.00000000000000000
16.07208720753001430 0.00000000000000000
16.43884642518424499 0.00000000000000000
16.81397441980256602 0.00000000000000000
17.19766215162404421 0.00000000000000000
17.59010493825238441 0.00000000000000000
17.99150255408304133 0.00000000000000000
18.40205933199911215 0.00000000000000000
18.82198426738771602 0.00000000000000000
19.25149112452982081 0.00000000000000000
19.69079854541773145 0.00000000000000000
20.14013016105555565 0.00000000000000000
20.59971470529937676 0.00000000000000000
21.06978613129506073 0.00000000000000000
21.55058373057279653 0.00000000000000000
22.04235225485951943 0.00000000000000000
22.54534204067049785 0.00000000000000000
23.05980913674406452 0.00000000000000000
23.58601543438413017 0.00000000000000000
24.12422880077691190 0.00000000000000000
24.67472321534962987 0.00000000000000000
25.23777890924074896 0.00000000000000000
25.81368250795260622 0.00000000000000000
26.40272717725916607 0.00000000000000000
27.00521277244313723 0.00000000000000000
27.62144599093817376 0.00000000000000000
28.25174052845458306 0.00000000000000000
28.89641723866705547 0.00000000000000000
29.55580429654641605 0.00000000000000000
30.23023736541825457 0.00000000000000000
30.92005976783353915 0.00000000000000000
31.62562266033818048 0.00000000000000000
32.34728521223050990 0.00000000000000000
33.08541478839770633 0.00000000000000000
33.84038713632418194 0.00000000000000000
34.61258657736724587 0.00000000000000000
35.40240620239699609 0.00000000000000000
36.21024807190102734 0.00000000000000000
37.03652342065445424 0.00000000000000000
37.88165286706054502 0.00000000000000000
38.74606662726797879 0.00000000000000000
39.63020473417393674 0.00000000000000000
40.53451726142439071 0.00000000000000000
41.45946455252568086 0.00000000000000000
42.40551745518406790 0.00000000000000000
43.37315756099237518 0.00000000000000000
44.36287745058590559 0.00000000000000000
45.37518094439247562 0.00000000000000000
46.41058335910366850 0.00000000000000000
47.46961176999907650 0.00000000000000000
48.55280527925557266 0.00000000000000000
49.66071529037922971 0.00000000000000000
50.79390578889924512 0.00000000000000000
51.95295362946679774 0.00000000000000000
53.13844882950493798 0.00000000000000000
54.35099486955905235 0.00000000000000000
55.59120900050081815 0.00000000000000000
56.85972255774188255 0.00000000000000000
58.15718128261759290 0.00000000000000000
59.48424565110341433 0.00000000000000000
60.84159121003325055 0.00000000000000000
62.22990892098852811 0.00000000000000000
63.64990551203475633 0.00000000000000000
65.10230383748395866 0.00000000000000000
66.58784324586622461 0.00000000000000000
68.10727995629770248 0.00000000000000000
69.66138744343665223 0.00000000000000000
71.25095683122340517 0.00000000000000000
72.87679729560497321 0.00000000000000000
74.53973647644883727 0.00000000000000000
76.24062089885565285 0.00000000000000000
77.98031640408652265 0.00000000000000000
79.75970859032210569 0.00000000000000000
