0 150837800471224.9375
1.47901783424533632362e-05 893837326374.094726562
2.99330304411241692668e-05 212495085449.383544922
4.5436965848314362173e-05 91836233894.0316314697
6.13105946432112387714e-05 50715573141.1371841431
7.75627322134774861316e-05 32036993961.8325920105
9.42024041508594838683e-05 22034605111.2315597534
0.000111238851263530349914 16071326318.4195842743
0.000128681534707955359245 12236344868.8483772278
0.000146540141243125122527 9627069118.87573051453
0.000164824588610077717686 7772662493.89016437531
0.000183545031039696602323 6408198861.42164611816
0.000202711864891841933274 5375427951.98965358734
0.000222335734428947905767 4575131141.97037029266
0.000242427537727292436798 3942555811.29084348679
0.000262998432729221885869 3433994706.25233411789
0.000284059843439691487449 3019085810.99193239212
0.000305623466270564189424 2676208224.09475040436
0.00032770127653618811225 2389629486.44908666611
0.000350305535103864350201 2147682426.05941104889
0.00037344879520289405838 1941567831.68378448486
0.000397143909395989314504 1764549109.51132392883
0.000421404036716917869323 1611398820.13178801537
0.000446242649978345791439 1478010790.16531968117
0.000471673543253936608955 1361123858.44826507568
0.000497710839538862640646 1258121662.04343557358
0.000524368998592981733382 1166885690.63074159622
0.000551662824971035025377 1085685945.8586461544
0.00057960747624432760669 1013098559.41589057446
0.000608218471418454182872 947943097.291842103004
0.000637511699551747803086 889234331.786799192429
0.000667503428579235965831 836144790.123948931694
0.000698210314347006539247 787975416.750924348831
0.000729649409861996846825 744132402.906304836273
0.000761838174762346988407 704108746.21928858757
0.000794794485013575234891 667469468.856627583504
0.000828536642835958885706 633839688.071327805519
0.000863083386868634841287 602894927.402598023415
0.000898453902576065873385 574353201.070016145706
0.000934667832902648788689 547968513.318239927292
0.000971745289181384229622 523525483.885121405125
0.00100970686230266522461 500834885.338467299938
0.00104857363414938504001 479729926.097747266293
0.0010883671893047205774 460063133.615883886814
0.00112910962703908438615 441703724.026960730553
0.00117082357358291237574 424535391.745361030102
0.00121353219469209276486 408454422.583706080914
0.00125725920851302405863 393368093.336919009686
0.00130202889875443697174 379193302.493918180466
0.00134786612817330646828 365855394.070998549461
0.00139479635238232970926 353287148.455837368965
0.00144284563398665343151 341427909.213728904724
0.00149204065705768433581 330222827.182750880718
0.00154240874195203853982 319622206.826351881027
0.00159397786048384206004 309580931.872158288956
0.00164677665145882652295 300057970.341295421124
0.00170083443657882628537 291015935.925428152084
0.00175618123672553164312 282420705.247844815254
0.00181284778863251955748 274241082.786162912846
0.0018708655619548424532 266448502.411635369062
0.00193026677674563019831 259016765.297260135412
0.00199108442134944031709 251921808.702009171247
0.00205335227072225845468 245141499.329712599516
0.00211710490518836249446 238655449.933524250984
0.00218237772964442570955 232444856.441145479679
0.00224920699322156197528 226492352.747123658657
0.00231762980941620493763 220781880.26231110096
0.00238768417670101162215 215298571.301635324955
0.0024594089996272387906 210028644.626645714045
0.0025328441104303079344 204959311.585801690817
0.00260803029115055538464 200078691.696427166462
0.0026850092962814545855 195375736.37929931283
0.00276382387595789464838 190840160.171796679497
0.00284451779969737339124 186462378.608217149973
0.00292713588070731998633 182233451.987161546946
0.00301172400077200997162 178145034.401059418917
0.00309832913573292742862 174189327.477569967508
0.00318699938157670104727 170359038.348003327847
0.00327778398114511506506 166647341.409034460783
0.00337073335148201785882 163047843.474866420031
0.00346589911183233217312 159554552.015197098255
0.00356333411230868885716 156161846.162285506725
0.00366309246324164053052 152864450.215830355883
0.00376522956522971604179 149657409.404654353857
0.00386980213990603585245 146536067.692248046398
0.0039768682614385545554 143496047.432200849056
0.00408648738878142955139 140533230.704134136438
0.00419872039869543817875 137643742.173626691103
0.00431362961955575763967 134823933.33953872323
0.00443127886596590692125 132070368.042812138796
0.00455173347419705019712 129379809.125022336841
0.00467506033847237077034 126749206.135532349348
0.00480132794811664008472 124175683.995371863246
0.00493060642559162935067 121656532.53562349081
0.00506296756543846149246 119189196.834887117147
0.00519848487414858832778 116771268.288558036089
0.00533723361098545345804 114400476.347373634577
0.00547929082977957875727 112074680.869994416833
0.00562473542172025990638 109791865.037970989943
0.00577364815916760892867 107550128.786898329854
0.00592611174050934434721 105347682.710838869214
0.00608221083608716066304 103182842.401722848415
0.00624203213521823570276 101054023.187511906028
0.0064056643943379600048 98959735.2368637621403
0.00657319848629065763002 96898579.0008035451174
0.00674472745079562462783 94869240.9645347744226
0.00692034654611655905554 92870489.6798739135265
0.00710015330196302717203 90901172.0578551739454
0.00728424757365341360438 88960209.9005535691977
0.00747273159756935839715 87046596.6511990278959
0.00766571004793252606252 85159394.3439551889896
0.00786329009493521441376 83297730.7363660782576
0.00806558146425712454985 81460796.6080250293016
0.00827269649800128036021 79647843.2108862698078
0.00848475021708299144418 77858179.857243090868
0.00870186038510647845434 76091171.6337710171938
0.0089241475737646715205 74346237.2301654815674
0.00915173522979843834246 72622846.8606625050306
0.00938474974355249860758 70920520.2789829969406
0.00962332051916601517727 69238824.8747747540474
0.00986758004643696617908 67577373.8409160524607
0.0101176639744000491927 65935824.4029067754745
0.0103737111866591211889 64313876.1020395979285
0.0106358638785159029944 62711269.1262097284198
0.0109042676359378844231 61127782.6837914809585
0.0111790715164091728623 59563233.398165114224
0.0114604281317092805692 58017473.7309701442719
0.0117484937326657410545 56490390.4272265434265
0.012043428295927733826 54981902.974486745894
0.0123453956128087519867 53491962.0709909796715
0.0126545633802478060814 52020548.0996940284967
0.0129711032939395665836 50567669.6076893061399
0.013295191143685210905 49133361.7685368955135
0.0136270069110169568527 47717684.8406318873167
0.0139667348691504301927 46320722.6178263276815
0.0143145636853204329814 44942580.8668872788548
0.0146706865255568728174 43583385.7499039396644
0.0150353011619591900305 42243282.2360200956464
0.015408610082528638105 40922432.4871883243322
0.0157908206036196235855 39621014.2184709757566
0.0161821449850723907138 38339219.0446243807673
0.0165828005480911193359 37077250.8068943619728
0.0169930097959328126056 35835323.8806013539433
0.0174130005374740354229 34613661.471232406795
0.0178430060137240789619 33412493.8845445215702
0.018283265027354930754 32232056.7753516100347
0.0187340220753198297143 31072589.3899377956986
0.0191955274846341769623 29934332.7982122525573
0.0196680375513940859655 28817528.1208246015012
0.0201518146831099614902 27722414.7602558322251
0.0206471275444339540106 26649228.6163478754461
0.021154251206362339327 25598200.3107215687633
0.021673467298995600927 24569553.4258247390389
0.0222050641679412061325 23563502.7603578306735
0.0227493370344456942445 22580252.614658921957
0.02330658815934526229 21619995.0974639989436
0.0238771270109256160408 20682908.4575115032494
0.0244612704367846468811 19769155.4652324616909
0.0250593428397930736984 18878881.8438569791615
0.0256716763582509124864 18012214.7626296766102
0.0262986110503397943483 17169261.3951458856463
0.0269404950829736401785 16350107.530756033957
0.0275976849251524034012 15554816.2741407696158
0.0282705455459264336227 14783426.8331215456128
0.0289594506170813247026 14035953.4057348109782
0.0296647827206556781443 13312384.1740456409752
0.0303869335614074184693 12612680.3846112638712
0.0311263041843461325808 11936775.5537173300982
0.0318833051974526521244 11284574.7975414264947
0.0326583569997093078885 10655954.2965709771961
0.0334518900145677477997 10050760.899378169328
0.0342643449289836074523 9468811.84131453745067
0.0350961729381513085069 8909894.6169898621738
0.0359478359960741303269 8373767.00298467371613
0.0368198070721097378555 7860157.23905998189002
0.0377125704136324832461 7368764.36265199258924
0.0386266218149593429376 6899258.67287806048989
0.0395624688926883572027 6451282.36051198467612
0.0405206313676023111015 6024450.29291141126305
0.0415016413532946840115 5618350.96130791865289
0.0425060436516780035254 5232547.56559228245169
0.0435343960555382158972 4866579.22335052676499
0.0445872696583040697971 4519962.32801795098931
0.0456652491712024530268 4192192.03760415269062
0.0467689332479766864403 3882743.89685832988471
0.0478989348173477907933 3591075.54365703230724
0.049055881423402995789 3316628.50722987437621
0.0502404155741011729241 3058830.09955579135567
0.0514531950980884680846 2817095.38065626379102
0.052694893510021816041 2590829.18715206393972
0.0539662003846042986899 2379428.1678453614004
0.0552678217395387375022 2182282.8552133589983
0.0566004804276133144381 1998779.75372622301802
0.057964916538136602997 1828303.43918445822783
0.0593618878079442829909 1670238.6369115288835
0.0607921700422071817349 1523972.25759082101285
0.062256557545272733778 1388895.41473830142058
0.0637558635617804791984 1264405.40111109684221
0.0652909207282959397345 1149907.61998500581831
0.066862581535713394576 1044817.41728080017492
0.068471718802685085925 948561.830482375691645
0.0701192261603394845215 860581.243481595302001
0.0718060185485571295105 780330.932242974755354
0.0735330327240810849299 707282.476205695071258
0.0753012277807425384202 640925.006522142910399
0.0771115856820917544567 580766.317226107115857
0.0789651118067297291825 526333.82319924631156
0.0808628355066428466946 477175.367821043066215
0.082805810678851551887 432859.849656549224164
0.0847951163506901472999 392977.693261471576989
0.0868318572790420101226 357141.173020806571003
0.0889171645638645730125 324984.593805148790125
0.0910521962763429643095 296164.325426138646435
0.0932381381020226662759 270358.688782375480514
0.0954762039992778782649 247267.725650793552632
0.0977676368734803485916 226612.853071969671873
0.100113709267244527235 208136.41386136203073
0.102515724067131927533 191601.114005277806427
0.10497501522720582845 176789.374953309510602
0.107492948509840716143 163502.611027383129112
0.110070922244195040784 151560.441804074798711
0.112710368102770727705 140799.841621297731763
0.115412751896489904069 131074.237036522681592
0.118179574388729474732 122252.572941806633025
0.121012372128767309309 114218.353266602163785
0.123912718305102045879 106868.665715850467677
0.12688222361911946634 100113.192530849861214
0.129922537179593122758 93873.2266057579545304
0.133035347418512750473 88080.6988489345676498
0.136222383028751864442 82677.2244959577074042
0.139485413924094303617 77613.1705031479214085
0.14282625222215136751 72846.7538100910605863
0.146246753250718647399 68343.1774333491484867
0.149748816578127719179 64073.8076045457200962
0.153334387068167932178 60015.394428478924965
0.157005455960163020634 56149.3384012827591505
0.160764061974800948063 52461.0079007334206835
0.164612292446333852158 48939.1078695822434383
0.168552284481775171976 45575.1004904143119347
0.172586226147736859771 42362.6770387873402797
0.176716357685568842273 39297.2824116281408351
0.180944972755471472636 36375.6912427799034049
0.185274419710275528583 33595.6343729248692398
0.189707102899595775325 30955.4737807364108448
0.194245484005080598644 28453.9246008009431534
0.198892083407502445747 26089.8222454503666086
0.20364948158644677334 23861.9319615981876268
0.208520320553374771677 21768.7979335538293526
0.213507305318860807208 19808.6286791594939132
0.21861320539481307601 17979.2154795280766848
0.223840856332516963123 16277.8800295662003919
0.229193161297353537043 14701.4476115993693384
0.234673092681065148524 13246.2419805431145505
0.24028369375246785844 11908.0989838327204779
0.24602808034752537969 10682.396277764102706
0.251909442599720589939 9564.09705075561032572
0.257931046711691480677 8547.80553418956515088
0.264096236769108927422 7627.83231956138752139
0.270408436597808166102 6798.26729461932336562
0.276871151665204429104 6053.05735186201400211
0.283487971027045593253 5386.08528544584987685
0.29026256932058897009 4791.24590259477554355
0.297198708805301803348 4262.51635218347382761
0.304300241452225228578 3794.01837452157906228
0.31157111108315971304 3380.07165021570244789
0.319015355560856472827 3015.23805786961975173
0.326637109031437389284 2694.3578981540958921
0.334440604220285597759 2412.5786045682252734
0.342430174782679064283 2165.37636913838787223
0.350610257710479267246 1948.5706230057007815
0.358985395796203865526 1758.3319378014425638
0.367560240155858197753 1591.18382702928761319
0.376339552811924160647 1443.99892497924861345
0.385328209337937543921 1313.98995706924733895
0.394531201566129363645 1198.696200462105935
0.403953640359630328227 1095.96634074910070922
0.413600758450776373465 1003.9383942652711994
0.423477913347098611219 921.017392576553220351
0.433590590306601797455 845.85147788298809246
0.443944405383992157788 777.307291775561793656
0.454545108549543663834 714.445231569869179111
0.465398586882329712289 656.495132660520766876
0.476510867839601670592 602.832784340988951044
0.487888122604126728277 552.957785234094558291
0.499536669511338460303 506.473021638059208271
0.511462977558215237117 463.065976258062903526
0.523673669995821433609 422.491967577456364324
0.536175528007517998574 384.559415944973295609
0.548975494474880365559 349.117134722380569656
0.562080677833410091715 316.043572280030446109
0.575498356020194501426 285.237889665574357423
0.589235980515690260795 256.612739479089498218
0.603301180481889853802 230.088593668326069519
0.617701766999163015548 205.589437354715755646
0.632445737404120800207 183.039647509044243634
0.647541279730922347824 162.361874560568651304
0.662996777258484493167 143.475763976944733713
0.678820813166114755965 126.297357323028137444
0.695022175300167410761 110.739031533378650352
0.711609861054352199616 96.7098439259682152169
0.728593082366420286 84.1161793954337468904
0.745981270833997012204 72.8626064377266686733
0.763784082952397302968 62.8528643712725809678
0.78201140547734182551 53.9909081855679531259
0.800673360915550302863 46.1819532006783077804
0.819780313146248662548 39.3334685360548874655
0.839342873176735060348 33.3560688963644338401
0.859371905035176353316 28.1642561465516756414
0.879878531803925723054 23.676976104030657666
0.900874141796706662255 19.8179869298475601624
0.922370394883085698012 16.5160606421825413292
0.944379228963758921012 13.705069510720779391
0.966912866600243892101 11.3240162754578186366
0.989983821802648988886 9.31705707249938086534
1.01360490697930982762 7.63351697107446724999
1.03778924005212846993 6.22786296054239052467
1.06255025174158768131 5.05958743554258383313
1.08790169302547656827 4.09298657319709224822
1.11385764277546384093 3.29684625503316164341
1.14043251557577240973 2.64406885669656732674
1.16764106972829284636 2.11127432322877561788
1.19549841544856993991 1.67840395103116457598
1.22402002325723802123 1.32834291445548857702
1.25322173257153668402 1.04656812069413329702
1.28311976050170151176 0.820823122461155851859
1.31373071085710679817 0.640820893426260584924
1.34507158336715049174 0.497975176386857620869
1.37715978312202813605 0.385159160072525541541
1.41001313023860652685 0.296490260082153789245
1.44364986975679276959 0.227139473473557063077
1.47808868177188434956 0.173164549015599217308
1.51334869180851439019 0.13136494008104762643
1.54944948144197880424 0.0991566502254039583431
1.58641109917282419062 0.0744648384006260655177
1.62425407156073853265 0.0556326598878182226882
1.66299941462393996439 0.0413443831740612430248
1.70266864551037433451 0.0305609869438151320054
1.74328379444722192382 0.0224664917418199959476
1.78486741697534423423 0.0164236409524486648426
1.82744260647545031517 0.0119375588886842399355
1.8710330069929632657 0.00862612909844816429239
1.91566282636869011924 0.00619598239968453552012
1.96135684968260814998 0.00442317606312420900233
2.00814045301819232847 0.0031377677186294437861
2.05603961755498154673 0.00221156548188557568538
2.10508094399717426981 0.00154845722091975150463
2.15529166734626898005 0.0010768231047070479095
2.20669967202598504841 0.000743631867440424526063
2.25933350736779736678 0.000509871335747007301681
2.31322240346576313286 0.000347033679707945210986
2.36839628740939467377 0.00023442746463819214898
2.4248857999036066424 0.000157139746039693876511
2.48272231228496575994 0.000104500054279991938153
2.54193794394371463952 6.89304042651171290125e-05
2.60256558016118821897 4.50897232677393685544e-05
2.66463889037259971104 2.92429889869155272802e-05
2.72819234686529599188 1.87994218949864596148e-05
2.79326124392286168074 1.19769056805885937804e-05
2.85988171742575181256 7.55994888717796354935e-06
2.92809076491924846763 4.72672422696755005885e-06
2.99792626615999280304 2.92656917742509657307e-06
3.06942700415242786249 1.79392453298063221264e-06
3.14263268668685302742 1.08840058376930552713e-06
3.21758396839109073184 6.53440211570428651787e-07
3.29432247330791616591 3.8810520506825864897e-07
3.37289081801090917523 2.27989620506229125136e-07
3.45333263527147460437 1.32434622397739712211e-07
3.53569259829021076413 7.60509331555510815995e-08
3.62001644550610102158 4.31631102932021647415e-08
3.70635100599723177339 2.42050860451485716349e-08
3.79474422548724588111 1.34080048211823996641e-08
3.88524519297190229494 7.33426817512392611449e-09
3.97790416798054646819 3.96047279565458256969e-09
4.0727726084876323398 2.1105190090050388305e-09
4.16990319948983412246 1.10952787862527551465e-09
4.2693498822645103985 5.75237829636960171094e-10
4.37116788432590741564 2.94010459699180191221e-10
4.47541375009564745824 1.48088575000498932693e-10
4.58214537230454421746 7.34786043004276523813e-11
4.69142202414325115711 3.59021979973160403337e-11
4.80330439217945759367 1.72676528616697407583e-11
4.91785461006008262075 8.17180565621776924804e-12
5.03513629301706266972 3.80357508281860709513e-12
5.15521457319593690016 1.74052846206409457528e-12
5.27815613582688314409 7.82713246294692269506e-13
5.40402925625817420752 3.45748825753115579664e-13
5.53290383787278816641 1.49951694601438199523e-13
5.66485145090910879873 6.38245286618103427101e-14
5.79994537220729267091 2.66487743497722181329e-14
5.93826062590346204217 1.09096730101149511217e-14
6.0798740250941447627 4.37691749207493432369e-15
6.22486421449431048813 1.72006868554742135046e-15
6.37331171411254615577 6.61828951199298469606e-16
6.52529896396768016587 2.49199781968981660174e-16
6.68091036987166475569 9.17713848759919357946e-17
6.84023235030422682712 3.30369611403716317368e-17
7.00335338440511989688 1.16203899642272692246e-17
7.17036406111088364668 3.99147726799880664266e-18
7.34135712946321739025 1.33803747636380646818e-18
7.51642755011695307132 4.37484949058741387197e-19
7.69567254807632572522 1.39445095189100927255e-19
7.87919166668859727309 4.33049471044881955277e-20
8.06708682292530632196 1.30937875824329236235e-20
8.25946236398164046477 3.85191822790714714204e-21
8.45642512522542411091 1.10188751450406143433e-21
8.65808448952798670462 3.0632844367785786985e-22
8.86455244800962383067 8.26981572311418045927e-23
9.07594366223370663249 2.16615446747215938043e-23
9.2923755278837294469 5.50192613369086645633e-24
9.51396823995876594893 1.35428292023424328972e-24
9.74084485952350043192 3.22784873766966190878e-25
9.97313138205001337155 7.44192853642498794945e-26
10.2109568073890084605 1.65853955267571275769e-26
10.4544532114096853093 3.57100272828172274577e-27
10.7037558193477924107 7.42158870304660001646e-28
10.9590030809026650616 1.48708057220360025366e-28
11.2203367471250619047 2.87024363083244835107e-29
11.4879019491382230456 5.33391487661449312621e-30
11.7618472787362016163 9.53516197265962241115e-31
12.0423248709040127125 1.63751214283077550418e-31
12.3294904883054616818 2.698285501358174841e-32
12.6235036077857145642 4.26478815373089257403e-33
12.9245275089363076404 6.4602149517067097683e-34
13.2327293647722257219 9.36444268290920529696e-35
13.5482803345710802745 1.29686241706682093537e-35
13.8713556589260438301 1.71547117630206330624e-36
14.2021347570654477011 2.16601857695200319292e-37
14.540801326492754697 2.60619051049144004309e-38
14.8875434450026826738 2.98177195779882196824e-39
15.2425536751298125182 3.24299459493120628432e-40
15.606029171087794083 3.3520235834650611984e-41
15.9781717882585159174 3.28682765366748528129e-42
16.3591881952921980314 3.048914368544478587e-43
16.7492899888802391217 2.67378710747672804509e-44
17.1486938112651152721 2.21781209532184816102e-45
17.5576214705521991277 1.73677071654241027545e-46
17.9763000638904024697 1.2795772253577332778e-47
18.4049621035902433164 8.85601192088111030471e-49
18.8438456462488979071 5.76683165454144904016e-50
19.2931944249545850312 0
19.7532579846432021498 0
20.2242918206825734728 0
20.7065575207614216424 0
21.2003229101613541729 0
21.7058622004932395555 0
22.2234561419800122906 0
22.7533921793707669678 0
23.2959646115725647064 0
23.8514747550889048 0
24.4202311113549939137 0
25.0025495380635440767 0
25.5987534245756798157 0
26.2091738715145048388 0
26.8341498746413620324 0
27.4740285131161527943 0
28.1291651422472490651 0
28.7999235908372881454 0
29.4866763632347037571 0
30.1898048462034900297 0
30.9096995207252476234 0
31.6467601788522010509 0
32.4013961457308852232 0
33.1740265069199580239 0
33.9650803411287611766 0
34.7749969585049427678 0
35.604226144604730564 0
36.4532284101803512044 0
37.3224752469237301966 0
38.2124493893084178353 0
39.1236450826754449395 0
40.0565683577110789315 0
41.0117373114702203907 0
41.9896823951004733999 0
42.9909467084270389137 0
44.0160863015624315153 0
45.0656704837073149861 0
46.1402821393155164742 0
47.2405180517976717169 0
48.366989234943545739 0
49.5203212722477417174 0
50.7011546643256423295 0
51.9101451846144712476 0
53.1479642435557337876 0
54.4152992614614490208 0
55.7128540502721136818 0
57.0413492044166048345 0
58.4015225009932237299 0
59.79412930949265359 0
61.2199430112908302704 0
62.6797554291447056585 0
64.1743772669297243283 0
65.7046385598620474866 0
67.2713891354572695036 0
68.8754990854803850198 0
70.5178592491493390071 0
72.1993817078612352134 0
73.9210002917142219303 0
75.6836710981085900585 0
77.4883730227134748247 0
79.3361083030943490257 0
