0 319670.417492662905715
1.47901783424533632362e-05 247247.413488462625537
2.99330304411241692668e-05 233676.516772628674516
4.5436965848314362173e-05 225882.511599691817537
6.13105946432112387714e-05 220367.081060648954008
7.75627322134774861316e-05 216069.479013283998938
9.42024041508594838683e-05 212527.309145696926862
0.000111238851263530349914 209497.921049962838879
0.000128681534707955359245 206838.378637485293439
0.000146540141243125122527 204457.493945052352501
0.000164824588610077717686 202293.577065323246643
0.000183545031039696602323 200302.967316582915373
0.000202711864891841933274 198453.635421133629279
0.000222335734428947905767 196721.388814055826515
0.000242427537727292436798 195087.505136960826349
0.000262998432729221885869 193537.195687110244762
0.000284059843439691487449 192058.572377810603939
0.000305623466270564189424 190641.932620268606115
0.00032770127653618811225 189279.251609514991287
0.000350305535103864350201 187963.813790555956075
0.00037344879520289405838 186689.940080617758213
0.000397143909395989314504 185452.78253134037368
0.000421404036716917869323 184248.16736259724712
0.000446242649978345791439 183072.4731774701213
0.000471673543253936608955 181922.535570464358898
0.000497710839538862640646 180795.571268476254772
0.000524368998592981733382 179689.117398050380871
0.000551662824971035025377 178600.98235091965762
0.00057960747624432760669 177529.20563489824417
0.000608218471418454182872 176472.024882352910936
0.000637511699551747803086 175427.848515625140863
0.000667503428579235965831 174395.232945999014191
0.000698210314347006539247 173372.863438335625688
0.000729649409861996846825 172359.537960256333463
0.000761838174762346988407 171354.153477326355642
0.000794794485013575234891 170355.694265399855794
0.000828536642835958885706 169363.221896349277813
0.000863083386868634841287 168375.866619831358548
0.000898453902576065873385 167392.819917865097523
0.000934667832902648788689 166413.328058627434075
0.000971745289181384229622 165436.6864729563531
0.00100970686230266522461 164462.234839913580799
0.00104857363414938504001 163489.352804355294211
0.0010883671893047205774 162517.456213032681262
0.00112910962703908438615 161545.993769535620231
0.00117082357358291237574 160574.444137997721555
0.00121353219469209276486 159602.3133325423114
0.00125725920851302405863 158629.132434341328917
0.00130202889875443697174 157654.455562426039251
0.00134786612817330646828 156677.858060197642772
0.00139479635238232970926 155698.934901283530053
0.00144284563398665343151 154717.299258661601925
0.00149204065705768433581 153732.581231699499767
0.00154240874195203853982 152744.426733320869971
0.00159397786048384206004 151752.496461618837202
0.00164677665145882652295 150756.465036078996491
0.00170083443657882628537 149756.02018908795435
0.00175618123672553164312 148750.862066062516533
0.00181284778863251955748 147740.702623641351238
0.0018708655619548424532 146725.26507165536168
0.00193026677674563019831 145704.283398610772565
0.00199108442134944031709 144677.501969269505935
0.00205335227072225845468 143644.675161740568001
0.00211710490518836249446 142605.567059603985399
0.00218237772964442570955 141559.951198035269044
0.00224920699322156197528 140507.610356679768302
0.00231762980941620493763 139448.336384621215984
0.00238768417670101162215 138381.930066177126719
0.0024594089996272387906 137308.201024500565836
0.0025328441104303079344 136226.967658481531544
0.00260803029115055538464 135138.057111795875244
0.0026850092962814545855 134041.305267950345296
0.00276382387595789464838 132936.556773659976898
0.00284451779969737339124 131823.665089202404488
0.00292713588070731998633 130702.492563220264856
0.00301172400077200997162 129572.91053065948654
0.00309832913573292742862 128434.799432626910857
0.00318699938157670104727 127288.048957114195218
0.00327778398114511506506 126132.558199466337101
0.00337073335148201785882 124968.235841060566599
0.00346589911183233217312 123795.000346020737197
0.00356333411230868885716 122612.780174767351127
0.00366309246324164053052 121421.51401339872973
0.00376522956522971604179 120221.151017996220617
0.00386980213990603585245 119011.651072958979057
0.0039768682614385545554 117792.985062471416313
0.00408648738878142955139 116565.135154200863326
0.00419872039869543817875 115328.095094307893305
0.00431362961955575763967 114081.870512834051624
0.00443127886596590692125 112826.479238504980458
0.00455173347419705019712 111561.951621956308372
0.00467506033847237077034 110288.330866352713201
0.00480132794811664008472 109005.673364330781624
0.00493060642559162935067 107714.049040147234336
0.00506296756543846149246 106413.541695867606904
0.00519848487414858832778 105104.249360369707574
0.00533723361098545345804 103786.284639882913325
0.00547929082977957875727 102459.775068717935937
0.00562473542172025990638 101124.863458776380867
0.00577364815916760892867 99781.7082463603146607
0.00592611174050934434721 98430.4838347284385236
0.00608221083608716066304 97071.3809307729679858
0.00624203213521823570276 95704.6068741118651815
0.0064056643943379600048 94330.3859568130137632
0.00657319848629065763002 92948.9597319187014364
0.00674472745079562462783 91560.5873089279048145
0.00692034654611655905554 90165.5456338593212422
0.00710015330196302717203 88764.1297520252701361
0.00728424757365341360438 87356.6530513602046994
0.00747273159756935839715 85943.4474839891045121
0.00766571004793252606252 84524.8637636970233871
0.00786329009493521441376 83101.2715368816570845
0.00806558146425712454985 81673.0595245045697084
0.00827269649800128036021 80240.6356324911175761
0.00848475021708299144418 78804.4270279677002691
0.00870186038510647845434 77364.8801788849232253
0.0089241475737646715205 75922.4608544057991821
0.00915173522979843834246 74477.6540821014059475
0.00938474974355249860758 73030.9640604039886966
0.00962332051916601517727 71582.9140233281941619
0.00986758004643696617908 70134.0460545549722156
0.0101176639744000491927 68684.9208480937813874
0.0103737111866591211889 67236.1174127601698274
0.0106358638785159029944 65788.2327180139400298
0.0109042676359378844231 64341.8812790575830149
0.0111790715164091728623 62897.6946760133723728
0.0114604281317092805692 61456.3210068169573788
0.0117484937326657410545 60018.4242714244537638
0.012043428295927733826 58584.6836847577869776
0.0123453956128087519867 57155.7929163168955711
0.0126545633802478060814 55732.4592549590524868
0.0129711032939395665836 54315.4026982118812157
0.013295191143685210905 52905.3549604752843152
0.0136270069110169568527 51503.0584022262992221
0.0139667348691504301927 50109.2648795215936843
0.0143145636853204329814 48724.7345126661675749
0.0146706865255568728174 47350.2343739889474818
0.0150353011619591900305 45986.5370969826617511
0.015408610082528638105 44634.4194035329055623
0.0157908206036196235855 43294.6605499449869967
0.0161821449850723907138 41968.0406973184872186
0.0165828005480911193359 40655.3392066730229999
0.0169930097959328126056 39357.3328615547288791
0.0174130005374740354229 38074.7940242920521996
0.0178430060137240789619 36808.4887235939022503
0.018283265027354930754 35559.1746780429384671
0.0187340220753198297143 34327.5992657763126772
0.0191955274846341769623 33114.4974436592528946
0.0196680375513940859655 31920.5896232615486952
0.0201518146831099614902 30746.5795139178990212
0.0206471275444339540106 29593.1519279513704532
0.021154251206362339327 28460.9705657298800361
0.021673467298995600927 27350.6757903873331088
0.0222050641679412061325 26262.8824001391149068
0.0227493370344456942445 25198.1774136538297171
0.02330658815934526229 24157.1178703604673501
0.0238771270109256160408 23140.2286537208456139
0.0244612704367846468811 22148.000361401358532
0.0250593428397930736984 21180.8872301668743603
0.0256716763582509124864 20239.3051326830936887
0.0262986110503397943483 19323.6296568021389248
0.0269404950829736401785 18434.1942645372910192
0.0275976849251524034012 17571.2885649548261426
0.0282705455459264336227 16735.1567095917162078
0.0289594506170813247026 15925.9959274725824798
0.0296647827206556781443 15143.955214215833621
0.0303869335614074184693 14389.1341636948072846
0.0311263041843461325808 13661.5819818232430407
0.0318833051974526521244 12961.2966901321979094
0.0326583569997093078885 12288.2245345428582368
0.0334518900145677477997 11642.2596106486889767
0.0342643449289836074523 11023.2436859516637924
0.0350961729381513085069 10430.9662610883060552
0.0359478359960741303269 9865.16487159666030493
0.0368198070721097378555 9325.52564292395982193
0.0377125704136324832461 8811.68409674059512326
0.0386266218149593429376 8323.22618459860677831
0.0395624688926883572027 7859.68958879951333074
0.0405206313676023111015 7420.56528042037189152
0.0415016413532946840115 7005.29934354332817747
0.0425060436516780035254 6613.29503796944118221
0.0435343960555382158972 6243.91508348745810508
0.0445872696583040697971 5896.48419225612906303
0.0456652491712024530268 5570.29182698481236002
0.0467689332479766864403 5264.5951864587586897
0.0478989348173477907933 4978.62235828002212656
0.049055881423402995789 4711.57564375340734841
0.0502404155741011729241 4462.63505316909504472
0.0514531950980884680846 4230.96194473319610552
0.052694893510021816041 4015.70278932997234733
0.0539662003846042986899 3815.99298643605288817
0.0552678217395387375022 3630.96075701914378442
0.0566004804276133144381 3459.73108023248960308
0.057964916538136602997 3301.42965452547787208
0.0593618878079442829909 3155.18682976836862508
0.0607921700422071817349 3020.14146940871205516
0.062256557545272733778 2895.44475688942520719
0.0637558635617804791984 2780.26390476988535738
0.0652909207282959397345 2673.78574919490574757
0.066862581535713394576 2575.2201540138735254
0.068471718802685085925 2483.80323623307140224
0.0701192261603394845215 2398.80039294392827287
0.0718060185485571295105 2319.50910494355230185
0.0735330327240810849299 2245.26148009857979559
0.0753012277807425384202 2175.4264953153233364
0.0771115856820917544567 2109.41195962993288049
0.0789651118067297291825 2046.66616933005980172
0.0808628355066428466946 1986.67924747116194339
0.082805810678851551887 1928.98412331883901061
0.0847951163506901472999 1873.15717220695387368
0.0868318572790420101226 1818.81851782398598516
0.0889171645638645730125 1765.63199477523608039
0.0910521962763429643095 1713.30476519551484671
0.0932381381020226662759 1661.58658943754653592
0.0954762039992778782649 1610.26878680765230456
0.0977676368734803485916 1559.18289209095769365
0.100113709267244527235 1508.19902641128601317
0.102515724067131927533 1457.22398766685046212
0.10497501522720582845 1406.19910103740016893
0.107492948509840716143 1355.09785394661321334
0.110070922244195040784 1303.92334110427782434
0.112710368102770727705 1252.70554369734441025
0.115412751896489904069 1201.4984767846513023
0.118179574388729474732 1150.37724240365582773
0.121012372128767309309 1099.43501737953897646
0.123912718305102045879 1048.78000778961450123
0.12688222361911946634 998.532403866096615275
0.129922537179593122758 948.821370732281934579
0.133035347418512750473 899.782104710720204821
0.136222383028751864442 851.55298420170117879
0.139485413924094303617 804.272846511959642157
0.14282625222215136751 758.078418090621539704
0.146246753250718647399 713.101920671328798562
0.149748816578127719179 669.468874886812272962
0.153334387068167932178 627.296121981084638719
0.157005455960163020634 586.690082331519420222
0.160764061974800948063 547.745259571351652994
0.164612292446333852158 510.543000748762153762
0.168552284481775171976 475.150518832693137483
0.172586226147736859771 441.620183066632932878
0.176716357685568842273 409.98907242264465367
0.180944972755471472636 380.278787922086110029
0.185274419710275528583 352.495516533757779598
0.189707102899595775325 326.630335881262851672
0.194245484005080598644 302.659742933950440147
0.198892083407502445747 280.546388773591331756
0.20364948158644677334 260.239999845683200874
0.208520320553374771677 241.678462496661666137
0.213507305318860807208 224.78904224460234218
0.21861320539481307601 209.489712925282532296
0.223840856332516963123 195.69056833374878579
0.229193161297353537043 183.295289663924819479
0.234673092681065148524 172.202635643177671909
0.24028369375246785844 162.307933353952876132
0.24602808034752537969 153.504546841145270264
0.251909442599720589939 145.685303885296548287
0.257931046711691480677 138.743857055445488413
0.264096236769108927422 132.575964558292781703
0.270408436597808166102 127.080679754686528327
0.276871151665204429104 122.16143450703974338
0.283487971027045593253 117.726997581560013373
0.29026256932058897009 113.6922882856201511
0.297198708805301803348 109.979036643466514533
0.304300241452225228578 106.516279631079498813
0.31157111108315971304 103.240692474865539907
0.319015355560856472827 100.09675697537275596
0.326637109031437389284 97.0367847704104207196
0.334440604220285597759 94.0208082354397731706
0.342430174782679064283 91.0163530905636548596
0.350610257710479267246 87.9981032032484620231
0.358985395796203865526 84.9474747955959514911
0.367560240155858197753 81.8521147543069957919
0.376339552811924160647 78.7053369820131507595
0.385328209337937543921 75.5055105587792496635
0.394531201566129363645 72.255415931502156468
0.403953640359630328227 68.9615853602892343588
0.413600758450776373465 65.6336413874518029843
0.423477913347098611219 62.283646695916182523
0.433590590306601797455 58.9254781341188120791
0.443944405383992157788 55.574236008746751736
0.454545108549543663834 52.2456971119099904399
0.465398586882329712289 48.9558183205891879197
0.476510867839601670592 45.7202966495014848647
0.487888122604126728277 42.5541886619056199947
0.499536669511338460303 39.4715905267331379491
0.511462977558215237117 36.485378511233633958
0.523673669995821433609 33.6070090963558811836
0.536175528007517998574 30.8463756431668087998
0.548975494474880365559 28.2117175398851252055
0.562080677833410091715 25.7095774411685660255
0.575498356020194501426 23.3448018722633889865
0.589235980515690260795 21.1205796912553509515
0.603301180481889853802 19.0385124080847418782
0.617701766999163015548 17.0987109778965233886
0.632445737404120800207 15.2999137206930306832
0.647541279730922347824 13.6396200199138935005
0.662996777258484493167 12.1142347412607982449
0.678820813166114755965 10.7192190242951497225
0.695022175300167410761 9.44924350987946759517
0.711609861054352199616 8.2983400351656229077
0.728593082366420286 7.26004874393508892183
0.745981270833997012204 6.32755802273259071455
0.763784082952397302968 5.4938351287330959849
0.78201140547734182551 4.75174527931962931149
0.800673360915550302863 4.09415793489707002806
0.819780313146248662548 3.51403967330721389573
0.839342873176735060348 3.00453334137965599737
0.859371905035176353316 2.55902345385808738243
0.879878531803925723054 2.17118848172652301187
0.900874141796706662255 1.83504169951222428914
0.922370394883085698012 1.54496190415358802817
0.944379228963758921012 1.29571517157659621411
0.966912866600243892101 1.08246811488472349794
0.989983821802648988886 0.900793442752195194778
1.01360490697930982762 0.746667841792455266869
1.03778924005212846993 0.616462574884279246312
1.06255025174158768131 0.506927435975104923038
1.08790169302547656827 0.415169893114952170965
1.11385764277546384093 0.338631079777852173063
1.14043251557577240973 0.275060138136806964226
1.16764106972829284636 0.222487884594092771851
1.19549841544856993991 0.179200729456920004878
1.22402002325723802123 0.143715420989222186776
1.25322173257153668402 0.114754905584748448377
1.28311976050170151176 0.0912254553517227312343
1.31373071085710679817 0.0721952370878309046542
1.34507158336715049174 0.0568745142423365962481
1.37715978312202813605 0.0445974952024272286444
1.41001313023860652685 0.0348058236742678425713
1.44364986975679276959 0.0270336648733391672617
1.47808868177188434956 0.0208944064938522688912
1.51334869180851439019 0.0160688730607144725226
1.54944948144197880424 0.0122949582855610591026
1.58641109917282419062 0.00935854904937745597782
1.62425407156073853265 0.00708566755913717614968
1.66299941462393996439 0.00533570949656075356471
1.70266864551037433451 0.0039956630827816027457
1.74328379444722192382 0.00297518947724369816482
1.78486741697534423423 0.0022024737639285921903
1.82744260647545031517 0.00162074972621971077381
1.8710330069929632657 0.00118540563394797186098
1.91566282636869011924 0.000861586154947813491652
1.96135684968260814998 0.000622219755799176417986
2.00814045301819232847 0.000446408745838605474591
2.05603961755498154673 0.0003181222654186059858
2.10508094399717426981 0.000225141375787536306705
2.15529166734626898005 0.00015821291066424734875
2.20669967202598504841 0.000110376659617244561465
2.25933350736779736678 7.64333203874646645347e-05
2.31322240346576313286 5.25265359336459913137e-05
2.36839628740939467377 3.58165524712442532901e-05
2.4248857999036066424 2.42277863051892476144e-05
2.48272231228496575994 1.62548154550557216876e-05
2.54193794394371463952 1.08143624632196577251e-05
2.60256558016118821897 7.1331385511648530713e-06
2.66463889037259971104 4.66368017035103733011e-06
2.72819234686529599188 3.0216902699091890428e-06
2.79326124392286168074 1.93976020900327888159e-06
2.85988171742575181256 1.23346360483103295069e-06
2.92809076491924846763 7.76758958135208064917e-07
2.99792626615999280304 4.84314592265296391902e-07
3.06942700415242786249 2.98916634280193203291e-07
3.14263268668685302742 1.82580922833019283942e-07
3.21758396839109073184 1.10342688744846724365e-07
3.29432247330791616591 6.59647237306108988758e-08
3.37289081801090917523 3.89990774444915558677e-08
3.45333263527147460437 2.27963452869691594451e-08
3.53569259829021076413 1.31714332107987867169e-08
3.62001644550610102158 7.52036722011296120892e-09
3.70635100599723177339 4.2418733393842752317e-09
3.79474422548724588111 2.36299373440119456262e-09
3.88524519297190229494 1.29963957293102477107e-09
3.97790416798054646819 7.05506356112718886015e-10
4.0727726084876323398 3.77878225316756712625e-10
4.16990319948983412246 1.9963278364402162561e-10
4.2693498822645103985 1.03991080644897829998e-10
4.37116788432590741564 5.33939762827628425794e-11
4.47541375009564745824 2.70121830909188904293e-11
4.58214537230454421746 1.34597620420521816633e-11
4.69142202414325115711 6.60339701412037998138e-12
4.80330439217945759367 3.18847714869714543161e-12
4.91785461006008262075 1.5146353137969388417e-12
5.03513629301706266972 7.07557168400880251176e-13
5.15521457319593690016 3.24917260015928382956e-13
5.27815613582688314409 1.46609721601113738269e-13
5.40402925625817420752 6.4974018180507779287e-14
5.53290383787278816641 2.82685912677789955164e-14
5.66485145090910879873 1.20690484317803062609e-14
5.79994537220729267091 5.05426513309258252524e-15
5.93826062590346204217 2.07517335961510366195e-15
6.0798740250941447627 8.34916035372998374273e-16
6.22486421449431048813 3.29021666267350863107e-16
6.37331171411254615577 1.26941369140658339566e-16
6.52529896396768016587 4.79247565421974361449e-17
6.68091036987166475569 1.76950543101602370029e-17
6.84023235030422682712 6.38638695825722524747e-18
7.00335338440511989688 2.25198040638709734184e-18
7.17036406111088364668 7.7543370421937701754e-19
7.34135712946321739025 2.6057028279048246274e-19
7.51642755011695307132 8.5397194565622601474e-20
7.69567254807632572522 2.7282564327549290147e-20
7.87919166668859727309 8.49176735028777287959e-21
8.06708682292530632196 2.57324792619544652143e-21
8.25946236398164046477 7.58617821527716417389e-22
8.45642512522542411091 2.17466297902150949999e-22
8.65808448952798670462 6.05796918044293359373e-23
8.86455244800962383067 1.63869082724585554182e-23
9.07594366223370663249 4.3006008839387661069e-24
9.2923755278837294469 1.09438455781066735292e-24
9.51396823995876594893 2.69871609008376338968e-25
9.74084485952350043192 6.44364307167198452246e-26
9.97313138205001337155 1.48817280182707832904e-26
10.2109568073890084605 3.32217694269514661417e-27
10.4544532114096853093 7.16466681376317665002e-28
10.7037558193477924107 1.49139425646820673093e-28
10.9590030809026650616 2.99296891594503753458e-29
11.2203367471250619047 5.78551158051585199744e-30
11.4879019491382230456 1.0767324507518316149e-30
11.7618472787362016163 1.92758261819983245531e-31
12.0423248709040127125 3.31493435312794859969e-32
12.3294904883054616818 5.4698361015685747548e-33
12.6235036077857145642 8.6569859905518826818e-34
12.9245275089363076404 1.31306655658760301794e-34
13.2327293647722257219 1.90581876619356696875e-35
13.5482803345710802745 2.64267764230418489916e-36
13.8713556589260438301 3.50005482932524099851e-37
14.2021347570654477011 4.42471969667692456272e-38
14.540801326492754697 5.3303344493092063348e-39
14.8875434450026826738 6.1057878381065419541e-40
15.2425536751298125182 6.6485441386658372957e-41
15.606029171087794083 6.88009832327517985099e-42
15.9781717882585159174 6.75410172213127573072e-43
16.3591881952921980314 6.27239143750495635991e-44
16.7492899888802391217 5.50698023160869024295e-45
17.1486938112651152721 4.57306336083285692009e-46
17.5576214705521991277 3.58525736449130676692e-47
17.9763000638904024697 2.64448832458182391514e-48
18.4049621035902433164 1.83237149506395552894e-49
18.8438456462488979071 1.19457862830335490443e-50
19.2931944249545850312 0
19.7532579846432021498 0
20.2242918206825734728 0
20.7065575207614216424 0
21.2003229101613541729 0
21.7058622004932395555 0
22.2234561419800122906 0
22.7533921793707669678 0
23.2959646115725647064 0
23.8514747550889048 0
24.4202311113549939137 0
25.0025495380635440767 0
25.5987534245756798157 0
26.2091738715145048388 0
26.8341498746413620324 0
27.4740285131161527943 0
28.1291651422472490651 0
28.7999235908372881454 0
29.4866763632347037571 0
30.1898048462034900297 0
30.9096995207252476234 0
31.6467601788522010509 0
32.4013961457308852232 0
33.1740265069199580239 0
33.9650803411287611766 0
34.7749969585049427678 0
35.604226144604730564 0
36.4532284101803512044 0
37.3224752469237301966 0
38.2124493893084178353 0
39.1236450826754449395 0
40.0565683577110789315 0
41.0117373114702203907 0
41.9896823951004733999 0
42.9909467084270389137 0
44.0160863015624315153 0
45.0656704837073149861 0
46.1402821393155164742 0
47.2405180517976717169 0
48.366989234943545739 0
49.5203212722477417174 0
50.7011546643256423295 0
51.9101451846144712476 0
53.1479642435557337876 0
54.4152992614614490208 0
55.7128540502721136818 0
57.0413492044166048345 0
58.4015225009932237299 0
59.79412930949265359 0
61.2199430112908302704 0
62.6797554291447056585 0
64.1743772669297243283 0
65.7046385598620474866 0
67.2713891354572695036 0
68.8754990854803850198 0
70.5178592491493390071 0
72.1993817078612352134 0
73.9210002917142219303 0
75.6836710981085900585 0
77.4883730227134748247 0
79.3361083030943490257 0
