0.00000000000000000 0.00000000089272261 0.00000013144930810
0.00001479017834245 -0.00000019682018355 -0.00002898192884755
0.00002993303044112 -0.00000062385643252 -0.00009186336440166
0.00004543696584831 -0.00000123696926280 -0.00018214474160223
0.00006131059464321 -0.00000202418993190 -0.00029806366049054
0.00007756273221348 -0.00000298180531200 -0.00043907336685619
0.00009420240415086 -0.00000411000039669 -0.00060520110797852
0.00011123885126353 -0.00000541126750134 -0.00079681388623204
0.00012868153470796 -0.00000688967217538 -0.00101451036416465
0.00014654014124313 -0.00000855046925659 -0.00125906432823339
0.00016482458861008 -0.00001039988643796 -0.00153139281890133
0.00018354503103970 -0.00001244499650506 -0.00183253731751517
0.00020271186489184 -0.00001469364009789 -0.00216365237295106
0.00022233573442895 -0.00001715437921586 -0.00252599875521625
0.00024242753772729 -0.00001983647045700 -0.00292093951491441
0.00026299843272922 -0.00002274985178483 -0.00334993803468290
0.00028405984343969 -0.00002590513900754 -0.00381455751075798
0.00030562346627056 -0.00002931362960629 -0.00431646151671775
0.00032770127653619 -0.00003298731236269 -0.00485741542115409
0.00035030553510386 -0.00003693888172743 -0.00543928850347231
0.00037344879520289 -0.00004118175618751 -0.00606405665849777
0.00039714390939599 -0.00004573010011503 -0.00673380561374221
0.00042140403671692 -0.00005059884871741 -0.00745073460334938
0.00044624264997835 -0.00005580373579035 -0.00821716045475614
0.00047167354325394 -0.00006136132413260 -0.00903552206729206
0.00049771083953886 -0.00006728903842670 -0.00990838525390990
0.00052436899859298 -0.00007360520054410 -0.01083844793988942
0.00055166282497104 -0.00008032906720987 -0.01182854570900229
0.00057960747624433 -0.00008748086999028 -0.01288165769171000
0.00060821847141845 -0.00009508185762317 -0.01400091279834776
0.00063751169955175 -0.00010315434070356 -0.01518959629910560
0.00066750342857924 -0.00011172173875973 -0.01645115675600237
0.00069821031434701 -0.00012080862976942 -0.01778921331418366
0.00072964940986200 -0.00013044080217733 -0.01920756336150718
0.00076183817476235 -0.00014064530948426 -0.02071019056682019
0.00079479448501358 -0.00015145052748753 -0.02230127330862672
0.00082853664283596 -0.00016288621426014 -0.02398519350702362
0.00086308338686863 -0.00017498357296347 -0.02576654587287897
0.00089845390257607 -0.00018777531759630 -0.02765014758937494
0.00093466783290265 -0.00020129574179348 -0.02964104844260362
0.00097174528918138 -0.00021558079077908 -0.03174454141665300
0.00100970686230267 -0.00023066813659878 -0.03396617377155117
0.00104857363414939 -0.00024659725677164 -0.03631175862470663
0.00108836718930472 -0.00026340951648407 -0.03878738705392153
0.00112910962703908 -0.00028114825445027 -0.04139944074029048
0.00117082357358291 -0.00029985887263109 -0.04415460517922020
0.00121353219469209 -0.00031958892990729 -0.04705988347373637
0.00125725920851302 -0.00034038823990857 -0.05012261073969673
0.00130202889875444 -0.00036230897314515 -0.05335046914454082
0.00134786612817331 -0.00038540576360765 -0.05675150360397298
0.00139479635238233 -0.00040973582003159 -0.06033413816548779
0.00144284563398665 -0.00043535904199074 -0.06410719310290919
0.00149204065705768 -0.00046233814101867 -0.06807990275131130
0.00154240874195204 -0.00049073876696969 -0.07226193411339221
0.00159397786048384 -0.00052062963978232 -0.07666340626134788
0.00164677665145883 -0.00055208268692116 -0.08129491057483017
0.00170083443657883 -0.00058517318664723 -0.08616753183711884
0.00175618123672553 -0.00061997991738679 -0.09129287022922643
0.00181284778863252 -0.00065658531343256 -0.09668306425640352
0.00187086556195484 -0.00069507562718118 -0.10235081463703212
0.00193026677674563 -0.00073554109819040 -0.10830940919566917
0.00199108442134944 -0.00077807612930946 -0.11457274879751610
0.00205335227072226 -0.00082277947012200 -0.12115537435960295
0.00211710490518836 -0.00086975440798909 -0.12807249498096893
0.00218237772964443 -0.00091910896697415 -0.13534001723336503
0.00224920699322156 -0.00097095611493383 -0.14297457565427410
0.00231762980941620 -0.00102541397905741 -0.15099356448384627
0.00238768417670101 -0.00108260607016712 -0.15941517069175395
0.00245940899962724 -0.00114266151608895 -0.16825840833950936
0.00253284411043031 -0.00120571530440869 -0.17754315432460113
0.00260803029115056 -0.00127190853493883 -0.18729018555436452
0.00268500929628145 -0.00134138868222290 -0.19752121759766592
0.00276382387595789 -0.00141430986842030 -0.20825894486489555
0.00284451779969737 -0.00149083314691784 -0.21952708236721741
0.00292713588070732 -0.00157112679701892 -0.23135040910674204
0.00301172400077201 -0.00165536663006900 -0.24375481315039590
0.00309832913573293 -0.00174373630738192 -0.25676733844114302
0.00318699938157670 -0.00183642767033726 -0.27041623340104010
0.00327778398114512 -0.00193364108302380 -0.28473100138132734
0.00337073335148202 -0.00203558578780814 -0.29974245301530167
0.00346589911183233 -0.00214248027421294 -0.31548276053059793
0.00356333411230869 -0.00225455266149166 -0.33198551407774368
0.00366309246324164 -0.00237204109528883 -0.34928578013226286
0.00376522956522972 -0.00249519415877680 -0.36742016202783062
0.00386980213990604 -0.00262427129866076 -0.38642686267810811
0.00397686826143855 -0.00275954326644322 -0.40634574954480329
0.00408648738878143 -0.00290129257533786 -0.42721842190929732
0.00419872039869544 -0.00304981397321976 -0.44908828050475408
0.00431362961955576 -0.00320541493199498 -0.47200059956501367
0.00443127886596591 -0.00336841615376666 -0.49600260134573682
0.00455173347419705 -0.00353915209416781 -0.52114353317217765
0.00467506033847237 -0.00371797150322142 -0.54747474706661881
0.00480132794811664 -0.00390523798407795 -0.57504978200686496
0.00493060642559163 -0.00410133056996663 -0.60392444886522856
0.00506296756543846 -0.00430664431968193 -0.63415691807517305
0.00519848487414859 -0.00452159093190829 -0.66580781007011158
0.00533723361098545 -0.00474659937866576 -0.69894028853578993
0.00547929082977958 -0.00498211655813556 -0.73362015651423829
0.00562473542172026 -0.00522860796709803 -0.76991595539330615
0.00577364815916761 -0.00548655839318529 -0.80789906681137058
0.00592611174050934 -0.00575647262711753 -0.84764381750185480
0.00608221083608716 -0.00603887619505433 -0.88922758709664895
0.00624203213521824 -0.00633431611115077 -0.93273091890137083
0.00640566439433796 -0.00664336165036232 -0.97823763364865202
0.00657319848629066 -0.00696660514149185 -1.02583494622813731
0.00674472745079562 -0.00730466278041756 -1.07561358538381091
0.00692034654611656 -0.00765817546337521 -1.12766791635965413
0.00710015330196303 -0.00802780964010634 -1.18209606646543475
0.00728424757365341 -0.00841425818660964 -1.23900005352350862
0.00747273159756936 -0.00881824129715293 -1.29848591714566264
0.00766571004793253 -0.00924050739511779 -1.36066385277645896
0.00786329009493521 -0.00968183406215545 -1.42564834842568922
0.00806558146425712 -0.01014302898503197 -1.49355832399774524
0.00827269649800128 -0.01062493091943188 -1.56451727310956001
0.00848475021708299 -0.01112841066987222 -1.63865340727149200
0.00870186038510648 -0.01165437208475656 -1.71609980228746051
0.00892414757376467 -0.01220375306546343 -1.79699454671057768
0.00915173522979844 -0.01277752658819158 -1.88148089216527548
0.00938474974355250 -0.01337670173717109 -1.96970740532994948
0.00962332051916602 -0.01400232474766057 -2.06182812134643179
0.00986758004643697 -0.01465548005697483 -2.15800269839651193
0.01011766397440005 -0.01533729136159883 -2.25839657315785303
0.01037371118665912 -0.01604892267824248 -2.36318111682197696
0.01063586387851590 -0.01679157940648481 -2.47253379132644113
0.01090426763593788 -0.01756650939044275 -2.58663830542185558
0.01117907151640917 -0.01837500397655868 -2.70568477014399900
0.01146042813170928 -0.01921839906447719 -2.82986985324291540
0.01174849373266574 -0.02009807614766093 -2.95939693207353116
0.01204342829592773 -0.02101546334009948 -3.09447624440853009
0.01234539561280875 -0.02197203638517284 -3.23532503659104176
0.01265456338024781 -0.02296931964243480 -3.38216770840081971
0.01297110329393957 -0.02400888704779111 -3.53523595396460832
0.01329519114368521 -0.02509236304194735 -3.69476889795285190
0.01362700691101696 -0.02622142346195684 -3.86101322629803834
0.01396673486915043 -0.02739779639020814 -4.03422331059741790
0.01431456368532043 -0.02862326295475336 -4.21466132529807069
0.01467068652555687 -0.02989965807449650 -4.40259735670560826
0.01503530116195919 -0.03122887114246761 -4.59830950281436568
0.01540861008252864 -0.03261284663959171 -4.80208396283627525
0.01579082060361962 -0.03405358467105411 -5.01421511525990837
0.01618214498507239 -0.03555314141721971 -5.23500558324964427
0.01658280054809112 -0.03711362949021738 -5.46476628606970927
0.01699300979593281 -0.03873721818690148 -5.70381647515873791
0.01741300053747404 -0.04042613362865582 -5.95248375344355463
0.01784300601372408 -0.04218265877720707 -6.21110407628925376
0.01828326502735493 -0.04400913331548739 -6.48002173246332802
0.01873402207531983 -0.04590795338258150 -6.75958930349026321
0.01919552748463418 -0.04788157115058485 -7.05016759959445949
0.01966803755139409 -0.04993249423094121 -7.35212557039055881
0.02015181468310996 -0.05206328489759336 -7.66584018844508464
0.02064712754443395 -0.05427655911184927 -7.99169630347445548
0.02115425120636234 -0.05657498533565598 -8.33008646520725371
0.02167346729899560 -0.05896128311865385 -8.68141071274324716
0.02220506416794121 -0.06143822144351702 -9.04607632811340245
0.02274933703444569 -0.06400861681452455 -9.42449755180846438
0.02330658815934526 -0.06667533107184546 -9.81709525768063962
0.02387712701092562 -0.06944126891397134 -10.22429658461428659
0.02446127043678465 -0.07230937511271197 -10.64653452265224942
0.02505934283979307 -0.07528263140243355 -11.08424745086053242
0.02567167635825091 -0.07836405302626669 -11.53787862436698930
0.02629861105033979 -0.08155668492060743 -12.00787560780184471
0.02694049508297364 -0.08486359751599061 -12.49468965188899361
0.02759768492515240 -0.08828788213893202 -12.99877501089489407
0.02827054554592643 -0.09183264599485537 -13.52058819798110356
0.02895945061708132 -0.09550100671379058 -14.06058717573613670
0.02966478272065568 -0.09929608644027157 -14.61923047912294926
0.03038693356140742 -0.10322100544247698 -15.19697626713667482
0.03112630418434613 -0.10727887522743404 -15.79428130119967655
0.03188330519745265 -0.11147279114304301 -16.41159984742663980
0.03265835699970931 -0.11580582445024994 -17.04938250026946633
0.03345189001456775 -0.12028101384886056 -17.70807492507439207
0.03426434492898361 -0.12490135643176356 -18.38811651579760209
0.03509617293815131 -0.12966979806108117 -19.08993896688431491
0.03594783599607413 -0.13458922315099997 -19.81396475702474547
0.03681980707210974 -0.13966244384760654 -20.56060554331897094
0.03771257041363248 -0.14489218859377179 -21.33026046404540921
0.03862662181495934 -0.15028109005976856 -22.12331434714218403
0.03956246889268836 -0.15583167244657051 -22.94013582537710860
0.04052063136760231 -0.16154633815534408 -23.78107535720175036
0.04150164135329468 -0.16742735382788962 -24.64646315394048415
0.04250604365167800 -0.17347683574996486 -25.53660701207537542
0.04353439605553822 -0.17969673461343438 -26.45179004997692829
0.04458726965830407 -0.18608881965784785 -27.39226835206309474
0.04566524917120245 -0.19265466219228927 -28.35826852045774160
0.04676893324797669 -0.19939561851173326 -29.34998513619383331
0.04789893481734779 -0.20631281218342604 -30.36757812630262876
0.04905588142340300 -0.21340711570893953 -31.41117003757057091
0.05024041557410117 -0.22067913156387159 -32.48084321720769907
0.05145319509808847 -0.22812917259710824 -33.57663689772027737
0.05269489351002182 -0.23575724177275606 -34.69854418346108105
0.05396620038460430 -0.24356301118449500 -35.84650892847224668
0.05526782173953874 -0.25154580035056973 -37.02042250680547397
0.05660048042761331 -0.25970455376801105 -38.22012047214532515
0.05796491653813660 -0.26803781773848601 -39.44537910854972296
0.05936188780794428 -0.27654371647599613 -40.69591187380228092
0.06079217004220718 -0.28521992755136666 -41.97136574346151150
0.06225655754527273 -0.29406365684529756 -43.27131748091564845
0.06375586356178048 -0.30307161318223813 -44.59526985882121863
0.06529092072829594 -0.31223998289843741 -45.94264786925847233
0.06686258153571339 -0.32156440454753021 -47.31279495255687806
0.06847171880268509 -0.33103994408341370 -48.70496929486267845
0.07011922616033948 -0.34066107083778652 -50.11834024123061226
0.07180601854855713 -0.35042163459522713 -51.55198486890017762
0.07353303272408108 -0.36031484401215236 -53.00488475709864389
0.07530122778074254 -0.37033324654121241 -54.47592297722965782
0.07711158568209175 -0.38046871010869332 -55.96388134004699566
0.07896511180672973 -0.39071240663457557 -57.46743791315867611
0.08086283550664285 -0.40105479748120104 -58.98516482171665842
0.08280581067885155 -0.41148562073107919 -60.51552631781942893
0.08479511635069015 -0.42199388035822732 -62.05687712838808068
0.08683185727904201 -0.43256783734388404 -63.60746108931205356
0.08891716456386457 -0.44319500280639118 -65.16541007648369543
0.09105219627634296 -0.45386213320708391 -66.72874324317946559
0.09323813810202267 -0.46455522768922186 -68.29536657253765952
0.09547620399927788 -0.47525952785350328 -69.86307279033397322
0.09776763687348035 -0.48595952013152011 -71.42954166228761892
0.10011370926724453 -0.49663894098960365 -72.99234071068538299
0.10251572406713193 -0.50728078498283136 -74.54892635369841969
0.10497501522720583 -0.51786731597275371 -76.09664551425365175
0.10749294850984072 -0.52838008171911666 -77.63273773011542289
0.11007092224419504 -0.53879993205849297 -79.15433779728272157
0.11271036810277073 -0.54910704076291328 -80.65847896111569071
0.11541275189648990 -0.55928093122650957 -82.14209667775151047
0.11817957438872947 -0.56930050631544660 -83.60203299616487982
0.12101237212876731 -0.57914408253578331 -85.03504158454383344
0.12391271830510205 -0.58878942871077478 -86.43779343016645100
0.12688222361911947 -0.59821380914795841 -87.80688321066703850
0.12992253717959312 -0.60739403163681527 -89.13883638808226806
0.13303534741851275 -0.61630650038255519 -90.43011704226800873
0.13622238302875186 -0.62492727400544335 -91.67713646389573512
0.13948541392409430 -0.63323212851086208 -92.87626249395229650
0.14282625222215137 -0.64119662532759891 -94.02382962527009624
0.14624675325071865 -0.64879618447281062 -95.11614987594121828
0.14974881657812772 -0.65600616275317891 -96.14952442242611141
0.15333438706816793 -0.66280193682014821 -97.12025596658274651
0.15700545596016302 -0.66915899082967767 -98.02466180076233115
0.16076406197480095 -0.67505300862411477 -98.85908756020758403
0.16461229244633385 -0.68045997010396664 -99.61992161481063590
0.16855228448177517 -0.68535625145106804 -100.30361005140862574
0.17258622614773686 -0.68971872875417006 -100.90667218101302183
0.17671635768556884 -0.69352488477019070 -101.42571653274787025
0.18094497275547147 -0.69675291839254094 -101.85745727200091437
0.18527441971027553 -0.69938185634019046 -102.19873097165113052
0.18970710289959578 -0.70139166651501317 -102.44651365502649298
0.19424548400508060 -0.70276337239172948 -102.59793801729388463
0.19889208340750245 -0.70347916740732863 -102.65031067372821383
0.20364948158644677 -0.70352252776237312 -102.60112920196921493
0.20852032055337477 -0.70287832133769956 -102.44809864209051398
0.21350730531886081 -0.70153290967504445 -102.18914700908358384
0.21861320539481308 -0.69947423873785763 -101.82243919409009436
0.22384085633251696 -0.69669191358711380 -101.34638854801406183
0.22919316129735354 -0.69317725212211834 -100.75966544643858924
0.23467309268106515 -0.68892331500071824 -100.06120242519666874
0.24028369375246786 -0.68392491140713174 -99.25019584987981602
0.24602808034752538 -0.67817858522648578 -98.32610479483734878
0.25190944259972059 -0.67168259177618805 -97.28864861663318209
0.25793104671169148 -0.66443688130827494 -96.13780558057040082
0.26409623676910893 -0.65644310782004256 -94.87381522049939520
0.27040843659780817 -0.64770467914982344 -93.49718672120465612
0.27687115166520443 -0.63822685535789503 -92.00871429466614870
0.28348797102704559 -0.62801688707171632 -90.40949829573408181
0.29026256932058897 -0.61708416922076392 -88.70096848108701693
0.29719870880530180 -0.60544037640189730 -86.88490450956565780
0.30430024145222523 -0.59309955239873957 -84.96344972367415949
0.31157111108315971 -0.58007814159203719 -82.93911647016645361
0.31901535556085647 -0.56639496732678196 -80.81478372799742260
0.32663710903143739 -0.55207117005844919 -78.59368891212464803
0.33444060422028560 -0.53713012013355577 -76.27941600293051749
0.34243017478267906 -0.52159731587963021 -73.87588153506685273
0.35061025771047927 -0.50550027396540420 -71.38731944655071970
0.35898539579620387 -0.48886841310090928 -68.81826493272073719
0.36756024015585820 -0.47173292992082422 -66.17353713402687276
0.37633955281192416 -0.45412666543575808 -63.45822042701426113
0.38532820933793754 -0.43608396187380288 -60.67764430478125348
0.39453120156612936 -0.41764051018464265 -57.83736189764156421
0.40395364035963033 -0.39883318825897385 -54.94312714536255271
0.41360075845077637 -0.37969989193837828 -52.00087092762345975
0.42347791334709861 -0.36027936150940881 -49.01667654580389666
0.43359059030660180 -0.34061100746627765 -45.99675510848059190
0.44394440538399216 -0.32073473651631296 -42.94742094819201839
0.45454510854954366 -0.30069078029567869 -39.87506741855511905
0.46539858688232971 -0.28051952846003708 -36.78614329912110037
0.47651086783960167 -0.26026136907528868 -33.68713022575430927
0.48788812260412673 -0.23995653589149818 -30.58452106189628950
0.49953666951133846 -0.21964496306963405 -27.48479927456359917
0.51146297755821524 -0.19936614745422096 -24.39441930784864709
0.52367366999582143 -0.17915901948473517 -21.31978810121382750
0.53617552800751800 -0.15906182176963168 -18.26724758992311237
0.54897549447488037 -0.13911199429026674 -15.24305801762388946
0.56208067783341009 -0.11934606574383665 -12.25338197597393020
0.57549835602019450 -0.09979955098183704 -9.30426915963108137
0.58923598051569026 -0.08050685409528616 -6.40164176886070102
0.60330118048188985 -0.06150117587214701 -3.55128036507804357
0.61770176699916302 -0.04281442571804755 -0.75881019537749761
0.63244573740412080 -0.02447713827760864 1.97031197529929791
0.64754127973092235 -0.00651839551833249 4.63081040248027520
0.66299677725848449 0.01103424602626652 7.21760232749797037
0.67882081316611476 0.02815482206088498 9.72580926388786082
0.69502217530016741 0.04481902090628061 12.15076756030098259
0.71160986105435220 0.06100423717541390 14.48803822531440666
0.72859308236642029 0.07668961983056517 16.73341622550016794
0.74598127083399701 0.09185611575912259 18.88293946575425863
0.76378408295239730 0.10648651021008997 20.93289766784964812
0.78201140547734183 0.12056546490626480 22.87984122300182221
0.80067336091555030 0.13407955245723005 24.72058970079662998
0.81978031314624866 0.14701728073788348 26.45223887046483568
0.83934287317673506 0.15936909416994940 28.07216402447089365
0.85937190503517635 0.17112733246850503 29.57801648202438827
0.87987853180392572 0.18228612556459159 30.96771010045718242
0.90087414179670666 0.19284121105055427 32.23939619232192655
0.92237039488308570 0.20278968300977523 33.39142909560485606
0.94437922896375892 0.21212971330441327 34.42232976573318126
0.96691286660024389 0.22086031464141781 35.33075877820648714
0.98998382180264899 0.22898121476571887 36.11550935195012357
1.01360490697930983 0.23649287918213505 36.77552515354211948
1.03778924005212847 0.24339666511498817 37.30993872742948980
1.06255025174158768 0.24969504455762245 37.71811969619659521
1.08790169302547657 0.25539182022356760 37.99972050904160170
1.11385764277546384 0.26049228169378236 38.15471188300290351
1.14043251557577241 0.26500328440984355 38.18340589732923007
1.16764106972829285 0.26893326261207590 38.08646903250323845
1.19549841544856994 0.27229219740597355 37.86492877856389327
1.22402002325723802 0.27509155940850344 37.52017692558633399
1.25322173257153668 0.27734423878918107 37.05397147987474682
1.28311976050170151 0.27906446927302009 36.46843814742261713
1.31373071085710680 0.28026774776826524 35.76607160236019212
1.34507158336715049 0.28097074770427710 34.94973624842567972
1.37715978312202814 0.28119122495978688 34.02266632673885738
1.41001313023860653 0.28094791603446490 32.98846535528588930
1.44364986975679277 0.28026043009627810 31.85110519131093554
1.47808868177188435 0.27914913490597276 30.61492471712970698
1.51334869180851439 0.27763503879939339 29.28462844547648203
1.54944948144197880 0.27573967078070000 27.86528527405106104
1.58641109917282419 0.27348496242228276 26.36232785553664826
1.62425407156073853 0.27089313206851762 24.78155248778207209
1.66299941462393996 0.26798657275192728 23.12911954247957169
1.70266864551037433 0.26478774452780934 21.41155431026183464
1.74328379444722192 0.26131907299274365 19.63574832792051694
1.78486741697534423 0.25760285311131914 17.80896080452698271
1.82744260647545032 0.25366115735435452 15.93881973507613381
1.87103300699296327 0.24951574733314416 14.03332232285434245
1.91566282636869012 0.24518798884469706 12.10083448266324879
1.96135684968260815 0.24069876944538160 10.15008905107762338
2.00814045301819233 0.23606841694937786 8.19018211776317173
2.05603961755498155 0.23131661889763663 6.23056709502679151
2.10508094399717427 0.22646234385736699 4.28104614240096026
2.15529166734626898 0.22152376655582132 2.35175858890541578
2.20669967202598505 0.21651819785986026 0.45316542739225296
2.25933350736779737 0.21146202282426280 -1.40397095712755871
2.31322240346576313 0.20637065028033308 -3.20861300723873688
2.36839628740939467 0.20125847840134306 -4.94948138852678454
2.42488579990360664 0.19613887840888564 -6.61509763690780517
2.48272231228496576 0.19102419892581515 -8.19383814307719760
2.54193794394371464 0.18592579200670184 -9.67400181387933422
2.60256558016118822 0.18085406070696883 -11.04389343722295180
2.66463889037259971 0.17581852456355598 -12.29192500439813962
2.72819234686529599 0.17082789721071551 -13.40673665622475319
2.79326124392286168 0.16589016730565409 -14.37733809637722082
2.85988171742575181 0.16101267051640067 -15.19326991096108159
2.92809076491924847 0.15620213659151450 -15.84478312299164315
2.99792626615999280 0.15146469421318512 -16.32303425858522417
3.06942700415242786 0.14680581941313797 -16.62029232805630130
3.14263268668685303 0.14223022303923435 -16.73015454382570510
3.21758396839109073 0.13774169050421259 -16.64776976649890727
3.29432247330791617 0.13334290892154096 -16.37007263155017256
3.37289081801090918 0.12903533422371607 -15.89603380634770247
3.45333263527147460 0.12481915189405887 -15.22693171368804954
3.53569259829021076 0.12069336312418030 -14.36664579229505634
3.62001644550610102 0.11665598977367553 -13.32196304384319596
3.70635100599723177 0.11270435619126583 -12.10287975660608950
3.79474422548724588 0.10883538983782559 -10.72287422668955337
3.88524519297190229 0.10504588974504053 -9.19912477525245720
3.97790416798054647 0.10133273479253091 -7.55265017761045421
4.07277260848763234 0.09769302714232617 -5.80835228807950710
4.16990319948983412 0.09412418121664071 -3.99494248178978095
4.26934988226451040 0.09062397377663660 -2.14473479454120541
4.37116788432590742 0.08719057024152566 -0.29328954940696911
4.47541375009564746 0.08382253833152603 1.52110817833307377
4.58214537230454422 0.08051885526450381 3.25814874115489772
4.69142202414325116 0.07727891068277964 4.87638513816378083
4.80330439217945759 0.07410250483949343 6.33430842936263971
4.91785461006008262 0.07098984017175723 7.59160569426430865
5.03513629301706267 0.06794150324964474 8.61058346564408339
5.15521457319593690 0.06495843424956424 9.35772652090951951
5.27815613582688314 0.06204188198945181 9.80534556264371204
5.40402925625817421 0.05919334463538062 9.93325737467788628
5.53290383787278817 0.05641449773709802 9.73042419062214137
5.66485145090910880 0.05370711317110034 9.19646519239101501
5.79994537220729267 0.05107297388666476 8.34293690585638537
5.93826062590346204 0.04851379022384963 7.19427520216322680
6.07987402509414476 0.04603112313275163 5.78828157109429497
6.22486421449431049 0.04362631869339817 4.17603331800783906
6.37331171411254616 0.04130045689424570 2.42110076613790293
6.52529896396768017 0.03905431616080035 0.59797329321395054
6.68091036987166476 0.03688835364679444 -1.21038033594316308
6.84023235030422683 0.03480270017218819 -2.91585376362586812
7.00335338440511990 0.03279716782093125 -4.42942371254967071
7.17036406111088365 0.03087126775081116 -5.66614987444625218
7.34135712946321739 0.02902423571186371 -6.55077153479310059
7.51642755011695307 0.02725506278030237 -7.02361780061752938
7.69567254807632573 0.02556252895797590 -7.04643838449776450
7.87919166668859727 0.02394523747724706 -6.60765576916993069
8.06708682292530632 0.02240164829584643 -5.72647326419315839
8.25946236398164046 0.02093010945822678 -4.45521814591714360
8.45642512522542411 0.01952888536520542 -2.87930315150562066
8.65808448952798670 0.01819618108971377 -1.11426706170843182
8.86455244800962383 0.01693016262669819 0.70045812399350982
9.07594366223370663 0.01572897299832659 2.41115091812847293
9.29237552788372945 0.01459074440558172 3.86251020356055585
9.51396823995876595 0.01351360653231195 4.91273869472656788
9.74084485952350043 0.01249569165895509 5.44977469425325900
9.97313138205001337 0.01153513718819786 5.40697419758204401
10.21095680738900846 0.01063008621125454 4.77615116279592122
10.45445321140968531 0.00977868655858316 3.61565072027117607
10.70375581934779241 0.00897908898660811 2.05124684967928639
10.95900308090266506 0.00822944512789393 0.26814607977122862
11.22033674712506190 0.00752790563193098 -1.50672535494624737
11.48790194913822305 0.00687261875452629 -3.03161201492116028
11.76184727873620162 0.00626172959836326 -4.08370788406851126
12.04232487090401271 0.00569338032072870 -4.49571797959334507
12.32949048830546168 0.00516571134641045 -4.18947333255800913
12.62350360778571456 0.00467686356293993 -3.19982114665631956
12.92452750893630764 0.00422498130892994 -1.68203974337925088
13.23272936477222572 0.00380821622901909 0.10231815677958790
13.54828033457108027 0.00342473182935266 1.82307454992375462
13.87135565892604383 0.00307270859520653 3.13977716626271386
14.20213475706544770 0.00275034935402176 3.77226080471646652
14.54080132649275470 0.00245588487228008 3.56961994335298494
14.88754344500268267 0.00218757953051606 2.56043280463546141
15.24255367512981252 0.00194373694963644 0.96722873564281941
15.60602917108779408 0.00172270530982727 -0.82668233850630601
15.97817178825851592 0.00152288233073889 -2.35943037264552835
16.35918819529219803 0.00134271986355663 -3.20891346078965478
16.74928998888023912 0.00118072801668582 -3.11957595129641474
17.14869381126511527 0.00103547867627652 -2.09938290718092979
17.55762147055219913 0.00090560838614163 -0.44826166741704843
17.97630006389040247 0.00078982064792606 1.30688350597160818
18.40496210359024332 0.00068688761276419 2.56802444307286892
18.84384564624889791 0.00059565113705180 2.87442553649968779
19.29319442495458503 0.00051502317146869 2.09321267443392767
19.75325798464320215 0.00044398561229542 0.51010420407266843
20.22429182068257347 0.00038158962705201 -1.24048181119376433
20.70655752076142164 0.00032695449463616 -2.41030905401594087
21.20032291016135417 0.00027926594272390 -2.46361978459046371
21.70586220049323956 0.00023777412185861 -1.35547744724553998
22.22345614198001229 0.00020179125665683 0.38985632857278596
22.75339217937076697 0.00017068903173751 1.88605357917977501
23.29596461157256471 0.00014389571364022 2.32444781434504399
23.85147475508890480 0.00012089311336544 1.44100487021446977
24.42023111135499391 0.00010121344377267 -0.26624334734094396
25.00254953806354408 0.00008443611591725 -1.76061646819693740
25.59875342457567982 0.00007018448673549 -2.07835470572361602
26.20917387151450484 0.00005812261524359 -0.98834356635451914
26.83414987464136203 0.00004795207856916 0.76456478573283182
27.47402851311615279 0.00003940886985083 1.90334951406196229
28.12916514224724907 0.00003226039037390 1.54663056889621919
28.79992359083728815 0.00002630255519070 -0.03941700032232075
29.48667636323470376 0.00002135704875604 -1.54348146352319437
30.18980484620349003 0.00001726873487008 -1.65057142478752006
30.90969952072524762 0.00001390322613125 -0.24732082856439835
31.64676017885220105 0.00001114461031707 1.34643040922475010
32.40139614573088522 0.00000889335182907 1.54911364901640858
33.17402650691995802 0.00000706436264970 0.13763188381973371
33.96508034112876118 0.00000558523949458 -1.37507821106790362
34.77499695850494277 0.00000439465609342 -1.28393086044248350
35.60422614460473056 0.00000344091340771 0.31484331268546456
36.45322841018035120 0.00000268063877451 1.47064163669454140
37.32247524692373020 0.00000207762503141 0.70520294998881661
38.21244938930841784 0.00000160179734697 -0.97043309469091643
39.12364508267544494 0.00000122830184823 -1.23779974103631352
40.05656835771107893 0.00000093670693524 0.29112792751262190
41.01173731147022039 0.00000071030682823 1.32233879763176176
41.98968239510047340 0.00000053551668711 0.24688093801291061
42.99094670842703891 0.00000040135089647 -1.18478965209845089
44.01608630156243152 0.00000029897669772 -0.55602955718772151
45.06567048370731499 0.00000022133412736 1.01982076452330506
46.14028213931551647 0.00000016281413008 0.66794783608430719
47.24051805179767172 0.00000011898751630 -0.92940589236241955
48.36698923494354574 0.00000008637881716 -0.62872445794485299
49.52032127224774172 0.00000006227857654 0.93442954401760980
50.70115466432564233 0.00000004458856800 0.44984067787369908
51.91014518461447125 0.00000003169480782 -0.98935493700357857
53.14796424355573379 0.00000002236441980 -0.11709869055254016
54.41529926146144902 0.00000001566221537 0.97808123076415088
55.71285405027211368 0.00000001088416497 -0.35018552985896406
57.04134920441660483 0.00000000750416136 -0.72324939795772769
58.40152250099322373 0.00000000513204849 0.78554853359076160
59.79412930949265359 0.00000000348076594 0.11128425558563894
61.21994301129083027 0.00000000234081395 -0.81695536278879743
62.67975542914470566 0.00000000156055119 0.61604795172856353
64.17437726692972433 0.00000000103113782 0.15865259115341160
65.70463855986204749 0.00000000067513241 -0.72910632667371689
67.27138913545726950 0.00000000043792497 0.67345103865253320
68.87549908548038502 0.00000000028135518 -0.14959146816924479
70.51785924914933901 0.00000000017900400 -0.41300819407680878
72.19938170786123521 0.00000000011275636 0.68940171706405873
73.92100029171422193 0.00000000007031359 -0.61144939785431951
75.68367109810859006 0.00000000004341095 0.30473840438664268
77.48837302271347482 0.00000000002655207 0.05567707481699904
79.33610830309434903 0.00000000001607718 -0.34483680175036557
