0.00000000000000000 -35.19284834915399074 9.77095376550703065
0.00001479017834245 -30.91978526848442499 8.58457885648904195
0.00002993303044112 -30.05882523339656842 8.34554134442623941
0.00004543696584831 -29.55285576115090507 8.20506352444347087
0.00006131059464321 -29.18938811908508058 8.10414995408492977
0.00007756273221348 -28.90291319878273057 8.02461266222416114
0.00009420240415086 -28.66456389325687582 7.95843697520624893
0.00011123885126353 -28.45906748048853885 7.90138256898031344
0.00012868153470796 -28.27736776354426596 7.85093507762039078
0.00014654014124313 -28.11365487975914945 7.80548144854860837
0.00016482458861008 -27.96397916342607814 7.76392509490252536
0.00018354503103970 -27.82553299678869863 7.72548650839942308
0.00020271186489184 -27.69624842010926358 7.68959153965685882
0.00022233573442895 -27.57455753880333305 7.65580487754628791
0.00024242753772729 -27.45924258780510030 7.62378842101087173
0.00026299843272922 -27.34933827722704791 7.59327416627993568
0.00028405984343969 -27.24406595208257187 7.56404592695080158
0.00030562346627056 -27.14278789546837700 7.53592664670788093
0.00032770127653619 -27.04497480618343275 7.50876936979684917
0.00035030553510386 -26.95018213778510940 7.48245067179133816
0.00037344879520289 -26.85803254750322822 7.45686578670273992
0.00039714390939599 -26.76820265713338287 7.43192493126936604
0.00042140403671692 -26.68041291264563952 7.40755048957408224
0.00044624264997835 -26.59441970130624355 7.38367482443855039
0.00047167354325394 -26.51000916587056011 7.36023855999297272
0.00049771083953886 -26.42699227618786750 7.33718921335402730
0.00052436899859298 -26.34520087647653952 7.31448009718826686
0.00055166282497104 -26.26448448171449002 7.29206943026013388
0.00057960747624433 -26.18470765506857845 7.26991960929981307
0.00060821847141845 -26.10574784893606903 7.24799660958843361
0.00063751169955175 -26.02749361280800855 7.22626948738783970
0.00066750342857924 -25.94984309545268530 7.20470996408548459
0.00069821031434701 -25.87270278534539258 7.18329207648604662
0.00072964940986200 -25.79598644527879969 7.16199188101538997
0.00076183817476235 -25.71961420626804795 7.14078720215117713
0.00079479448501358 -25.64351179293679195 7.11965741735781599
0.00082853664283596 -25.56760985806122832 7.09858327232808062
0.00086308338686863 -25.49184340824177752 7.07754672152537712
0.00089845390257607 -25.41615130618018270 7.05653078999473493
0.00093466783290265 -25.34047583828166239 7.03551945331067063
0.00097174528918138 -25.26476233600526555 7.01449753244762242
0.00100970686230267 -25.18895884356564352 6.99345060151942377
0.00104857363414939 -25.11301582702375512 6.97236490700994693
0.00108836718930472 -25.03688591727908275 6.95122729641614168
0.00112910962703908 -24.96052368035535807 6.93002515446879475
0.00117082357358291 -24.88388541718214242 6.90874634754252348
0.00121353219469209 -24.80692898189119688 6.88737917320614201
0.00125725920851302 -24.72961362159289678 6.86591231573671479
0.00130202889875444 -24.65189983269162965 6.84433480622548185
0.00134786612817331 -24.57374923121622246 6.82263598657481918
0.00139479635238233 -24.49512443749045687 6.80080547747659114
0.00144284563398665 -24.41598897136441693 6.77883314932253978
0.00149204065705768 -24.33630715769334074 6.75670909595973779
0.00154240874195204 -24.25604404226645627 6.73442361134734302
0.00159397786048384 -24.17516531302911176 6.71196716768293200
0.00164677665145883 -24.09363723214617892 6.68933039653872274
0.00170083443657883 -24.01142657142431247 6.66650407093034847
0.00175618123672553 -23.92850055479036797 6.64347908934459852
0.00181284778863252 -23.84482680713181679 6.62024646153349483
0.00187086556195484 -23.76037330578393636 6.59679729504311041
0.00193026677674563 -23.67510833742584353 6.57312278324410126
0.00199108442134944 -23.58900045962448999 6.54921419465259991
0.00205335227072226 -23.50201846480052836 6.52506286292347770
0.00211710490518836 -23.41413134770826332 6.50066017781919214
0.00218237772964443 -23.32530827638167992 6.47599757714090885
0.00224920699322156 -23.23551856606858834 6.45106653948916797
0.00231762980941620 -23.14473165516207231 6.42585857757904755
0.00238768417670101 -23.05291708375600024 6.40036523228380094
0.00245940899962724 -22.96004447464002851 6.37457806735573751
0.00253284411043031 -22.86608351644765591 6.34848866474482243
0.00260803029115056 -22.77100394890402058 6.32208862050021736
0.00268500929628145 -22.67477554977566356 6.29536954114425829
0.00276382387595789 -22.57736812371323509 6.26832304057198009
0.00284451779969737 -22.47875149292480401 6.24094073745882927
0.00292713588070732 -22.37889548953812380 6.21321425313723807
0.00301172400077201 -22.27776994959654999 6.18513520992674337
0.00309832913573293 -22.17534470864238116 6.15669522990479479
0.00318699938157670 -22.07158959885543581 6.12788593410931615
0.00327778398114512 -21.96647444771244295 6.09869894216347408
0.00337073335148202 -21.85996907810755019 6.06912587230610701
0.00346589911183233 -21.75204330997125268 6.03915834183813249
0.00356333411230869 -21.64266696335761964 6.00878796797660542
0.00366309246324164 -21.53180986298649913 5.97800636911273831
0.00376522956522972 -21.41944184423816822 5.94680516647318314
0.00386980213990604 -21.30553276060249956 5.91517598618513851
0.00397686826143855 -21.19005249258854917 5.88311046174696894
0.00408648738878143 -21.07297095810453769 5.85060023690708242
0.00419872039869544 -20.95425812432153378 5.81763696895479043
0.00431362961955576 -20.83388402103749826 5.78421233242777788
0.00443127886596591 -20.71181875556122165 5.75031802324164421
0.00455173347419705 -20.58803252913887860 5.71594576324780590
0.00467506033847237 -20.46249565494803235 5.68108730522667660
0.00480132794811664 -20.33517857768673309 5.64573443832384925
0.00493060642559163 -20.20605189478722963 5.60987899393747114
0.00506296756543846 -20.07508637928627593 5.57351285206570601
0.00519848487414859 -19.94225300438539250 5.53662794812357006
0.00533723361098545 -19.80752296973637883 5.49921628023899700
0.00547929082977958 -19.67086772948890427 5.46126991703834008
0.00562473542172026 -19.53225902213810983 5.42278100593189638
0.00577364815916761 -19.39166890221154205 5.38374178191039210
0.00592611174050934 -19.24906977383539797 5.34414457686356670
0.00608221083608716 -19.10443442622118226 5.30398182943229912
0.00624203213521824 -18.95773607111398817 5.26324609540575228
0.00640566439433796 -18.80894838224450893 5.22193005867527393
0.00657319848629066 -18.65804553682850297 5.18002654275722652
0.00674472745079562 -18.50500225916225006 5.13752852289828343
0.00692034654611656 -18.34979386633272114 5.09442913876842063
0.00710015330196303 -18.19239631609910290 5.05072170775739160
0.00728424757365341 -18.03278625698788318 5.00639973888645340
0.00747273159756936 -17.87094108063736542 4.96145694734537646
0.00766571004793253 -17.70683897642978266 4.91588726966536793
0.00786329009493521 -17.54045898844697504 4.86968487953799212
0.00806558146425712 -17.37178107478395717 4.82284420428966865
0.00827269649800128 -17.20078616925236759 4.77535994202071556
0.00848475021708299 -17.02745624550299297 4.72722707941710585
0.00870186038510648 -16.85177438360626567 4.67844091024583530
0.00892414757376467 -16.67372483911768200 4.62899705454145938
0.00915173522979844 -16.49329311457588787 4.57889147846939704
0.00938474974355250 -16.31046603352228885 4.52812051489075174
0.00962332051916602 -16.12523181703974373 4.47668088462807301
0.00986758004643697 -15.93758016280850143 4.42456971843167413
0.01011766397440005 -15.74750232667903838 4.37178457964648803
0.01037371118665912 -15.55499120675455416 4.31832348757760798
0.01063586387851590 -15.36004142998407929 4.26418494155485917
0.01090426763593788 -15.16264944127303060 4.20936794569843897
0.01117907151640917 -14.96281359494410346 4.15387203433937557
0.01146042813170928 -14.76053424862957897 4.09769729811741712
0.01174849373266574 -14.55581385954524087 4.04084441074270728
0.01204342829592773 -14.34865708307120968 3.98331465640061033
0.01234539561280875 -14.13907087357308789 3.92510995778137461
0.01265456338024781 -13.92706458740352637 3.86623290471814629
0.01297110329393957 -13.71265008804005703 3.80668678342122568
0.01329519114368521 -13.49584185305583794 3.74647560622452014
0.01362700691101696 -13.27665708297085878 3.68560414185756757
0.01396673486915043 -13.05511581185693437 3.62407794620808499
0.01431456368532043 -12.83124101952123652 3.56190339352661578
0.01467068652555687 -12.60505874511142288 3.49908770802982039
0.01503530116195919 -12.37659820204721939 3.43563899587619792
0.01540861008252864 -12.14589189391162272 3.37156627741255255
0.01579082060361962 -11.91297573108339236 3.30687951963077920
0.01618214498507239 -11.67788914804335043 3.24158966881636923
0.01658280054809112 -11.44067522102574763 3.17570868329756006
0.01699300979593281 -11.20138078574259488 3.10924956621973125
0.01741300053747404 -10.96005655499136999 3.04222639829255170
0.01784300601372408 -10.71675723559136095 2.97465437035603175
0.01828326502735493 -10.47154164432611978 2.90654981567609250
0.01873402207531983 -10.22447282271809854 2.83793024192144205
0.01919552748463418 -9.97561815014808850 2.76881436268658776
0.01966803755139409 -9.72504945493103712 2.69922212845322784
0.02015181468310996 -9.47284312300432596 2.62917475689459934
0.02064712754443395 -9.21908020332924849 2.55869476227323078
0.02115425120636234 -8.96384650983191023 2.48780598388384533
0.02167346729899560 -8.70723271937133703 2.41653361339920414
0.02220506416794121 -8.44933446511202568 2.34490422094597983
0.02274933703444569 -8.19025242486964622 2.27294577979079415
0.02330658815934526 -7.93009240352043054 2.20068768938390447
0.02387712701092562 -7.66896540873050014 2.12816079655389156
0.02446127043678465 -7.40698771969789416 2.05539741476783178
0.02505934283979307 -7.14428094804716984 1.98243134121788844
0.02567167635825091 -6.88097209026642087 1.90929787156460229
0.02629861105033979 -6.61719357083816018 1.83603381210094319
0.02694049508297364 -6.35308327478617141 1.76267748898199939
0.02759768492515240 -6.08878456943873836 1.68926875446428082
0.02827054554592643 -5.82444631440449001 1.61584898987533276
0.02895945061708132 -5.56022285899412427 1.54246110510013135
0.02966478272065568 -5.29627402623367605 1.46914953434624329
0.03038693356140742 -5.03276508181437165 1.39596022772762329
0.03112630418434613 -4.76986668785249890 1.32294063863072653
0.03188330519745265 -4.50775484038197227 1.25013970656274287
0.03265835699970931 -4.24661078975493744 1.17760783525174917
0.03345189001456775 -3.98662094303242176 1.10539686574253460
0.03426434492898361 -3.72797674647288924 1.03356004396160528
0.03509617293815131 -3.47087454818617536 0.96215198276814573
0.03594783599607413 -3.21551543982507493 0.89122861817609811
0.03681980707210974 -2.96210507661098932 0.82084715954999177
0.03771257041363248 -2.71085347458580950 0.75106603346489187
0.03862662181495934 -2.46197478321096330 0.68194482070686602
0.03956246889268836 -2.21568703371420250 0.61354418652226439
0.04052063136760231 -1.97221186202791587 0.54592580379227307
0.04150164135329468 -1.73177420598027476 0.47915226903572122
0.04250604365167800 -1.49460197513496462 0.41328701079206781
0.04353439605553822 -1.26092569203880700 0.34839419003716277
0.04458726965830407 -1.03097810559928749 0.28453859282840116
0.04566524917120245 -0.80499377566668262 0.22178551491903944
0.04676893324797669 -0.58320862917982319 0.16020063843745957
0.04789893481734779 -0.36585948563738208 0.09984990000703221
0.04905588142340300 -0.15318355268108674 0.04079935052074516
0.05024041557410117 0.05458210707919611 -0.01688499311998535
0.05145319509808847 0.25720113755971707 -0.07313730418451210
0.05269489351002182 0.45443847762295214 -0.12789210982762719
0.05396620038460430 0.64606097817321650 -0.18108446282874152
0.05526782173953874 0.83183804371265924 -0.23265012019085116
0.05660048042761331 1.01154229682324615 -0.28252572817798127
0.05796491653813660 1.18495026293339034 -0.33064901306307792
0.05936188780794428 1.35184307522013536 -0.37695897754974561
0.06079217004220718 1.51200719964076158 -0.42139610287137047
0.06225655754527273 1.66523517585501857 -0.46390255539766700
0.06375586356178048 1.81132637403216701 -0.50442239775266673
0.06529092072829594 1.95008776572959297 -0.54290180394686394
0.06686258153571339 2.08133471361106848 -0.57928927985143952
0.06847171880268509 2.20489177682353388 -0.61353588813730042
0.07011922616033948 2.32059353067732044 -0.64559547730712363
0.07180601854855713 2.42828539905689844 -0.67542491438707231
0.07353303272408108 2.52782449921684371 -0.70298432118421139
0.07530122778074254 2.61908050025712980 -0.72823731446954842
0.07711158568209175 2.70193648582473278 -0.75115124746363304
0.07896511180672973 2.77628981735185487 -0.77169745159909042
0.08086283550664285 2.84205298980159116 -0.78985147632913200
0.08280581067885155 2.89915448077401150 -0.80559332721519605
0.08479511635069015 2.94753958183779385 -0.81890769919959627
0.08683185727904201 2.98717120308826090 -0.82978420256034258
0.08891716456386457 3.01803064321902070 -0.83821757940102459
0.09105219627634296 3.04011832094623990 -0.84420790951351976
0.09323813810202267 3.05345446689179090 -0.84776080535783305
0.09547620399927788 3.05807976132012849 -0.84888759209475806
0.09776763687348035 3.05405591336338178 -0.84760547144761056
0.10011370926724453 3.04146617300128330 -0.84393766695421668
0.10251572406713193 3.02041578128852573 -0.83791355212036356
0.10497501522720583 2.99103234514898730 -0.82956875765890359
0.10749294850984072 2.95346612962092259 -0.81894525581873912
0.11007092224419504 2.90789026020202002 -0.80609141973964360
0.11271036810277073 2.85450083666437449 -0.79106205819032560
0.11541275189648990 2.79351695703334046 -0.77391842530267541
0.11817957438872947 2.72518063700449442 -0.75472820118155848
0.12101237212876731 2.64975662242084287 -0.73356544269790180
0.12391271830510205 2.56753208935080268 -0.71051050291319406
0.12688222361911947 2.47881624303111181 -0.68564992223369225
0.12992253717959312 2.38393979840837256 -0.65907628645548844
0.13303534741851275 2.28325434081951872 -0.63088805125319569
0.13622238302875186 2.17713156105939598 -0.60118933146773668
0.13948541392409430 2.06596237708642150 -0.57008965855804683
0.14282625222215137 1.95015593659285824 -0.53770370456523320
0.14624675325071865 1.83013849265176676 -0.50415097037225653
0.14974881657812772 1.70635215316300304 -0.46955543840830899
0.15333438706816793 1.57925351002449599 -0.43404519139602360
0.15700545596016302 1.44931216054356460 -0.39775200057835192
0.16076406197480095 1.31700910759954226 -0.36081087961478331
0.16461229244633385 1.18283504616993529 -0.32335960621328452
0.16855228448177517 1.04728853882723261 -0.28553821216924608
0.17258622614773686 0.91087410475375585 -0.24748844860617764
0.17671635768556884 0.77410021383754102 -0.20935322401560003
0.18094497275547147 0.63747719424931582 -0.17127601738745743
0.18527441971027553 0.50151506082948383 -0.13340026842500530
0.18970710289959578 0.36672128833342432 -0.09586875151359638
0.19424548400508060 0.23359853725087196 -0.05882293556189716
0.19889208340750245 0.10264233549498479 -0.02240233060168323
0.20364948158644677 -0.02566126822908396 0.01325617446398165
0.20852032055337477 -0.15083805918709803 0.04801897733619245
0.21350730531886081 -0.27242799274756274 0.08175642353398430
0.21861320539481308 -0.38998750548871725 0.11434346155405373
0.22384085633251696 -0.50309177159126306 0.14566028366597641
0.22919316129735354 -0.61133687547810667 0.17559294422049118
0.23467309268106515 -0.71434185744374146 0.20403394337480446
0.24028369375246786 -0.81175061606625976 0.23088277174752836
0.24602808034752538 -0.90323364522431815 0.25604640987075916
0.25190944259972059 -0.98848959844017970 0.27943978049135809
0.25793104671169148 -1.06724668565221203 0.30098615520790623
0.26409623676910893 -1.13926393892965305 0.32061752566963586
0.27040843659780817 -1.20433239199634090 0.33827495179781797
0.27687115166520443 -1.26227620651582728 0.35390889601038877
0.28348797102704559 -1.31295374934603504 0.36747954425974033
0.29026256932058897 -1.35625858502297536 0.37895710347689254
0.29719870880530180 -1.39212031156994076 0.38832205499467731
0.30430024145222523 -1.42050515422065970 0.39556533987049414
0.31157111108315971 -1.44141625553103214 0.40068845883998511
0.31901535556085647 -1.45489364564251278 0.40370348234466114
0.32663710903143739 -1.46101390371684703 0.40463297368270640
0.33444060422028560 -1.45988953606368721 0.40350983229386034
0.34243017478267906 -1.45166809483979553 0.40037706365821968
0.35061025771047927 -1.43653106637240380 0.39528748371323891
0.35898539579620387 -1.41469253989741395 0.38830336058331399
0.36756024015585820 -1.38639766045598423 0.37949599444916587
0.37633955281192416 -1.35192086958677726 0.36894523637397758
0.38532820933793754 -1.31156395058175645 0.35673895062495348
0.39453120156612936 -1.26565389625117053 0.34297242538296757
0.40395364035963033 -1.21454060651816054 0.32774773372290528
0.41360075845077637 -1.15859443825490271 0.31117305098250142
0.42347791334709861 -1.09820363492875406 0.29336193608096400
0.43359059030660180 -1.03377167848158469 0.27443258855756342
0.44394440538399216 -0.96571457302096586 0.25450708378902565
0.45454510854954366 -0.89445808947699423 0.23371059437201486
0.46539858688232971 -0.82043499396632313 0.21217060384000908
0.47651086783960167 -0.74408230515795015 0.19001612532618423
0.48788812260412673 -0.66583858452709943 0.16737692603573623
0.49953666951133846 -0.58614127825999307 0.14438276262680758
0.51146297755821524 -0.50542412538291437 0.12116263143099962
0.52367366999582143 -0.42411466544552506 0.09784404286337493
0.53617552800751800 -0.34263185067983593 0.07455232132197048
0.54897549447488037 -0.26138376571163563 0.05140993137496336
0.56208067783341009 -0.18076546596836576 0.02853583339097332
0.57549835602019450 -0.10115695374193402 0.00604487409718626
0.58923598051569026 -0.02292130388628290 -0.01595278435605609
0.60330118048188985 0.05359706776083473 -0.03735219865413601
0.61770176699916302 0.12807398115872001 -0.05805413821791021
0.63244573740412080 0.20020690346203165 -0.07796553543173217
0.64754127973092235 0.26971617733077013 -0.09699988673947725
0.66299677725848449 0.33634607522911797 -0.11507760693550334
0.67882081316611476 0.39986567074315721 -0.13212633373341873
0.69502217530016741 0.46006952394929684 -0.14808118142065962
0.71160986105435220 0.51677817305048401 -0.16288494089469133
0.72859308236642029 0.56983844778963977 -0.17648823015730838
0.74598127083399701 0.61912361196786891 -0.18884959682584793
0.76378408295239730 0.66453334259906705 -0.19993557410063964
0.78201140547734183 0.70599354682367299 -0.20972068950853917
0.80067336091555030 0.74345601411268392 -0.21818742468764260
0.81978031314624866 0.77689787699803947 -0.22532611760558161
0.83934287317673506 0.80632082520486414 -0.23113479096585732
0.85937190503517635 0.83175000140925626 -0.23561888693309899
0.87987853180392572 0.85323251885833729 -0.23879089345677995
0.90087414179670666 0.87083559148686041 -0.24066986334974363
0.92237039488308570 0.88464437307586563 -0.24128085753936079
0.94437922896375892 0.89475972995214625 -0.24065437797709952
0.96691286660024389 0.90129625764603283 -0.23882587526187418
0.98998382180264899 0.90438079307640495 -0.23583539376496548
1.01360490697930983 0.90415150182965065 -0.23172736561558044
1.03778924005212847 0.90075739023102963 -0.22655050210599498
1.06255025174158768 0.89435795211302360 -0.22035769805547109
1.08790169302547657 0.88512264901172977 -0.21320586772119490
1.11385764277546384 0.87323005978397494 -0.20515567255490930
1.14043251557577241 0.85886668771340247 -0.19627114299856641
1.16764106972829285 0.84222552212595903 -0.18661922472819767
1.19549841544856994 0.82350446578313918 -0.17626928086888455
1.22402002325723802 0.80290471724698120 -0.16529257404064346
1.25322173257153668 0.78062916742731892 -0.15376174368891085
1.28311976050170151 0.75688084768806352 -0.14175028891524288
1.31373071085710680 0.73186144666761477 -0.12933206208356335
1.34507158336715049 0.70576989377708377 -0.11658077314443389
1.37715978312202814 0.67880101718759889 -0.10356950814463874
1.41001313023860653 0.65114428620175768 -0.09037026613996584
1.44364986975679277 0.62298265565945343 -0.07705352124970234
1.47808868177188435 0.59449151124173361 -0.06368781009294340
1.51334869180851439 0.56583772760314877 -0.05033934896713769
1.54944948144197880 0.53717884704126195 -0.03707168365008452
1.58641109917282419 0.50866239350069598 -0.02394537728788936
1.62425407156073853 0.48042531505738467 -0.01101773451927030
1.66299941462393996 0.45259355559436809 0.00165743727667859
1.70266864551037433 0.42528175312626676 0.01403002958061120
1.74328379444722192 0.39859306664823635 0.02605379514268854
1.78486741697534423 0.37261912004824727 0.03768647356012902
1.82744260647545032 0.34744005376223858 0.04888988138787816
1.87103300699296327 0.32312467684284407 0.05962996714258175
1.91566282636869012 0.29973071365214821 0.06987683067856966
1.96135684968260815 0.27730513487632141 0.07960470798649143
2.00814045301819233 0.25588456155584799 0.08879192309059288
2.05603961755498155 0.23549573547539610 0.09742080728487312
2.10508094399717427 0.21615604907826105 0.10547758655151288
2.15529166734626898 0.19787412696993084 0.11295223922956554
2.20669967202598505 0.18065045003444496 0.11983832760813959
2.25933350736779737 0.16447801588192612 0.12613280708417204
2.31322240346576313 0.14934302842606487 0.13183581790717860
2.36839628740939467 0.13522560662898897 0.13695046638610625
2.42488579990360664 0.12210050347766964 0.14148260257489295
2.48272231228496576 0.10993782613546312 0.14544060127507508
2.54193794394371464 0.09870374808615386 0.14883515250859120
2.60256558016118822 0.08836120066304241 0.15167906754390639
2.66463889037259971 0.07887053533168459 0.15398710282962150
2.72819234686529599 0.07019014893497812 0.15577580072038841
2.79326124392286168 0.06227706488945953 0.15706334146677564
2.85988171742575181 0.05508746179908024 0.15786939659793744
2.92809076491924847 0.04857714540534021 0.15821496702205917
2.99792626615999280 0.04270196446484690 0.15812218392585606
3.06942700415242786 0.03741817226968373 0.15761405162738945
3.14263268668685303 0.03268273814829584 0.15671412095082174
3.21758396839109073 0.02845361652903427 0.15544610221764502
3.29432247330791617 0.02468998731805635 0.15383345308778995
3.37289081801090918 0.02135247564301994 0.15189900447884344
3.45333263527147460 0.01840335389871002 0.14966469652912823
3.53569259829021076 0.01580671952093439 0.14715147781275453
3.62001644550610102 0.01352864270806991 0.14437937210166016
3.70635100599723177 0.01153727419100267 0.14136767079945844
3.79474422548724588 0.00980290819922681 0.13813518100128108
3.88524519297190229 0.00829799936148093 0.13470046261603541
3.97790416798054647 0.00699714220687031 0.13108200960801428
4.07277260848763234 0.00587702177770523 0.12729836081355539
4.16990319948983412 0.00491634344877428 0.12336814683009524
4.26934988226451040 0.00409574688455104 0.11931009005949882
4.37116788432590742 0.00339770991075081 0.11514297464424583
4.47541375009564746 0.00280644633644962 0.11088559913283637
4.58214537230454422 0.00230779981598169 0.10655671993508488
4.69142202414325116 0.00188913483300701 0.10217498934170095
4.80330439217945759 0.00153922632505742 0.09775888807899819
4.91785461006008262 0.00124815024206321 0.09332664934812918
5.03513629301706267 0.00100717584245222 0.08889617137760344
5.15521457319593690 0.00080866056384479 0.08448491599801740
5.27815613582688314 0.00064594800041245 0.08010979280489676
5.40402925625817421 0.00051327061714120 0.07578702955199949
5.53290383787278817 0.00040565754506981 0.07153203315296659
5.66485145090910880 0.00031884788179468 0.06735924793666724
5.79994537220729267 0.00024920943728545 0.06328202013191649
5.93826062590346204 0.00019366362070913 0.05931247644495712
6.07987402509414476 0.00014961641798725 0.05546142438858425
6.22486421449431049 0.00011489539034723 0.05173828003667985
6.37331171411254616 0.00008769237456923 0.04815102687744531
6.52529896396768017 0.00006651192599386 0.04470620589027444
6.68091036987166476 0.00005012529261266 0.04140893507403201
6.84023235030422683 0.00003752960377983 0.03826295521375916
7.00335338440511990 0.00002791189130919 0.03527069766499367
7.17036406111088365 0.00002061766488116 0.03243336902756368
7.34135712946321739 0.00001512374068373 0.02975104770209056
7.51642755011695307 0.00001101491515823 0.02722278791814116
7.69567254807632573 0.00000796409078359 0.02484672723306099
7.87919166668859727 0.00000571548332661 0.02262019389915627
8.06708682292530632 0.00000407059135093 0.02053981155748537
8.25946236398164046 0.00000287656035787 0.01860159937282880
8.45642512522542411 0.00000201661436573 0.01680106631798860
8.65808448952798670 0.00000140224896227 0.01513329841153077
8.86455244800962383 0.00000096693458184 0.01359303889841803
9.07594366223370663 0.00000066107823104 0.01217476142746861
9.29237552788372945 0.00000044802780989 0.01087273660916083
9.51396823995876595 0.00000030092885094 0.00968109194135242
9.74084485952350043 0.00000020027971533 0.00859386598272293
9.97313138205001337 0.00000013204714131 0.00760505744998287
10.21095680738900846 0.00000008622695873 0.00670866984615029
10.45445321140968531 0.00000005575459223 0.00589875170917971
10.70375581934779241 0.00000003568947933 0.00516943299049517
10.95900308090266506 0.00000002261085390 0.00451495809292548
11.22033674712506190 0.00000001417438715 0.00392971572904529
11.48790194913822305 0.00000000879011821 0.00340826548010399
11.76184727873620162 0.00000000539110162 0.00294536097276412
12.04232487090401271 0.00000000326917473 0.00253597004559770
12.32949048830546168 0.00000000195956357 0.00217529179726750
12.62350360778571456 0.00000000116071106 0.00185877043221260
12.92452750893630764 0.00000000067922237 0.00158210563048762
13.23272936477222572 0.00000000039255260 0.00134125988625165
13.54828033457108027 0.00000000022400242 0.00113246280998897
13.87135565892604383 0.00000000012616783 0.00095221252800056
14.20213475706544770 0.00000000007012206 0.00079727406030294
14.54080132649275470 0.00000000003844451 0.00066467520235303
14.88754344500268267 0.00000000002078475 0.00055170013645561
15.24255367512981252 0.00000000001107759 0.00045588105118129
15.60602917108779408 0.00000000000581827 0.00037498786193368
15.97817178825851592 0.00000000000301053 0.00030701649481224
16.35918819529219803 0.00000000000153403 0.00025017609476950
16.74928998888023912 0.00000000000076950 0.00020287543275695
17.14869381126511527 0.00000000000037986 0.00016370869919620
17.55762147055219913 0.00000000000018446 0.00013144098644475
17.97630006389040247 0.00000000000008808 0.00010499379906591
18.40496210359024332 0.00000000000004134 0.00008343077044915
18.84384564624889791 0.00000000000001906 0.00006594374068367
19.29319442495458503 0.00000000000000863 0.00005183932934493
19.75325798464320215 0.00000000000000384 0.00004052621846015
20.22429182068257347 0.00000000000000168 0.00003150321083334
20.70655752076142164 0.00000000000000072 0.00002434812607230
21.20032291016135417 0.00000000000000030 0.00001870754501623
21.70586220049323956 0.00000000000000012 0.00001428747871554
22.22345614198001229 0.00000000000000005 0.00001084494485362
22.75339217937076697 0.00000000000000002 0.00000818043015790
23.29596461157256471 0.00000000000000001 0.00000613118651464
23.85147475508890480 0.00000000000000000 0.00000456534158938
24.42023111135499391 0.00000000000000000 0.00000337676856022
25.00254953806354408 0.00000000000000000 0.00000248065269267
25.59875342457567982 0.00000000000000000 0.00000180968540674
26.20917387151450484 0.00000000000000000 0.00000131083021326
26.83414987464136203 0.00000000000000000 0.00000094260054241
27.47402851311615279 0.00000000000000000 0.00000067278557643
28.12916514224724907 0.00000000000000000 0.00000047656455107
28.79992359083728815 0.00000000000000000 0.00000033495694403
29.48667636323470376 0.00000000000000000 0.00000023356196006
30.18980484620349003 0.00000000000000000 0.00000016154095492
30.90969952072524762 0.00000000000000000 0.00000011080280076
31.64676017885220105 0.00000000000000000 0.00000007535710090
32.40139614573088522 0.00000000000000000 0.00000005080635450
33.17402650691995802 0.00000000000000000 0.00000003395038688
33.96508034112876118 0.00000000000000000 0.00000002248099095
34.77499695850494277 0.00000000000000000 0.00000001474820179
35.60422614460473056 0.00000000000000000 0.00000000958343843
36.45322841018035120 0.00000000000000000 0.00000000616687147
37.32247524692373020 0.00000000000000000 0.00000000392890026
38.21244938930841784 0.00000000000000000 0.00000000247764469
39.12364508267544494 0.00000000000000000 0.00000000154619687
40.05656835771107893 0.00000000000000000 0.00000000095464147
41.01173731147022039 0.00000000000000000 0.00000000058298301
41.98968239510047340 0.00000000000000000 0.00000000035204711
42.99094670842703891 0.00000000000000000 0.00000000021016490
44.01608630156243152 0.00000000000000000 0.00000000012399803
45.06567048370731499 0.00000000000000000 0.00000000007228408
46.14028213931551647 0.00000000000000000 0.00000000004162191
47.24051805179767172 0.00000000000000000 0.00000000002366612
48.36698923494354574 0.00000000000000000 0.00000000001328391
49.52032127224774172 0.00000000000000000 0.00000000000735840
50.70115466432564233 0.00000000000000000 0.00000000000402128
51.91014518461447125 0.00000000000000000 0.00000000000216737
53.14796424355573379 0.00000000000000000 0.00000000000115171
54.41529926146144902 0.00000000000000000 0.00000000000060318
55.71285405027211368 0.00000000000000000 0.00000000000031124
57.04134920441660483 0.00000000000000000 0.00000000000015817
58.40152250099322373 0.00000000000000000 0.00000000000007914
59.79412930949265359 0.00000000000000000 0.00000000000003897
61.21994301129083027 0.00000000000000000 0.00000000000001888
62.67975542914470566 0.00000000000000000 0.00000000000000899
64.17437726692972433 0.00000000000000000 0.00000000000000421
65.70463855986204749 0.00000000000000000 0.00000000000000194
67.27138913545726950 0.00000000000000000 0.00000000000000088
68.87549908548038502 0.00000000000000000 0.00000000000000039
70.51785924914933901 0.00000000000000000 0.00000000000000017
72.19938170786123521 0.00000000000000000 0.00000000000000007
73.92100029171422193 0.00000000000000000 0.00000000000000003
75.68367109810859006 0.00000000000000000 0.00000000000000001
77.48837302271347482 0.00000000000000000 0.00000000000000001
79.33610830309434903 0.00000000000000000 0.00000000000000000
