0.00000000000000000 0.00067536637674796 -0.00083644358053257
0.00001479017834245 0.01356401160284481 -0.01679901962045630
0.00002993303044112 0.02241814966709959 -0.02776486516715794
0.00004543696584831 0.03021135550198103 -0.03741674911636819
0.00006131059464321 0.03745122291392772 -0.04638332534925059
0.00007756273221348 0.04435040024773587 -0.05492795854213361
0.00009420240415086 0.05102389846422064 -0.06319308961573333
0.00011123885126353 0.05754299206408327 -0.07126699194224877
0.00012868153470796 0.06395588436252277 -0.07920936526047258
0.00014654014124313 0.07029726939139977 -0.08706317807937612
0.00016482458861008 0.07659333104408819 -0.09486085911247343
0.00018354503103970 0.08286459187442581 -0.10262782551142273
0.00020271186489184 0.08912764449418316 -0.11038462719928012
0.00022233573442895 0.09539625767218594 -0.11814831677255208
0.00024242753772729 0.10168211317082575 -0.12593336207199141
0.00026299843272922 0.10799531346304701 -0.13375227498917508
0.00028405984343969 0.11434474236425296 -0.14161605810841088
0.00030562346627056 0.12073832788041379 -0.14953453024354463
0.00032770127653619 0.12718323816547625 -0.15751656913072712
0.00035030553510386 0.13368603055618716 -0.16557029600761711
0.00037344879520289 0.14025276693632149 -0.17370321849159132
0.00039714390939599 0.14688910437515443 -0.18192234283512970
0.00042140403671692 0.15360036731266796 -0.19023426332684815
0.00044624264997835 0.16039160585669621 -0.19864523449217122
0.00047167354325394 0.16726764315336795 -0.20716122976128820
0.00049771083953886 0.17423311449574153 -0.21578798990485487
0.00052436899859298 0.18129249972122435 -0.22453106315784901
0.00055166282497104 0.18845015030826640 -0.23339583877846726
0.00057960747624433 0.19571031226029315 -0.24238757538950456
0.00060821847141845 0.20307714549378938 -0.25151142499010948
0.00063751169955175 0.21055474039129612 -0.26077245345626687
0.00066750342857924 0.21814713201643429 -0.27017565814568079
0.00069821031434701 0.22585831238349069 -0.27972598309321040
0.00072964940986200 0.23369224109836031 -0.28942833218920783
0.00076183817476235 0.24165285462801564 -0.29928758065925876
0.00079479448501358 0.24974407440838037 -0.30930858510525833
0.00082853664283596 0.25796981396274205 -0.31949619232101006
0.00086308338686863 0.26633398517251089 -0.32985524705797081
0.00089845390257607 0.27484050381519554 -0.34039059888340767
0.00093466783290265 0.28349329445317534 -0.35110710823447933
0.00097174528918138 0.29229629478647928 -0.36200965180844730
0.00100970686230267 0.30125345952527399 -0.37310312735800299
0.00104857363414939 0.31036876380271022 -0.38439245791728210
0.00108836718930472 0.31964620621020717 -0.39588259556021693
0.00112910962703908 0.32908981153644207 -0.40757852479187479
0.00117082357358291 0.33870363311602458 -0.41948526545633252
0.00121353219469209 0.34849175497311530 -0.43160787539052942
0.00125725920851302 0.35845829366405230 -0.44395145270527564
0.00130202889875444 0.36860739988992575 -0.45652113778127018
0.00134786612817331 0.37894325990777156 -0.46932211501563714
0.00139479635238233 0.38947009670678095 -0.48235961427735302
0.00144284563398665 0.40019217101174548 -0.49563891214862082
0.00149204065705768 0.41111378210080213 -0.50916533293616617
0.00154240874195204 0.42223926841320319 -0.52294424942238227
0.00159397786048384 0.43357300805149773 -0.53698108348560247
0.00164677665145883 0.44511941903061342 -0.55128130640679973
0.00170083443657883 0.45688295943792073 -0.56585043906592369
0.00175618123672553 0.46886812740278405 -0.58069405190216106
0.00181284778863252 0.48107946087777681 -0.59581776464081670
0.00187086556195484 0.49352153731244836 -0.61122724588697297
0.00193026677674563 0.50619897313977691 -0.62692821248701935
0.00199108442134944 0.51911642308199824 -0.64292642866631666
0.00205335227072226 0.53227857932251832 -0.65922770500084171
0.00211710490518836 0.54569017050611468 -0.67583789717598430
0.00218237772964443 0.55935596055807135 -0.69276290452090938
0.00224920699322156 0.57328074732448586 -0.71000866832123255
0.00231762980941620 0.58746936105059511 -0.72758116993087041
0.00238768417670101 0.60192666267099715 -0.74548642865069459
0.00245940899962724 0.61665754190687350 -0.76373049936790971
0.00253284411043031 0.63166691516828477 -0.78231946995376378
0.00260803029115056 0.64695972325333295 -0.80125945840939339
0.00268500929628145 0.66254092884562032 -0.82055660976157230
0.00276382387595789 0.67841551379505571 -0.84021709268982558
0.00284451779969737 0.69458847617387720 -0.86024709587481640
0.00292713588070732 0.71106482710190244 -0.88065282406057122
0.00301172400077201 0.72784958733252492 -0.90144049382001856
0.00309832913573293 0.74494778359059410 -0.92261632901283597
0.00318699938157670 0.76236444465276021 -0.94418655592392353
0.00327778398114512 0.78010459716075675 -0.96615739807066958
0.00337073335148202 0.79817326115869036 -0.98853507066793023
0.00346589911183233 0.81657544534241000 -1.01132577473591168
0.00356333411230869 0.83531614201075077 -1.03453569083829433
0.00366309246324164 0.85440032170783919 -1.05817097243716596
0.00376522956522972 0.87383292754507891 -1.08223773885064212
0.00386980213990604 0.89361886919116484 -1.10674206779869744
0.00397686826143855 0.91376301651811909 -1.13168998752231076
0.00408648738878143 0.93427019289107494 -1.15708746846066668
0.00419872039869544 0.95514516808922167 -1.18294041447079690
0.00431362961955576 0.97639265084506210 -1.20925465357369433
0.00443127886596591 0.99801728098887110 -1.23603592821061548
0.00455173347419705 1.02002362118500201 -1.26328988499298367
0.00467506033847237 1.04241614824646955 -1.29102206392902996
0.00480132794811664 1.06519924401403276 -1.31923788711005696
0.00493060642559163 1.08837718578581466 -1.34794264683896925
0.00506296756543846 1.11195413628337536 -1.37714149318356571
0.00519848487414859 1.13593413313999614 -1.40683942093689751
0.00533723361098545 1.16032107789686223 -1.43704125596688326
0.00547929082977958 1.18511872449277345 -1.46775164093732391
0.00562473542172026 1.21033066723299387 -1.49897502038241304
0.00577364815916761 1.23596032822286417 -1.53071562511686277
0.00592611174050934 1.26201094425189231 -1.56297745596386828
0.00608221083608716 1.28848555311413726 -1.59576426678325189
0.00624203213521824 1.31538697935086280 -1.62907954678233735
0.00640566439433796 1.34271781940170576 -1.66292650209241599
0.00657319848629066 1.37048042615077992 -1.69730803659388019
0.00674472745079562 1.39867689285438090 -1.73222673197342214
0.00692034654611656 1.42730903643832985 -1.76768482699836227
0.00710015330196303 1.45637838015227539 -1.80368419599227936
0.00728424757365341 1.48588613556928428 -1.84022632649740214
0.00747273159756936 1.51583318391989308 -1.87731229611019335
0.00766571004793253 1.54622005675049712 -1.91494274847748969
0.00786329009493521 1.57704691589681056 -1.95311786844155932
0.00806558146425712 1.60831353276412758 -1.99183735632373304
0.00827269649800128 1.64001926690722555 -2.03110040133756620
0.00848475021708299 1.67216304390396253 -2.07090565412404359
0.00870186038510648 1.70474333251754473 -2.11125119840243158
0.00892414757376467 1.73775812114417860 -2.15213452173257291
0.00915173522979844 1.77120489354735122 -2.19355248538999392
0.00938474974355250 1.80508060387646219 -2.23550129335083492
0.00962332051916602 1.83938165097255113 -2.27797646038984292
0.00986758004643697 1.87410385196588791 -2.32097277929715506
0.01011766397440005 1.90924241517221072 -2.36448428722210702
0.01037371118665912 1.94479191229697634 -2.40850423115547718
0.01063586387851590 1.98074624995903181 -2.45302503256411342
0.01090426763593788 2.01709864054735100 -2.49803825119468303
0.01117907151640917 2.05384157243496368 -2.54353454807622725
0.01146042813170928 2.09096677956675991 -2.58950364774197972
0.01174849373266574 2.12846521044629444 -2.63593429970144211
0.01204342829592773 2.16632699655142202 -2.68281423919942252
0.01234539561280875 2.20454142021187494 -2.73013014730291470
0.01265456338024781 2.24309688198537138 -2.77786761036092678
0.01297110329393957 2.28198086757183605 -2.82601107888616720
0.01329519114368521 2.32117991432327830 -2.87454382592962832
0.01362700691101696 2.36067957739396839 -2.92344790500327756
0.01396673486915043 2.40046439558847036 -2.97270410762196313
0.01431456368532043 2.44051785697290002 -3.02229192054539642
0.01467068652555687 2.48082236431920755 -3.07218948280653148
0.01503530116195919 2.52135920045354123 -3.12237354261430733
0.01540861008252864 2.56210849360234816 -3.17281941424662728
0.01579082060361962 2.60304918282835818 -3.22350093504767354
0.01618214498507239 2.64415898364400093 -3.27439042263802182
0.01658280054809112 2.68541435391259498 -3.32545863247417550
0.01699300979593281 2.72679046015106241 -3.37667471589854307
0.01741300053747404 2.76826114434778159 -3.42800617882060710
0.01784300601372408 2.80979889144435457 -3.47941884121376166
0.01828326502735493 2.85137479762238533 -3.53087679760266981
0.01873402207531983 2.89295853952963222 -3.58234237870793759
0.01919552748463418 2.93451834461181393 -3.63377611445429238
0.01966803755139409 2.97602096271623173 -3.68513669854850612
0.02015181468310996 3.01743163913501355 -3.73638095483539523
0.02064712754443395 3.05871408931953725 -3.78746380571914365
0.02115425120636234 3.09983047543755008 -3.83833824286310543
0.02167346729899560 3.14074138498064359 -3.88895530042605930
0.02220506416794121 3.18140581164936442 -3.93926403111725554
0.02274933703444569 3.22178113872817518 -3.98921148533413250
0.02330658815934526 3.26182312522523343 -4.03874269372433936
0.02387712701092562 3.30148589504727319 -4.08780065350801269
0.02446127043678465 3.34072192942900248 -4.13632631883359903
0.02505934283979307 3.37948206290790543 -4.18425859552909429
0.02567167635825091 3.41771548310930440 -4.23153434057849598
0.02629861105033979 3.45536973464283426 -4.27808836669839998
0.02694049508297364 3.49239072748806478 -4.32385345248464592
0.02759768492515240 3.52872275009442804 -4.36876035841033517
0.02827054554592643 3.56430848753469087 -4.41273784909808775
0.02895945061708132 3.59908904501990357 -4.45571272225073578
0.02966478272065568 3.63300397709784706 -4.49760984464248992
0.03038693356140742 3.66599132300595931 -4.53835219575694992
0.03112630418434613 3.69798764839364713 -4.57786091934216355
0.03188330519745265 3.72892809378204726 -4.61605538334251264
0.03265835699970931 3.75874643008624254 -4.65285324861433924
0.03345189001456775 3.78737512154007572 -4.68817054685124202
0.03426434492898361 3.81474539656769762 -4.72192176839752342
0.03509617293815131 3.84078732676413814 -4.75401996015656358
0.03594783599607413 3.86542991436678030 -4.78437683407271486
0.03681980707210974 3.88860118851075320 -4.81290288655582899
0.03771257041363248 3.91022831064084286 -4.83950752931621508
0.03862662181495934 3.93023768963340370 -4.86409923230186347
0.03956246889268836 3.94855510666695597 -4.88658567879375205
0.04052063136760231 3.96510585019138473 -4.90687393309996800
0.04150164135329468 3.97981486113340610 -4.92487062102738271
0.04250604365167800 3.99260688874065872 -4.94048212363717809
0.04353439605553822 4.00340665735787127 -4.95361478465620753
0.04458726965830407 4.01213904388015852 -4.96417513123820431
0.04566524917120245 4.01872926593771584 -4.97207010815150419
0.04676893324797669 4.02310308045116471 -4.97720732495682316
0.04789893481734779 4.02518699276836944 -4.97949531644588816
0.04905588142340300 4.02490847573572452 -4.97884381555112654
0.05024041557410117 4.02219619784835647 -4.97516403767891457
0.05145319509808847 4.01698025973280881 -4.96836897555421597
0.05269489351002182 4.00919243794618207 -4.95837370333137795
0.05396620038460430 3.99876643602864901 -4.94509568990572035
0.05526782173953874 3.98563814127639393 -4.92845511954248483
0.05660048042761331 3.96974588666397921 -4.90837521913016328
0.05796491653813660 3.95103071736654332 -4.88478259139177418
0.05936188780794428 3.92943666243722678 -4.85760755475471662
0.06079217004220718 3.90491101264391993 -4.82678449113478347
0.06225655754527273 3.87740460449716950 -4.79225220168452282
0.06375586356178048 3.84687211184944156 -4.75395427222284450
0.06529092072829594 3.81327234585797381 -4.71183944933209808
0.06686258153571339 3.77656856582514378 -4.66586203023819657
0.06847171880268509 3.73672880062038448 -4.61598226610790263
0.07011922616033948 3.69372618035871936 -4.56216677835865525
0.07180601854855713 3.64753927733862016 -4.50438898674149790
0.07353303272408108 3.59815245500647318 -4.44262954766492690
0.07530122778074254 3.54555622365456902 -4.37687680115320177
0.07711158568209175 3.48974759786866295 -4.30712722025972816
0.07896511180672973 3.43073045219952588 -4.23338585856225791
0.08086283550664285 3.36851587014562615 -4.15566678964703584
0.08280581067885155 3.30312248438018941 -4.07399353601691327
0.08479511635069015 3.23457680289610616 -3.98839948081596907
0.08683185727904201 3.16291351684621302 -3.89892825712613122
0.08891716456386457 3.08817578670825332 -3.80563411064111223
0.09105219627634296 3.01041550488121645 -3.70858223334912651
0.09323813810202267 2.92969353411512090 -3.60784906745848089
0.09547620399927788 2.84607991708819075 -3.50352257372012188
0.09776763687348035 2.75965405559633492 -3.39570246220332050
0.10011370926724453 2.67050485645214719 -3.28450038187643711
0.10251572406713193 2.57873084559012700 -3.17004007080349481
0.10497501522720583 2.48444024590247325 -3.05245746134593654
0.10749294850984072 2.38775101632456765 -2.93190073722629929
0.11007092224419504 2.28879084961405832 -2.80853033920841577
0.11271036810277073 2.18769712900340174 -2.68251891954211574
0.11541275189648990 2.08461684307136563 -2.55405124427964880
0.11817957438872947 1.97970645397180678 -2.42332403732958301
0.12101237212876731 1.87313171801761724 -2.29054576490164497
0.12391271830510205 1.76506745666847520 -2.15593635780648230
0.12688222361911947 1.65569728115293735 -2.01972687552020380
0.12992253717959312 1.54521326506443946 -1.88215910485036830
0.13303534741851275 1.43381556423202805 -1.74348509220268766
0.13622238302875186 1.32171198189554984 -1.60396660685557002
0.13948541392409430 1.20911748276669950 -1.46387453956522684
0.14282625222215137 1.09625365401077035 -1.32348823391135251
0.14624675325071865 0.98334811072041317 -1.18309474720242713
0.14974881657812772 0.87063384621144924 -1.04298804119103594
0.15333438706816793 0.75834852915463058 -0.90346810494943308
0.15700545596016302 0.64673375151973300 -0.76484001471443575
0.16076406197480095 0.53603422379614152 -0.62741292612056021
0.16461229244633385 0.42649692051788157 -0.49149900243059741
0.16855228448177517 0.31837017790298372 -0.35741228084795418
0.17258622614773686 0.21190275170717032 -0.22546748687943258
0.17671635768556884 0.10734283413298014 -0.09597879513004649
0.18094497275547147 0.00493703382222166 0.03074145860369132
0.18527441971027553 -0.09507067703544395 0.15438410906701241
0.18970710289959578 -0.19244003994976308 0.27464452656729149
0.19424548400508060 -0.28693560758083969 0.39122401020584580
0.19889208340750245 -0.37832785762874349 0.50383120472670884
0.20364948158644677 -0.46639431529460940 0.61218353121082747
0.20852032055337477 -0.55092067442902104 0.71600861927056336
0.21350730531886081 -0.63170190507877733 0.81504572532722619
0.21861320539481308 -0.70854333741900644 0.90904712446661273
0.22384085633251696 -0.78126170448538146 0.99777945387089162
0.22919316129735354 -0.84968612467257076 1.08102498409709269
0.23467309268106515 -0.91365900382283027 1.15858279308988132
0.24028369375246786 -0.97303684432257642 1.23026982757817138
0.24602808034752538 -1.02769095392983645 1.29592184321787851
0.25190944259972059 -1.07750805954466378 1.35539423049621255
0.25793104671169148 -1.12239084772644881 1.40856275394213482
0.26409623676910893 -1.16225846853547066 1.45532425034782609
0.27040843659780817 -1.19704704208260826 1.49559733463292188
0.27687115166520443 -1.22671019587962937 1.52932314717116724
0.28348797102704559 -1.25121963332167807 1.55646614122876659
0.29026256932058897 -1.27056569674027386 1.57701486312667627
0.29719870880530180 -1.28475785432174971 1.59098263576921228
0.30430024145222523 -1.29382504091824013 1.59840805786572249
0.31157111108315971 -1.29781580713440703 1.59935526219255508
0.31901535556085647 -1.29679827335712772 1.59391392915543939
0.32663710903143739 -1.29085990147380847 1.58219907169172957
0.33444060422028560 -1.28010711106675279 1.56435062457441876
0.34243017478267906 -1.26466476189814436 1.54053286460963745
0.35061025771047927 -1.24467552638085599 1.51093369051796622
0.35898539579620387 -1.22029915645724230 1.47576376721319646
0.36756024015585820 -1.19171164449267430 1.43525553325440969
0.37633955281192416 -1.15910427764031798 1.38966207018590326
0.38532820933793754 -1.12268259413060068 1.33925584394455965
0.39453120156612936 -1.08266524947667442 1.28432732800079008
0.40395364035963033 -1.03928279361428344 1.22518350897537687
0.41360075845077637 -0.99277637143509245 1.16214628978904910
0.42347791334709861 -0.94339636229922563 1.09555080924518333
0.43359059030660180 -0.89140098329204498 1.02574370855931418
0.44394440538399216 -0.83705485906125499 0.95308134736128614
0.45454510854954366 -0.78062757446189091 0.87792798859113930
0.46539858688232971 -0.72239222170308637 0.80065396588170334
0.47651086783960167 -0.66262396750298791 0.72163386474625901
0.48788812260412673 -0.60159863921708534 0.64124471499602298
0.49953666951133846 -0.53959133867067433 0.55986420426133099
0.51146297755821524 -0.47687508970375153 0.47786891904274548
0.52367366999582143 -0.41371953679232065 0.39563263453566738
0.53617552800751800 -0.35038969449901114 0.31352465201136742
0.54897549447488037 -0.28714474672672419 0.23190818157970147
0.56208067783341009 -0.22423689985073503 0.15113877489325381
0.57549835602019450 -0.16191029864706002 0.07156281894833909
0.58923598051569026 -0.10040000994030782 -0.00648390267447106
0.60330118048188985 -0.03993106792309323 -0.08267758902767887
0.61770176699916302 0.01928241297433661 -0.15670773368414817
0.63244573740412080 0.07703805224867312 -0.22827836193129530
0.64754127973092235 0.13314593421392076 -0.29710917915642332
0.66299677725848449 0.18742926100288002 -0.36293663723321495
0.67882081316611476 0.23972492178255539 -0.42551491090774596
0.69502217530016741 0.28988397570813396 -0.48461678077383880
0.71160986105435220 0.33777204293578722 -0.54003441472797475
0.72859308236642029 0.38326961243529917 -0.59158005907339206
0.74598127083399701 0.42627227065747336 -0.63908664360047196
0.76378408295239730 0.46669085535183447 -0.68240830436000877
0.78201140547734183 0.50445153401964471 -0.72142081985261930
0.80067336091555030 0.53949580268176767 -0.75602195076761280
0.81978031314624866 0.57178038237804729 -0.78613164944920821
0.83934287317673506 0.60127696791515739 -0.81169207707670499
0.85937190503517635 0.62797176690951417 -0.83266735010866244
0.87987853180392572 0.65186477140303989 -0.84904295170228283
0.90087414179670666 0.67296874041898136 -0.86082479992009098
0.92237039488308570 0.69130795230645214 -0.86803807189109872
0.94437922896375892 0.70691688954812926 -0.87072600889272922
0.96691286660024389 0.71983909528601131 -0.86894900338383563
0.98998382180264899 0.73012641122583066 -0.86278420215634777
1.01360490697930983 0.73783867872331288 -0.85232567629185207
1.03778924005212847 0.74304380209914600 -0.83768497862094171
1.06255025174158768 0.74581794835707460 -0.81899177632952147
1.08790169302547657 0.74624563750937178 -0.79639425245032869
1.11385764277546384 0.74441957617022181 -0.77005911351940592
1.14043251557577241 0.74044020723540527 -0.74017119301345480
1.16764106972829285 0.73441503755681359 -0.70693274295857800
1.19549841544856994 0.72645782521884283 -0.67056251783969523
1.22402002325723802 0.71668769436161206 -0.63129472925409946
1.25322173257153668 0.70522822216263736 -0.58937791834598408
1.28311976050170151 0.69220652437695496 -0.54507377271841140
1.31373071085710680 0.67775235042218362 -0.49865589801670468
1.34507158336715049 0.66199718525834306 -0.45040853709845302
1.37715978312202814 0.64507336149426164 -0.40062524020385476
1.41001313023860653 0.62711318754698975 -0.34960749301567146
1.44364986975679277 0.60824810463994206 -0.29766331984699052
1.47808868177188435 0.58860787348263466 -0.24510585798786183
1.51334869180851439 0.56831980097623414 -0.19225191253604376
1.54944948144197880 0.54750801498476043 -0.13942049614828758
1.58641109917282419 0.52629280161429925 -0.08693136953738620
1.62425407156073853 0.50479000359088022 -0.03510357154558678
1.66299941462393996 0.48311048366630832 0.01574606307478946
1.70266864551037433 0.46135965448569627 0.06530440342415578
1.74328379444722192 0.43963708083485764 0.11326353401872781
1.78486741697534423 0.41803614934875671 0.15932229036685325
1.82744260647545032 0.39664380184167786 0.20318782786508746
1.87103300699296327 0.37554033001223169 0.24457722879596305
1.91566282636869012 0.35479923156678961 0.28321914500839557
1.96135684968260815 0.33448712410551223 0.31885547988284973
2.00814045301819233 0.31466371101845997 0.35124311950160048
2.05603961755498155 0.29538179840515516 0.38015571415632549
2.10508094399717427 0.27668736257067350 0.40538551166467746
2.15529166734626898 0.25861966790861257 0.42674524457737173
2.20669967202598505 0.24121143140434298 0.44407008790701452
2.25933350736779737 0.22448903392341857 0.45721969609556073
2.31322240346576313 0.20847277718165830 0.46608033105407420
2.36839628740939467 0.19317718438909531 0.47056708837447891
2.42488579990360664 0.17861133891509690 0.47062623554355903
2.48272231228496576 0.16477925603822305 0.46623766004223927
2.54193794394371464 0.15168028118924939 0.45741741281048581
2.60256558016118822 0.13930950571480619 0.44422031287122798
2.66463889037259971 0.12765819018368155 0.42674256297375313
2.72819234686529599 0.11671418559685864 0.40512429819869206
2.79326124392286168 0.10646234273349045 0.37955196297569699
2.85988171742575181 0.09688489866552509 0.35026039103654844
2.92809076491924847 0.08796183139418144 0.31753445202803854
2.99792626615999280 0.07967117775717107 0.28171012719025590
3.06942700415242786 0.07198931372702375 0.24317489752848706
3.14263268668685303 0.06489120226031331 0.20236737282945824
3.21758396839109073 0.05835062112766740 0.15977614375966237
3.29432247330791617 0.05234039153682671 0.11593784920315636
3.37289081801090918 0.04683262565141864 0.07143441486695584
3.45333263527147460 0.04179900239627973 0.02688930812160896
3.53569259829021076 0.03721106397252392 -0.01703747323748207
3.62001644550610102 0.03304051562198961 -0.05965609004637498
3.70635100599723177 0.02925950285039013 -0.10025562510904285
3.79474422548724588 0.02584084545350398 -0.13811520578984052
3.88524519297190229 0.02275821647659841 -0.17251755863300047
3.97790416798054647 0.01998627003840852 -0.20276493550114563
4.07277260848763234 0.01750072734217061 -0.22819721295061227
4.16990319948983412 0.01527843198931157 -0.24821187148260995
4.26934988226451040 0.01329738241305045 -0.26228542662050353
4.37116788432590742 0.01153674901216689 -0.26999581128050026
4.47541375009564746 0.00997688091306905 -0.27104509146412459
4.58214537230454422 0.00859930444145855 -0.26528172411755091
4.69142202414325116 0.00738671363183667 -0.25272137039273812
4.80330439217945759 0.00632295329854273 -0.23356512778079166
4.91785461006008262 0.00539299641155215 -0.20821395040135501
5.03513629301706267 0.00458291596158724 -0.17727787473632572
5.15521457319593690 0.00387985168778795 -0.14157861361609603
5.27815613582688314 0.00327197170855639 -0.10214411958166082
5.40402925625817421 0.00274843108699074 -0.06019388295663249
5.53290383787278817 0.00229932780053826 -0.01711389196876014
5.66485145090910880 0.00191565682237887 0.02557950781135227
5.79994537220729267 0.00158926217919943 0.06628711757085186
5.93826062590346204 0.00131278836047114 0.10338549810463674
6.07987402509414476 0.00107963133359496 0.13529579147335627
6.22486421449431049 0.00088388945399557 0.16056107299012329
6.37331171411254616 0.00072031403190555 0.17792948384409171
6.52529896396768017 0.00058426025634055 0.18643948683779160
6.68091036987166476 0.00047163885892263 0.18550255880630223
6.84023235030422683 0.00037886876183614 0.17497755946177873
7.00335338440511990 0.00030283080143462 0.15522997541264655
7.17036406111088365 0.00024082297295340 0.12716873626542549
7.34135712946321739 0.00019051771389684 0.09225326061179652
7.51642755011695307 0.00014992141613959 0.05246372030080253
7.69567254807632573 0.00011733632369064 0.01022878536872646
7.87919166668859727 0.00009132495750355 -0.03169243069124383
8.06708682292530632 0.00007067737060375 -0.07037408474847635
8.25946236398164046 0.00005438121541546 -0.10292855048901722
8.45642512522542411 0.00004159460590578 -0.12674279922985046
8.65808448952798670 0.00003162166132986 -0.13973007209953359
8.86455244800962383 0.00002389075344583 -0.14057518382496198
9.07594366223370663 0.00001793529056758 -0.12894662357876616
9.29237552788372945 0.00001337687595489 -0.10564521810021819
9.51396823995876595 0.00000991062928318 -0.07265824523395599
9.74084485952350043 0.00000729253621890 -0.03309228484010523
9.97313138205001337 0.00000532862822957 0.00903354554812420
10.21095680738900846 0.00000386579559047 0.04913864229430913
10.45445321140968531 0.00000278403503331 0.08256159762313441
10.70375581934779241 0.00000198997061806 0.10513241698472897
10.95900308090266506 0.00000141148615344 0.11377466556716165
11.22033674712506190 0.00000099331020918 0.10705466923829632
11.48790194913822305 0.00000069341085532 0.08558037508646558
11.76184727873620162 0.00000048007712825 0.05215187810132126
12.04232487090401271 0.00000032958014470 0.01158445808228136
12.32949048830546168 0.00000022431271123 -0.02983721916788726
12.62350360778571456 0.00000015132190011 -0.06525577303529725
12.92452750893630764 0.00000010116141583 -0.08839416942974104
13.23272936477222572 0.00000006700401882 -0.09479202038195603
13.54828033457108027 0.00000004396072946 -0.08288774752069733
13.87135565892604383 0.00000002856350474 -0.05467844660934354
14.20213475706544770 0.00000001837566516 -0.01571338138660149
14.54080132649275470 0.00000001170197119 0.02572279466453619
14.88754344500268267 0.00000000737489224 0.06021569421281783
15.24255367512981252 0.00000000459863065 0.07937986641346248
15.60602917108779408 0.00000000283642540 0.07811383640354247
15.97817178825851592 0.00000000173011279 0.05634205355477559
16.35918819529219803 0.00000000104333545 0.01962448365015948
16.74928998888023912 0.00000000062187774 -0.02180220749205073
17.14869381126511527 0.00000000036627035 -0.05559630760950080
17.55762147055219913 0.00000000021310530 -0.07099557055196191
17.97630006389040247 0.00000000012244966 -0.06258399690293955
18.40496210359024332 0.00000000006946475 -0.03279996446510832
18.84384564624889791 0.00000000003889452 0.00804139409189687
19.29319442495458503 0.00000000002148811 0.04476857015140157
19.75325798464320215 0.00000000001171000 0.06283580429120676
20.22429182068257347 0.00000000000629248 0.05445371149325923
20.70655752076142164 0.00000000000333315 0.02275916828319144
21.20032291016135417 0.00000000000173985 -0.01836739785870474
21.70586220049323956 0.00000000000089463 -0.04968838834552237
22.22345614198001229 0.00000000000045300 -0.05557697507366623
22.75339217937076697 0.00000000000022579 -0.03256205628919760
23.29596461157256471 0.00000000000011075 0.00741772107461464
23.85147475508890480 0.00000000000005343 0.04208028854379471
24.42023111135499391 0.00000000000002535 0.05088872059310679
25.00254953806354408 0.00000000000001182 0.02800533740833555
25.59875342457567982 0.00000000000000541 -0.01229941154950718
26.20917387151450484 0.00000000000000244 -0.04312828825989412
26.83414987464136203 0.00000000000000108 -0.04263640624580864
27.47402851311615279 0.00000000000000047 -0.01074841405691809
28.12916514224724907 0.00000000000000020 0.02844786044031227
28.79992359083728815 0.00000000000000008 0.04358249509595691
29.48667636323470376 0.00000000000000003 0.02166708757560970
30.18980484620349003 0.00000000000000001 -0.01855058184157329
30.90969952072524762 0.00000000000000001 -0.04051898439490052
31.64676017885220105 0.00000000000000000 -0.02309323224609199
32.40139614573088522 0.00000000000000000 0.01677269724711922
33.17402650691995802 0.00000000000000000 0.03788121168572491
33.96508034112876118 0.00000000000000000 0.01721131453451541
34.77499695850494277 0.00000000000000000 -0.02220342432204675
35.60422614460473056 0.00000000000000000 -0.03407926275644982
36.45322841018035120 0.00000000000000000 -0.00367766389580128
37.32247524692373020 0.00000000000000000 0.03032341770306845
38.21244938930841784 0.00000000000000000 0.02265400199525226
39.12364508267544494 0.00000000000000000 -0.01616225193067988
40.05656835771107893 0.00000000000000000 -0.03013503410227424
41.01173731147022039 0.00000000000000000 0.00173444612097105
41.98968239510047340 0.00000000000000000 0.02959632464278756
42.99094670842703891 0.00000000000000000 0.00820220944779842
44.01608630156243152 0.00000000000000000 -0.02613684051187954
45.06567048370731499 0.00000000000000000 -0.01310720324689515
46.14028213931551647 0.00000000000000000 0.02320505366444216
47.24051805179767172 0.00000000000000000 0.01395571575696278
48.36698923494354574 0.00000000000000000 -0.02222367070860464
49.52032127224774172 0.00000000000000000 -0.01141948314011156
50.70115466432564233 0.00000000000000000 0.02287453625788808
51.91014518461447125 0.00000000000000000 0.00544720868062552
53.14796424355573379 0.00000000000000000 -0.02331637288249934
54.41529926146144902 0.00000000000000000 0.00399943881600679
55.71285405027211368 0.00000000000000000 0.02001640508646989
57.04134920441660483 0.00000000000000000 -0.01480910639011117
58.40152250099322373 0.00000000000000000 -0.00930906473831412
59.79412930949265359 0.00000000000000000 0.02046413147760565
61.21994301129083027 0.00000000000000000 -0.00771491955258362
62.67975542914470566 0.00000000000000000 -0.01209464983972018
64.17437726692972433 0.00000000000000000 0.01874113181790257
65.70463855986204749 0.00000000000000000 -0.00849385695454099
67.27138913545726950 0.00000000000000000 -0.00749677749828018
68.87549908548038502 0.00000000000000000 0.01665779613495577
70.51785924914933901 0.00000000000000000 -0.01453044324603370
72.19938170786123521 0.00000000000000000 0.00477488131753130
73.92100029171422193 0.00000000000000000 0.00602096370246455
75.68367109810859006 0.00000000000000000 -0.01304210229972665
77.48837302271347482 0.00000000000000000 0.01488513279473985
79.33610830309434903 0.00000000000000000 -0.01264577266464037
