0.00000000000000000 0.00001461659545442
0.00001479017834245 0.00001496513010374
0.00002993303044112 0.00001532197560782
0.00004543696584831 0.00001568733014007
0.00006131059464321 0.00001606139659941
0.00007756273221348 0.00001644438272288
0.00009420240415086 0.00001683650120105
0.00011123885126353 0.00001723796979613
0.00012868153470796 0.00001764901146290
0.00014654014124313 0.00001806985447249
0.00016482458861008 0.00001850073253925
0.00018354503103970 0.00001894188495042
0.00020271186489184 0.00001939355669910
0.00022233573442895 0.00001985599862030
0.00024242753772729 0.00002032946753018
0.00026299843272922 0.00002081422636877
0.00028405984343969 0.00002131054434589
0.00030562346627056 0.00002181869709074
0.00032770127653619 0.00002233896680491
0.00035030553510386 0.00002287164241914
0.00037344879520289 0.00002341701975375
0.00039714390939599 0.00002397540168295
0.00042140403671692 0.00002454709830300
0.00044624264997835 0.00002513242710447
0.00047167354325394 0.00002573171314853
0.00049771083953886 0.00002634528924747
0.00052436899859298 0.00002697349614954
0.00055166282497104 0.00002761668272817
0.00057960747624433 0.00002827520617572
0.00060821847141845 0.00002894943220187
0.00063751169955175 0.00002963973523666
0.00066750342857924 0.00003034649863851
0.00069821031434701 0.00003107011490703
0.00072964940986200 0.00003181098590105
0.00076183817476235 0.00003256952306179
0.00079479448501358 0.00003334614764132
0.00082853664283596 0.00003414129093654
0.00086308338686863 0.00003495539452866
0.00089845390257607 0.00003578891052847
0.00093466783290265 0.00003664230182740
0.00097174528918138 0.00003751604235457
0.00100970686230267 0.00003841061734003
0.00104857363414939 0.00003932652358418
0.00108836718930472 0.00004026426973370
0.00112910962703908 0.00004122437656403
0.00117082357358291 0.00004220737726854
0.00121353219469209 0.00004321381775470
0.00125725920851302 0.00004424425694720
0.00130202889875444 0.00004529926709835
0.00134786612817331 0.00004637943410591
0.00139479635238233 0.00004748535783845
0.00144284563398665 0.00004861765246847
0.00149204065705768 0.00004977694681351
0.00154240874195204 0.00005096388468534
0.00159397786048384 0.00005217912524750
0.00164677665145883 0.00005342334338140
0.00170083443657883 0.00005469723006104
0.00175618123672553 0.00005600149273683
0.00181284778863252 0.00005733685572840
0.00187086556195484 0.00005870406062690
0.00193026677674563 0.00006010386670679
0.00199108442134944 0.00006153705134757
0.00205335227072226 0.00006300441046541
0.00211710490518836 0.00006450675895524
0.00218237772964443 0.00006604493114325
0.00224920699322156 0.00006761978125027
0.00231762980941620 0.00006923218386611
0.00238768417670101 0.00007088303443531
0.00245940899962724 0.00007257324975440
0.00253284411043031 0.00007430376848102
0.00260803029115056 0.00007607555165527
0.00268500929628145 0.00007788958323335
0.00276382387595789 0.00007974687063402
0.00284451779969737 0.00008164844529809
0.00292713588070732 0.00008359536326121
0.00301172400077201 0.00008558870574032
0.00309832913573293 0.00008762957973415
0.00318699938157670 0.00008971911863795
0.00327778398114512 0.00009185848287291
0.00337073335148202 0.00009404886053064
0.00346589911183233 0.00009629146803296
0.00356333411230869 0.00009858755080739
0.00366309246324164 0.00010093838397887
0.00376522956522972 0.00010334527307784
0.00386980213990604 0.00010580955476531
0.00397686826143855 0.00010833259757512
0.00408648738878143 0.00011091580267401
0.00419872039869544 0.00011356060463969
0.00431362961955576 0.00011626847225760
0.00443127886596591 0.00011904090933654
0.00455173347419705 0.00012187945554384
0.00467506033847237 0.00012478568726039
0.00480132794811664 0.00012776121845612
0.00493060642559163 0.00013080770158625
0.00506296756543846 0.00013392682850902
0.00519848487414859 0.00013712033142528
0.00533723361098545 0.00014038998384040
0.00547929082977958 0.00014373760154926
0.00562473542172026 0.00014716504364457
0.00577364815916761 0.00015067421354937
0.00592611174050934 0.00015426706007409
0.00608221083608716 0.00015794557849876
0.00624203213521824 0.00016171181168117
0.00640566439433796 0.00016556785119130
0.00657319848629066 0.00016951583847289
0.00674472745079562 0.00017355796603271
0.00692034654611656 0.00017769647865811
0.00710015330196303 0.00018193367466372
0.00728424757365341 0.00018627190716779
0.00747273159756936 0.00019071358539895
0.00766571004793253 0.00019526117603423
0.00786329009493521 0.00019991720456891
0.00806558146425712 0.00020468425671902
0.00827269649800128 0.00020956497985732
0.00848475021708299 0.00021456208448356
0.00870186038510648 0.00021967834572968
0.00892414757376467 0.00022491660490102
0.00915173522979844 0.00023027977105422
0.00938474974355250 0.00023577082261277
0.00962332051916602 0.00024139280902106
0.00986758004643697 0.00024714885243785
0.01011766397440005 0.00025304214947024
0.01037371118665912 0.00025907597294882
0.01063586387851590 0.00026525367374525
0.01090426763593788 0.00027157868263319
0.01117907151640917 0.00027805451219354
0.01146042813170928 0.00028468475876515
0.01174849373266574 0.00029147310444205
0.01204342829592773 0.00029842331911829
0.01234539561280875 0.00030553926258154
0.01265456338024781 0.00031282488665663
0.01297110329393957 0.00032028423740014
0.01329519114368521 0.00032792145734744
0.01362700691101696 0.00033574078781320
0.01396673486915043 0.00034374657124676
0.01431456368532043 0.00035194325364379
0.01467068652555687 0.00036033538701528
0.01503530116195919 0.00036892763191553
0.01540861008252864 0.00037772476003038
0.01579082060361962 0.00038673165682715
0.01618214498507239 0.00039595332426776
0.01658280054809112 0.00040539488358659
0.01699300979593281 0.00041506157813451
0.01741300053747404 0.00042495877629081
0.01784300601372408 0.00043509197444447
0.01828326502735493 0.00044546680004661
0.01873402207531983 0.00045608901473564
0.01919552748463418 0.00046696451753703
0.01966803755139409 0.00047809934813926
0.02015181468310996 0.00048949969024801
0.02064712754443395 0.00050117187502022
0.02115425120636234 0.00051312238458011
0.02167346729899560 0.00052535785561900
0.02220506416794121 0.00053788508308101
0.02274933703444569 0.00055071102393657
0.02330658815934526 0.00056384280104602
0.02387712701092562 0.00057728770711523
0.02446127043678465 0.00059105320874560
0.02505934283979307 0.00060514695058063
0.02567167635825091 0.00061957675955138
0.02629861105033979 0.00063435064922307
0.02694049508297364 0.00064947682424547
0.02759768492515240 0.00066496368490931
0.02827054554592643 0.00068081983181134
0.02895945061708132 0.00069705407063070
0.02966478272065568 0.00071367541701909
0.03038693356140742 0.00073069310160763
0.03112630418434613 0.00074811657513307
0.03188330519745265 0.00076595551368619
0.03265835699970931 0.00078421982408546
0.03345189001456775 0.00080291964937875
0.03426434492898361 0.00082206537447623
0.03509617293815131 0.00084166763191762
0.03594783599607413 0.00086173730777697
0.03681980707210974 0.00088228554770820
0.03771257041363248 0.00090332376313482
0.03862662181495934 0.00092486363758724
0.03956246889268836 0.00094691713319119
0.04052063136760231 0.00096949649731086
0.04150164135329468 0.00099261426935049
0.04250604365167800 0.00101628328771805
0.04353439605553822 0.00104051669695503
0.04458726965830407 0.00106532795503627
0.04566524917120245 0.00109073084084378
0.04676893324797669 0.00111673946181886
0.04789893481734779 0.00114336826179657
0.04905588142340300 0.00117063202902717
0.05024041557410117 0.00119854590438866
0.05145319509808847 0.00122712538979531
0.05269489351002182 0.00125638635680656
0.05396620038460430 0.00128634505544128
0.05526782173953874 0.00131701812320221
0.05660048042761331 0.00134842259431551
0.05796491653813660 0.00138057590919075
0.05936188780794428 0.00141349592410633
0.06079217004220718 0.00144720092112600
0.06225655754527273 0.00148170961825170
0.06375586356178048 0.00151704117981864
0.06529092072829594 0.00155321522713811
0.06686258153571339 0.00159025184939416
0.06847171880268509 0.00162817161480008
0.07011922616033948 0.00166699558202095
0.07180601854855713 0.00170674531186848
0.07353303272408108 0.00174744287927479
0.07530122778074254 0.00178911088555165
0.07711158568209175 0.00183177247094214
0.07896511180672973 0.00187545132747145
0.08086283550664285 0.00192017171210427
0.08280581067885155 0.00196595846021579
0.08479511635069015 0.00201283699938402
0.08683185727904201 0.00206083336351093
0.08891716456386457 0.00210997420728031
0.09105219627634296 0.00216028682096040
0.09323813810202267 0.00221179914555952
0.09547620399927788 0.00226453978834298
0.09776763687348035 0.00231853803872016
0.10011370926724453 0.00237382388451023
0.10251572406713193 0.00243042802859591
0.10497501522720583 0.00248838190597417
0.10749294850984072 0.00254771770121367
0.11007092224419504 0.00260846836632836
0.11271036810277073 0.00267066763907728
0.11541275189648990 0.00273435006170084
0.11817957438872947 0.00279955100010370
0.12101237212876731 0.00286630666349519
0.12391271830510205 0.00293465412449805
0.12688222361911947 0.00300463133973656
0.12992253717959312 0.00307627717091576
0.13303534741851275 0.00314963140640316
0.13622238302875186 0.00322473478332515
0.13948541392409430 0.00330162901019029
0.14282625222215137 0.00338035679005203
0.14624675325071865 0.00346096184422375
0.14974881657812772 0.00354348893655937
0.15333438706816793 0.00362798389831276
0.15700545596016302 0.00371449365359015
0.16076406197480095 0.00380306624540924
0.16461229244633385 0.00389375086237985
0.16855228448177517 0.00398659786602070
0.17258622614773686 0.00408165881872757
0.17671635768556884 0.00417898651240839
0.18094497275547147 0.00427863499780108
0.18527441971027553 0.00438065961449058
0.18970710289959578 0.00448511702164152
0.19424548400508060 0.00459206522946380
0.19889208340750245 0.00470156363142844
0.20364948158644677 0.00481367303725163
0.20852032055337477 0.00492845570666525
0.21350730531886081 0.00504597538399275
0.21861320539481308 0.00516629733354934
0.22384085633251696 0.00528948837588650
0.22919316129735354 0.00541561692490055
0.23467309268106515 0.00554475302582622
0.24028369375246786 0.00567696839413610
0.24602808034752538 0.00581233645536774
0.25190944259972059 0.00595093238590027
0.25793104671169148 0.00609283315470355
0.26409623676910893 0.00623811756608268
0.27040843659780817 0.00638686630344184
0.27687115166520443 0.00653916197409162
0.28348797102704559 0.00669508915512484
0.29026256932058897 0.00685473444038631
0.29719870880530180 0.00701818648856246
0.30430024145222523 0.00718553607241781
0.31157111108315971 0.00735687612920549
0.31901535556085647 0.00753230181227967
0.32663710903143739 0.00771191054393880
0.33444060422028560 0.00789580206952896
0.34243017478267906 0.00808407851283712
0.35061025771047927 0.00827684443280550
0.35898539579620387 0.00847420688159807
0.36756024015585820 0.00867627546405178
0.37633955281192416 0.00888316239854545
0.38532820933793754 0.00909498257931992
0.39453120156612936 0.00931185364028437
0.40395364035963033 0.00953389602034413
0.41360075845077637 0.00976123303028609
0.42347791334709861 0.00999399092125918
0.43359059030660180 0.01023229895488762
0.44394440538399216 0.01047628947505615
0.45454510854954366 0.01072609798140692
0.46539858688232971 0.01098186320458896
0.47651086783960167 0.01124372718330191
0.48788812260412673 0.01151183534317701
0.49953666951133846 0.01178633657753887
0.51146297755821524 0.01206738333009309
0.52367366999582143 0.01235513167958557
0.53617552800751800 0.01264974142648050
0.54897549447488037 0.01295137618170529
0.56208067783341009 0.01326020345751148
0.57549835602019450 0.01357639476050243
0.58923598051569026 0.01390012568687906
0.60330118048188985 0.01423157601995689
0.61770176699916302 0.01457092983000841
0.63244573740412080 0.01491837557648602
0.64754127973092235 0.01527410621268264
0.66299677725848449 0.01563831929288802
0.67882081316611476 0.01601121708209996
0.69502217530016741 0.01639300666835191
0.71160986105435220 0.01678390007771881
0.72859308236642029 0.01718411439206536
0.74598127083399701 0.01759387186960200
0.76378408295239730 0.01801340006831557
0.78201140547734183 0.01844293197234313
0.80067336091555030 0.01888270612135931
0.81978031314624866 0.01933296674304874
0.83934287317673506 0.01979396388873752
0.85937190503517635 0.02026595357225858
0.87987853180392572 0.02074919791212852
0.90087414179670666 0.02124396527711464
0.92237039488308570 0.02175053043527293
0.94437922896375892 0.02226917470653991
0.96691286660024389 0.02280018611896323
0.98998382180264899 0.02334385956865732
1.01360490697930983 0.02390049698357348
1.03778924005212847 0.02447040749117481
1.06255025174158768 0.02505390759010962
1.08790169302547657 0.02565132132597836
1.11385764277546384 0.02626298047129155
1.14043251557577241 0.02688922470971907
1.16764106972829285 0.02753040182473281
1.19549841544856994 0.02818686789274742
1.22402002325723802 0.02885898748086677
1.25322173257153668 0.02954713384934542
1.28311976050170151 0.03025168915887802
1.31373071085710680 0.03097304468283148
1.34507158336715049 0.03171160102453777
1.37715978312202814 0.03246776833976835
1.41001313023860653 0.03324196656451310
1.44364986975679277 0.03403462564819107
1.47808868177188435 0.03484618579242209
1.51334869180851439 0.03567709769549165
1.54944948144197880 0.03652782280264543
1.58641109917282419 0.03739883356235200
1.62425407156073853 0.03829061368867598
1.66299941462393996 0.03920365842990784
1.70266864551037433 0.04013847484359889
1.74328379444722192 0.04109558207815472
1.78486741697534423 0.04207551166114331
1.82744260647545032 0.04307880779447763
1.87103300699296327 0.04410602765663717
1.91566282636869012 0.04515774171209579
1.96135684968260815 0.04623453402812830
2.00814045301819233 0.04733700259917063
2.05603961755498155 0.04846575967891505
2.10508094399717427 0.04962143212032405
2.15529166734626898 0.05080466172375166
2.20669967202598505 0.05201610559336646
2.25933350736779737 0.05325643650207244
2.31322240346576313 0.05452634326513240
2.36839628740939467 0.05582653112270011
2.42488579990360664 0.05715772213147395
2.48272231228496576 0.05852065556568956
2.54193794394371464 0.05991608832767466
2.60256558016118822 0.06134479536819271
2.66463889037259971 0.06280757011681046
2.72819234686529599 0.06430522492252763
2.79326124392286168 0.06583859150491295
2.85988171742575181 0.06740852141599848
2.92809076491924847 0.06901588651318664
2.99792626615999280 0.07066157944343486
3.06942700415242786 0.07234651413898523
3.14263268668685303 0.07407162632491468
3.21758396839109073 0.07583787403878865
3.29432247330791617 0.07764623816270443
3.37289081801090918 0.07949772296802267
3.45333263527147460 0.08139335667308722
3.53569259829021076 0.08333419201424407
3.62001644550610102 0.08532130683047680
3.70635100599723177 0.08735580466198153
3.79474422548724588 0.08943881536301629
3.88524519297190229 0.09157149572936310
3.97790416798054647 0.09375503014075220
4.07277260848763234 0.09599063121860482
4.16990319948983412 0.09827954049946061
4.26934988226451040 0.10062302912446154
4.37116788432590742 0.10302239854527812
4.47541375009564746 0.10547898124686793
4.58214537230454422 0.10799414148746812
4.69142202414325116 0.11056927605623434
4.80330439217945759 0.11320581504894354
4.91785461006008262 0.11590522266219561
5.03513629301706267 0.11866899800655166
5.15521457319593690 0.12149867593906208
5.27815613582688314 0.12439582791564695
5.40402925625817421 0.12736206286379967
5.53290383787278817 0.13039902807610246
5.66485145090910880 0.13350841012504680
5.79994537220729267 0.13669193579966774
5.93826062590346204 0.13995137306451366
6.07987402509414476 0.14328853204148045
6.22486421449431049 0.14670526601505995
6.37331171411254616 0.15020347246155746
6.52529896396768017 0.15378509410285146
6.68091036987166476 0.15745211998527991
6.84023235030422683 0.16120658658425438
7.00335338440511990 0.16505057893521066
7.17036406111088365 0.16898623179153027
7.34135712946321739 0.17301573081007110
7.51642755011695307 0.17714131376496714
7.69567254807632573 0.18136527179037321
7.87919166668859727 0.18568995065283972
8.06708682292530632 0.19011775205403061
8.25946236398164046 0.19465113496450331
8.45642512522542411 0.19929261698929260
8.65808448952798670 0.20404477576605889
8.86455244800962383 0.20891025039657210
9.07594366223370663 0.21389174291233273
9.29237552788372945 0.21899201977513943
9.51396823995876595 0.22421391341343774
9.74084485952350043 0.22956032379530331
9.97313138205001337 0.23503422003893470
10.21095680738900846 0.24063864206154509
10.45445321140968531 0.24637670226757535
10.70375581934779241 0.25225158727716157
10.95900308090266506 0.25826655969581724
11.22033674712506190 0.26442495992631676
11.48790194913822305 0.27073020802377862
11.76184727873620162 0.27718580559498762
12.04232487090401271 0.28379533774300503
12.32949048830546168 0.29056247505814770
12.62350360778571456 0.29749097565644483
12.92452750893630764 0.30458468726669735
13.23272936477222572 0.31184754936730802
13.54828033457108027 0.31928359537406270
13.87135565892604383 0.32689695488007875
14.20213475706544770 0.33469185594916850
14.54080132649275470 0.34267262746388299
14.88754344500268267 0.35084370152954969
15.24255367512981252 0.35920961593563328
15.60602917108779408 0.36777501667578760
15.97817178825851592 0.37654466052799801
16.35918819529219803 0.38552341769625154
16.74928998888023912 0.39471627451519042
17.14869381126511527 0.40412833621926564
17.55762147055219913 0.41376482977791829
17.97630006389040247 0.42363110679836524
18.40496210359024332 0.43373264649760679
18.84384564624889791 0.44407505874529390
19.29319442495458503 0.45466408717916129
19.75325798464320215 0.46550561239474403
20.22429182068257347 0.47660565521115372
20.70655752076142164 0.48797038001473148
21.20032291016135417 0.49960609818242241
21.70586220049323956 0.51151927158678956
22.22345614198001229 0.52371651618460069
22.75339217937076697 0.53620460569098627
23.29596461157256471 0.54899047534120848
23.85147475508890480 0.56208122574213271
24.42023111135499391 0.57548412681553041
25.00254953806354408 0.58920662183541894
25.59875342457567982 0.60325633156166758
26.20917387151450484 0.61764105847217032
26.83414987464136203 0.63236879109594069
27.47402851311615279 0.64744770844951782
28.12916514224724907 0.66288618457917248
28.79992359083728815 0.67869279321141451
29.48667636323470376 0.69487631251439341
30.18980484620349003 0.71144572997284194
30.90969952072524762 0.72841024737924942
31.64676017885220105 0.74577928594406384
32.40139614573088522 0.76356249152774081
33.17402650691995802 0.78176973999755128
33.96508034112876118 0.80041114271212999
34.77499695850494277 0.81949705213678947
35.60422614460473056 0.83903806759274668
36.45322841018035120 0.85904504114343350
37.32247524692373020 0.87952908362116689
38.21244938930841784 0.90050157079752724
39.12364508267544494 0.92197414970087532
40.05656835771107893 0.94395874508449684
41.01173731147022039 0.96646756604899653
41.98968239510047340 0.98951311282259569
42.99094670842703891 1.01310818370310662
44.01608630156243152 1.03726588216544924
45.06567048370731499 1.06199962413862847
46.14028213931551647 1.08732314545624975
47.24051805179767172 1.11325050948468585
48.36698923494354574 1.13979611493313548
49.52032127224774172 1.16697470384992741
50.70115466432564233 1.19480136980947305
51.91014518461447125 1.22329156629446145
53.14796424355573379 1.25246111527791815
54.41529926146144902 1.28232621600990249
55.71285405027211368 1.31290345401373854
57.04134920441660483 1.34420981029673836
58.40152250099322373 1.37626267078057762
59.79412930949265359 1.40907983595653175
61.21994301129083027 1.44267953077094102
62.67975542914470566 1.47708041474639740
64.17437726692972433 1.51230159234428041
65.70463855986204749 1.54836262357436683
67.27138913545726950 1.58528353485745321
68.87549908548038502 1.62308483014698557
70.51785924914933901 1.66178750231588523
72.19938170786123521 1.70141304481490963
73.92100029171422193 1.74198346360897993
75.68367109810859006 1.78352128939816068
77.48837302271347482 1.82604959013003598
79.33610830309434903 1.86959198381044267
