0.00000000000000000 -0.00000000003449121 -0.00000000008411864
0.00001479017834245 -0.00010669958012754 -0.00026021957448264
0.00002993303044112 -0.00021594342557077 -0.00052664411852288
0.00004543696584831 -0.00032779220437559 -0.00079942158980660
0.00006131059464321 -0.00044230803119035 -0.00107870347401535
0.00007756273221348 -0.00055955450175709 -0.00136464486894500
0.00009420240415086 -0.00067959672822493 -0.00165740457062970
0.00011123885126353 -0.00080250137530519 -0.00195714516151874
0.00012868153470796 -0.00092833669728839 -0.00226403310075549
0.00014654014124313 -0.00105717257594354 -0.00257823881660818
0.00016482458861008 -0.00118908055932084 -0.00289993680110407
0.00018354503103970 -0.00132413390147914 -0.00322930570691930
0.00020271186489184 -0.00146240760316043 -0.00356652844657813
0.00022233573442895 -0.00160397845343363 -0.00391179229401677
0.00024242753772729 -0.00174892507233099 -0.00426528898856785
0.00026299843272922 -0.00189732795450059 -0.00462721484142335
0.00028405984343969 -0.00204926951389918 -0.00499777084463494
0.00030562346627056 -0.00220483412955010 -0.00537716278271214
0.00032770127653619 -0.00236410819239170 -0.00576560134688013
0.00035030553510386 -0.00252718015324210 -0.00616330225206058
0.00037344879520289 -0.00269414057190694 -0.00657048635664024
0.00039714390939599 -0.00286508216745728 -0.00698737978509370
0.00042140403671692 -0.00304009986970550 -0.00741421405352817
0.00044624264997835 -0.00321929087190771 -0.00785122619821995
0.00047167354325394 -0.00340275468472180 -0.00829865890721357
0.00049771083953886 -0.00359059319145106 -0.00875676065505664
0.00052436899859298 -0.00378291070460387 -0.00922578584074492
0.00055166282497104 -0.00397981402380077 -0.00970599492895396
0.00057960747624433 -0.00418141249506102 -0.01019765459463552
0.00060821847141845 -0.00438781807150128 -0.01070103787105865
0.00063751169955175 -0.00459914537548015 -0.01121642430137757
0.00066750342857924 -0.00481551176222274 -0.01174410009380992
0.00069821031434701 -0.00503703738496068 -0.01228435828051137
0.00072964940986200 -0.00526384526162317 -0.01283749888023429
0.00076183817476235 -0.00549606134311640 -0.01340382906486060
0.00079479448501358 -0.00573381458322867 -0.01398366332990062
0.00082853664283596 -0.00597723701019988 -0.01457732366905212
0.00086308338686863 -0.00622646379999507 -0.01518513975291629
0.00089845390257607 -0.00648163335132217 -0.01580744911196887
0.00093466783290265 -0.00674288736243567 -0.01644459732388778
0.00097174528918138 -0.00701037090976806 -0.01709693820534046
0.00100970686230267 -0.00728423252843298 -0.01776483400833692
0.00104857363414939 -0.00756462429464402 -0.01844865562125654
0.00108836718930472 -0.00785170191009462 -0.01914878277465960
0.00112910962703908 -0.00814562478834557 -0.01986560425199688
0.00117082357358291 -0.00844655614326804 -0.02059951810533382
0.00121353219469209 -0.00875466307958961 -0.02135093187620702
0.00125725920851302 -0.00907011668559481 -0.02212026282173617
0.00130202889875444 -0.00939309212802946 -0.02290793814611423
0.00134786612817331 -0.00972376874926206 -0.02371439523760452
0.00139479635238233 -0.01006233016675484 -0.02454008191117383
0.00144284563398665 -0.01040896437489966 -0.02538545665689605
0.00149204065705768 -0.01076386384927400 -0.02625098889426161
0.00154240874195204 -0.01112722565337467 -0.02713715923253302
0.00159397786048384 -0.01149925154788725 -0.02804445973728914
0.00164677665145883 -0.01188014810255117 -0.02897339420330396
0.00170083443657883 -0.01227012681068217 -0.02992447843391015
0.00175618123672553 -0.01266940420641350 -0.03089824052699927
0.00181284778863252 -0.01307820198472088 -0.03189522116781598
0.00187086556195484 -0.01349674712429656 -0.03291597392870600
0.00193026677674563 -0.01392527201333880 -0.03396106557598121
0.00199108442134944 -0.01436401457832577 -0.03503107638406974
0.00205335227072226 -0.01481321841584408 -0.03612660045712268
0.00211710490518836 -0.01527313292754311 -0.03724824605825168
0.00218237772964443 -0.01574401345828805 -0.03839663594657711
0.00224920699322156 -0.01622612143758811 -0.03957240772227075
0.00231762980941620 -0.01671972452437418 -0.04077621417977886
0.00238768417670101 -0.01722509675520619 -0.04200872366941882
0.00245940899962724 -0.01774251869598927 -0.04327062046754408
0.00253284411043031 -0.01827227759728062 -0.04456260515547902
0.00260803029115056 -0.01881466755327041 -0.04588539500742685
0.00268500929628145 -0.01936998966452324 -0.04723972438756177
0.00276382387595789 -0.01993855220456637 -0.04862634515651845
0.00284451779969737 -0.02052067079041438 -0.05004602708749725
0.00292713588070732 -0.02111666855712154 -0.05149955829220999
0.00301172400077201 -0.02172687633645512 -0.05298774565689392
0.00309832913573293 -0.02235163283978470 -0.05451141528862745
0.00318699938157670 -0.02299128484528450 -0.05607141297218672
0.00327778398114512 -0.02364618738954875 -0.05766860463768643
0.00337073335148202 -0.02431670396372058 -0.05930387683925416
0.00346589911183233 -0.02500320671423881 -0.06097813724499237
0.00356333411230869 -0.02570607664830766 -0.06269231513848780
0.00366309246324164 -0.02642570384419812 -0.06444736193213473
0.00376522956522972 -0.02716248766649006 -0.06624425169254042
0.00386980213990604 -0.02791683698636871 -0.06808398167829274
0.00397686826143855 -0.02868917040708896 -0.06996757289036888
0.00408648738878143 -0.02947991649472563 -0.07189607063547611
0.00419872039869544 -0.03028951401432763 -0.07387054510261627
0.00431362961955576 -0.03111841217159981 -0.07589209195317610
0.00443127886596591 -0.03196707086023349 -0.07796183292484715
0.00455173347419705 -0.03283596091501551 -0.08008091644968945
0.00467506033847237 -0.03372556437084173 -0.08225051828665562
0.00480132794811664 -0.03463637472776789 -0.08447184216890033
0.00493060642559163 -0.03556889722223155 -0.08674612046620643
0.00506296756543846 -0.03652364910457875 -0.08907461486286214
0.00519848487414859 -0.03750115992303849 -0.09145861705133675
0.00533723361098545 -0.03850197181428156 -0.09389944944209966
0.00547929082977958 -0.03952663980070856 -0.09639846588994139
0.00562473542172026 -0.04057573209461476 -0.09895705243715880
0.00577364815916761 -0.04164983040937720 -0.10157662807397087
0.00592611174050934 -0.04274953027781594 -0.10425864551654272
0.00608221083608716 -0.04387544137788234 -0.10700459200299588
0.00624203213521824 -0.04502818786583014 -0.10981599010779550
0.00640566439433796 -0.04620840871702429 -0.11269439857490408
0.00657319848629066 -0.04741675807455156 -0.11564141317010604
0.00674472745079562 -0.04865390560579015 -0.11865866755290358
0.00692034654611656 -0.04992053686710569 -0.12174783416839999
0.00710015330196303 -0.05121735367683694 -0.12491062515958348
0.00728424757365341 -0.05254507449674326 -0.12814879330043946
0.00747273159756936 -0.05390443482207630 -0.13146413295031284
0.00766571004793253 -0.05529618758045524 -0.13485848102996048
0.00786329009493521 -0.05672110353971389 -0.13833371801972752
0.00806558146425712 -0.05817997172489350 -0.14189176898029277
0.00827269649800128 -0.05967359984456116 -0.14553460459643044
0.00848475021708299 -0.06120281472662392 -0.14926424224423765
0.00870186038510648 -0.06276846276382422 -0.15308274708228684
0.00892414757376467 -0.06437141036908618 -0.15699223316715688
0.00915173522979844 -0.06601254444089860 -0.16099486459380602
0.00938474974355250 -0.06769277283890816 -0.16509285666124990
0.00962332051916602 -0.06941302486990510 -0.16928847706400837
0.00986758004643697 -0.07117425178437560 -0.17358404710978695
0.01011766397440005 -0.07297742728380137 -0.17798194296385828
0.01037371118665912 -0.07482354803888101 -0.18248459692061028
0.01063586387851590 -0.07671363421884457 -0.18709449870272057
0.01090426763593788 -0.07864873003203932 -0.19181419678842421
0.01117907151640917 -0.08062990427794781 -0.19664629976732537
0.01146042813170928 -0.08265825091081287 -0.20159347772521310
0.01174849373266574 -0.08473488961502502 -0.20665846365832224
0.01204342829592773 -0.08686096639243115 -0.21184405491748212
0.01234539561280875 -0.08903765416172180 -0.21715311468258514
0.01265456338024781 -0.09126615337003460 -0.22258857346779332
0.01297110329393957 -0.09354769261692128 -0.22815343065789198
0.01329519114368521 -0.09588352929080560 -0.23385075607618849
0.01362700691101696 -0.09827495021805478 -0.23968369158432945
0.01396673486915043 -0.10072327232478102 -0.24565545271440081
0.01431456368532043 -0.10322984331146959 -0.25176933033364773
0.01467068652555687 -0.10579604234052810 -0.25802869234213244
0.01503530116195919 -0.10842328073682937 -0.26443698540361876
0.01540861008252864 -0.11111300270130965 -0.27099773670994282
0.01579082060361962 -0.11386668603766703 -0.27771455577910098
0.01618214498507239 -0.11668584289218288 -0.28459113628724292
0.01658280054809112 -0.11957202050667375 -0.29163125793472394
0.01699300979593281 -0.12252680198455809 -0.29883878834632394
0.01741300053747404 -0.12555180706998814 -0.30621768500568713
0.01784300601372408 -0.12864869293998790 -0.31377199722399335
0.01828326502735493 -0.13181915500949207 -0.32150586814279791
0.01873402207531983 -0.13506492774916018 -0.32942353677092967
0.01919552748463418 -0.13838778551579553 -0.33752934005524665
0.01966803755139409 -0.14178954339517122 -0.34582771498499043
0.02015181468310996 -0.14527205805701127 -0.35432320072937512
0.02064712754443395 -0.14883722862184620 -0.36302044080797885
0.02115425120636234 -0.15248699753938941 -0.37192418529337551
0.02167346729899560 -0.15622335147805524 -0.38103929304536305
0.02220506416794121 -0.16004832222515858 -0.39037073397600386
0.02274933703444569 -0.16396398759728523 -0.39992359134457778
0.02330658815934526 -0.16797247236025128 -0.40970306408139567
0.02387712701092562 -0.17207594915799140 -0.41971446913927557
0.02446127043678465 -0.17627663944964708 -0.42996324387131923
0.02505934283979307 -0.18057681445402624 -0.44045494843343952
0.02567167635825091 -0.18497879610051918 -0.45119526820989936
0.02629861105033979 -0.18948495798545786 -0.46219001625991507
0.02694049508297364 -0.19409772633278827 -0.47344513578314523
0.02759768492515240 -0.19881958095780911 -0.48496670260163594
0.02827054554592643 -0.20365305623261645 -0.49676092765553898
0.02895945061708132 -0.20860074205173423 -0.50883415950962407
0.02966478272065568 -0.21366528479627697 -0.52119288686728937
0.03038693356140742 -0.21884938829483572 -0.53384374108846411
0.03112630418434613 -0.22415581477908955 -0.54679349870739979
0.03188330519745265 -0.22958738583197300 -0.56004908394599351
0.03265835699970931 -0.23514698332602760 -0.57361757121784129
0.03345189001456775 -0.24083755034935331 -0.58750618761779005
0.03426434492898361 -0.24666209211633108 -0.60172231539123400
0.03509617293815131 -0.25262367686005865 -0.61627349437692558
0.03594783599607413 -0.25872543670316256 -0.63116742441646601
0.03681980707210974 -0.26497056850336209 -0.64641196772305765
0.03771257041363248 -0.27136233466985249 -0.66201515120143573
0.03862662181495934 -0.27790406394625372 -0.67798516871019632
0.03956246889268836 -0.28459915215548620 -0.69433038325699425
0.04052063136760231 -0.29145106290158918 -0.71105932911625347
0.04150164135329468 -0.29846332822305521 -0.72818071385818839
0.04250604365167800 -0.30563954919182568 -0.74570342027697900
0.04353439605553822 -0.31298339645162104 -0.76363650820492857
0.04458726965830407 -0.32049861068874941 -0.78198921619838724
0.04566524917120245 -0.32818900302803894 -0.80077096308005580
0.04676893324797669 -0.33605845534589435 -0.81999134932103235
0.04789893481734779 -0.34411092049189601 -0.83966015824463025
0.04905588142340300 -0.35235042240966918 -0.85978735703259379
0.05024041557410117 -0.36078105614701717 -0.88038309751277344
0.05145319509808847 -0.36940698774459335 -0.90145771670575181
0.05269489351002182 -0.37823245399151351 -0.92302173710608870
0.05396620038460430 -0.38726176203540502 -0.94508586667196637
0.05526782173953874 -0.39649928883350705 -0.96766099849505882
0.05660048042761331 -0.40594948043040235 -0.99075821012029897
0.05796491653813660 -0.41561685104685681 -1.01438876248288734
0.05936188780794428 -0.42550598196311323 -1.03856409842741737
0.06079217004220718 -0.43562152017868294 -1.06329584077131489
0.06225655754527273 -0.44596817682948642 -1.08859578987211680
0.06375586356178048 -0.45655072534165858 -1.11447592065499212
0.06529092072829594 -0.46737399929993817 -1.14094837905382240
0.06686258153571339 -0.47844289000680462 -1.16802547781546129
0.06847171880268509 -0.48976234370696409 -1.19571969161344183
0.07011922616033948 -0.50133735844986704 -1.22404365141337435
0.07180601854855713 -0.51317298056109784 -1.25301013802823280
0.07353303272408108 -0.52527430069128411 -1.28263207479714159
0.07530122778074254 -0.53764644940892470 -1.31292251931644954
0.07711158568209175 -0.55029459230138811 -1.34389465414727960
0.07896511180672973 -0.56322392454570447 -1.37556177641813560
0.08086283550664285 -0.57643966490822229 -1.40793728623569048
0.08280581067885155 -0.58994704912911100 -1.44103467381028216
0.08479511635069015 -0.60375132264493725 -1.47486750519678878
0.08683185727904201 -0.61785773259942744 -1.50944940654479898
0.08891716456386457 -0.63227151908912749 -1.54479404674478626
0.09105219627634296 -0.64699790558693748 -1.58091511834905685
0.09323813810202267 -0.66204208848268387 -1.61782631663788368
0.09547620399927788 -0.67740922567629192 -1.65554131669376581
0.09776763687348035 -0.69310442415474127 -1.69407374833715418
0.10011370926724453 -0.70913272647973380 -1.73343716876799214
0.10251572406713193 -0.72549909610749685 -1.77364503274555441
0.10497501522720583 -0.74220840145818867 -1.81471066013058224
0.10749294850984072 -0.75926539864705256 -1.85664720060227229
0.11007092224419504 -0.77667471278413325 -1.89946759535123011
0.11271036810277073 -0.79444081774313080 -1.94318453553600579
0.11541275189648990 -0.81256801429379732 -1.98781041727773600
0.11817957438872947 -0.83106040648756985 -2.03335729295701162
0.12101237212876731 -0.84992187617880233 -2.07983681856143177
0.12391271830510205 -0.86915605555777375 -2.12726019681882406
0.12688222361911947 -0.88876629756222936 -2.17563811583103783
0.12992253717959312 -0.90875564403055509 -2.22498068291496232
0.13303534741851275 -0.92912679145091914 -2.27529735333847771
0.13622238302875186 -0.94988205415406202 -2.32659685362471480
0.13948541392409430 -0.97102332478639242 -2.37888709907405538
0.14282625222215137 -0.99255203189459673 -2.43217510514135915
0.14624675325071865 -1.01446909444651512 -2.48646689229163487
0.14974881657812772 -1.03677487310409866 -2.54176738393787627
0.15333438706816793 -1.05946911805516897 -2.59808029704481891
0.15700545596016302 -1.08255091319913466 -2.65540802495731665
0.16076406197480095 -1.10601861648281119 -2.71375151201318543
0.16461229244633385 -1.12986979617039562 -2.77311011947386366
0.16855228448177517 -1.15410116282752551 -2.83348148229654662
0.17258622614773686 -1.17870849678073442 -2.89486135623123220
0.17671635768556884 -1.20368657082287189 -2.95724345474424632
0.18094497275547147 -1.22902906792547939 -3.02061927524818241
0.18527441971027553 -1.25472849371847817 -3.08497791411563327
0.18970710289959578 -1.28077608348088590 -3.15030586991725814
0.19424548400508060 -1.30716170339312510 -3.21658683433763937
0.19889208340750245 -1.33387374581253448 -3.28380147024334512
0.20364948158644677 -1.36089901833058735 -3.35192717636927551
0.20852032055337477 -1.38822262637156535 -3.42093783808968155
0.21350730531886081 -1.41582784908292236 -3.49080356371783829
0.21861320539481308 -1.44369600832048972 -3.56149040588685217
0.22384085633251696 -1.47180633052632781 -3.63296006754983525
0.22919316129735354 -1.50013580133016755 -3.70516959220427911
0.23467309268106515 -1.52865901267757254 -3.77807103788392018
0.24028369375246786 -1.55734800238934845 -3.85161113467000726
0.24602808034752538 -1.58617208607380089 -3.92573092550639302
0.25190944259972059 -1.61509768137647236 -4.00036539022983106
0.25793104671169148 -1.64408812453951803 -4.07544305269744367
0.26409623676910893 -1.67310347935792270 -4.15088557112805923
0.27040843659780817 -1.70210033873023048 -4.22660731200149087
0.27687115166520443 -1.73103161907304726 -4.30251490800280223
0.28348797102704559 -1.75984634793580574 -4.37850680063398734
0.29026256932058897 -1.78848944522162645 -4.45447276825343419
0.29719870880530180 -1.81690149871888873 -4.53029344092168795
0.30430024145222523 -1.84501853471569954 -4.60583980356564915
0.31157111108315971 -1.87277178468399375 -4.68097268941314049
0.31901535556085647 -1.90008744900662219 -4.75554226561248594
0.32663710903143739 -1.92688645926390478 -4.82938751407752331
0.33444060422028560 -1.95308424072072140 -4.90233571084807895
0.34243017478267906 -1.97859047702298652 -4.97420190801178119
0.35061025771047927 -2.00330887909735855 -5.04478842218841628
0.35898539579620387 -2.02713696093275253 -5.11388433499451978
0.36756024015585820 -2.04996582532664373 -5.18126501173486353
0.37633955281192416 -2.07167996310737523 -5.24669164544405309
0.38532820933793754 -2.09215706952923686 -5.30991083376754780
0.39453120156612936 -2.11126788210486627 -5.37065419733619809
0.40395364035963033 -2.12887604516650120 -5.42863805040921399
0.41360075845077637 -2.14483800679304082 -5.48356313525196182
0.42347791334709861 -2.15900295436588463 -5.53511443299150407
0.43359059030660180 -2.17121279515267940 -5.58296106393953018
0.44394440538399216 -2.18130219025272032 -5.62675629437478086
0.45454510854954366 -2.18909865044601037 -5.66613766716348710
0.46539858688232971 -2.19442270362682912 -5.70072727592123307
0.47651086783960167 -2.19708814309028799 -5.73013220149982505
0.48788812260412673 -2.19690236859581089 -5.75394513506032368
0.49953666951133846 -2.19366683252167283 -5.77174521272798735
0.51146297755821524 -2.18717760466477085 -5.78309908932383632
0.52367366999582143 -2.17722606860207435 -5.78756227723761363
0.53617552800751800 -2.16359976485761374 -5.78468078125150864
0.54897549447488037 -2.14608339746824406 -5.77399306280352409
0.56208067783341009 -2.12446002093823116 -5.75503236785438421
0.57549835602019450 -2.09851242414297845 -5.72732945145871497
0.58923598051569026 -2.06802472810121341 -5.69041573270484147
0.60330118048188985 -2.03278421747063254 -5.64382691957399985
0.61770176699916302 -1.99258342396323274 -5.58710713955963101
0.63244573740412080 -1.94722247959532035 -5.51981361101484147
0.64754127973092235 -1.89651175436336961 -5.44152188299006934
0.66299677725848449 -1.84027479691168283 -5.35183167920135094
0.67882081316611476 -1.77835159209844140 -5.25037337167426887
0.69502217530016741 -1.71060214765862506 -5.13681510558404320
0.71160986105435220 -1.63691041436779172 -5.01087058019976617
0.72859308236642029 -1.55718854597137324 -4.87230749409959163
0.74598127083399701 -1.47138149739356217 -4.72095664613286825
0.76378408295239730 -1.37947195300644254 -4.55672166895919606
0.78201140547734183 -1.28148556449039397 -4.37958934607171635
0.80067336091555030 -1.17749647239638677 -4.18964045126278428
0.81978031314624866 -1.06763307435045141 -3.98706102559009157
0.83934287317673506 -0.95208398684916462 -3.77215397317292744
0.85937190503517635 -0.83110412993369187 -3.54535082024785186
0.87987853180392572 -0.70502084780545848 -3.30722344819924530
0.90087414179670666 -0.57423996077680861 -3.05849557429600782
0.92237039488308570 -0.43925161678689140 -2.80005369827731210
0.94437922896375892 -0.30063578468285101 -2.53295718014874893
0.96691286660024389 -0.15906720708726585 -2.25844706671603213
0.98998382180264899 -0.01531960045640662 -1.97795322384113059
1.01360490697930983 0.12973114509647446 -1.69309926396409383
1.03778924005212847 0.27510505023295984 -1.40570468906504198
1.06255025174158768 0.41971772023832338 -1.11778363578502016
1.08790169302547657 0.56238195749387854 -0.83153952881011317
1.11385764277546384 0.70181169669780730 -0.54935489301166429
1.14043251557577241 0.83662868438909610 -0.27377551859091021
1.16764106972829285 0.96537232525713390 -0.00748819968673867
1.19549841544856994 1.08651315167370477 0.24670877075709735
1.22402002325723802 1.19847039943171674 0.48594317908096879
1.25322173257153668 1.29963417238386114 0.70731531635925926
1.28311976050170151 1.38839263617038200 0.90795387305720932
1.31373071085710680 1.46316463610257297 1.08508175684047181
1.34507158336715049 1.52243813609428535 1.23609219767771927
1.37715978312202814 1.56481475617167187 1.35863514893181647
1.41001313023860653 1.58906055039713068 1.45071358935513706
1.44364986975679277 1.59416291982451264 1.51078869790739256
1.47808868177188435 1.57939346101434075 1.53789251973829733
1.51334869180851439 1.54437617329094001 1.53174581385247333
1.54944948144197880 1.48916006802986867 1.49287783397108687
1.58641109917282419 1.41429458081123105 1.42274339092293545
1.62425407156073853 1.32090573405277700 1.32383149320075511
1.66299941462393996 1.21077008625696658 1.19975798969427716
1.70266864551037433 1.08638243969176873 1.05533255254731650
1.74328379444722192 0.95101181142712032 0.89658772889005656
1.78486741697534423 0.80873863057957318 0.73075515782029510
1.82744260647545032 0.66446390385976950 0.56617044131393046
1.87103300699296327 0.52387821633337550 0.41208378413970836
1.91566282636869012 0.39337476585311548 0.27834838699616637
1.96135684968260815 0.27988914796000014 0.17495826273816428
2.00814045301819233 0.19064887349237353 0.11141466676315270
2.05603961755498155 0.12010918581413171 0.07225776615344703
2.10508094399717427 0.06084126210706194 0.03755530297856742
2.15529166734626898 0.01864900175508989 0.01173662238928582
2.20669967202598505 0.00000000000000000 0.00000000000000000
2.25933350736779737 0.00000000000000000 0.00000000000000000
2.31322240346576313 0.00000000000000000 0.00000000000000000
2.36839628740939467 0.00000000000000000 0.00000000000000000
2.42488579990360664 0.00000000000000000 0.00000000000000000
2.48272231228496576 0.00000000000000000 0.00000000000000000
2.54193794394371464 0.00000000000000000 0.00000000000000000
2.60256558016118822 0.00000000000000000 0.00000000000000000
2.66463889037259971 0.00000000000000000 0.00000000000000000
2.72819234686529599 0.00000000000000000 0.00000000000000000
2.79326124392286168 0.00000000000000000 0.00000000000000000
2.85988171742575181 0.00000000000000000 0.00000000000000000
2.92809076491924847 0.00000000000000000 0.00000000000000000
2.99792626615999280 0.00000000000000000 0.00000000000000000
3.06942700415242786 0.00000000000000000 0.00000000000000000
3.14263268668685303 0.00000000000000000 0.00000000000000000
3.21758396839109073 0.00000000000000000 0.00000000000000000
3.29432247330791617 0.00000000000000000 0.00000000000000000
3.37289081801090918 0.00000000000000000 0.00000000000000000
3.45333263527147460 0.00000000000000000 0.00000000000000000
3.53569259829021076 0.00000000000000000 0.00000000000000000
3.62001644550610102 0.00000000000000000 0.00000000000000000
3.70635100599723177 0.00000000000000000 0.00000000000000000
3.79474422548724588 0.00000000000000000 0.00000000000000000
3.88524519297190229 0.00000000000000000 0.00000000000000000
3.97790416798054647 0.00000000000000000 0.00000000000000000
4.07277260848763234 0.00000000000000000 0.00000000000000000
4.16990319948983412 0.00000000000000000 0.00000000000000000
4.26934988226451040 0.00000000000000000 0.00000000000000000
4.37116788432590742 0.00000000000000000 0.00000000000000000
4.47541375009564746 0.00000000000000000 0.00000000000000000
4.58214537230454422 0.00000000000000000 0.00000000000000000
4.69142202414325116 0.00000000000000000 0.00000000000000000
4.80330439217945759 0.00000000000000000 0.00000000000000000
4.91785461006008262 0.00000000000000000 0.00000000000000000
5.03513629301706267 0.00000000000000000 0.00000000000000000
5.15521457319593690 0.00000000000000000 0.00000000000000000
5.27815613582688314 0.00000000000000000 0.00000000000000000
5.40402925625817421 0.00000000000000000 0.00000000000000000
5.53290383787278817 0.00000000000000000 0.00000000000000000
5.66485145090910880 0.00000000000000000 0.00000000000000000
5.79994537220729267 0.00000000000000000 0.00000000000000000
5.93826062590346204 0.00000000000000000 0.00000000000000000
6.07987402509414476 0.00000000000000000 0.00000000000000000
6.22486421449431049 0.00000000000000000 0.00000000000000000
6.37331171411254616 0.00000000000000000 0.00000000000000000
6.52529896396768017 0.00000000000000000 0.00000000000000000
6.68091036987166476 0.00000000000000000 0.00000000000000000
6.84023235030422683 0.00000000000000000 0.00000000000000000
7.00335338440511990 0.00000000000000000 0.00000000000000000
7.17036406111088365 0.00000000000000000 0.00000000000000000
7.34135712946321739 0.00000000000000000 0.00000000000000000
7.51642755011695307 0.00000000000000000 0.00000000000000000
7.69567254807632573 0.00000000000000000 0.00000000000000000
7.87919166668859727 0.00000000000000000 0.00000000000000000
8.06708682292530632 0.00000000000000000 0.00000000000000000
8.25946236398164046 0.00000000000000000 0.00000000000000000
8.45642512522542411 0.00000000000000000 0.00000000000000000
8.65808448952798670 0.00000000000000000 0.00000000000000000
8.86455244800962383 0.00000000000000000 0.00000000000000000
9.07594366223370663 0.00000000000000000 0.00000000000000000
9.29237552788372945 0.00000000000000000 0.00000000000000000
9.51396823995876595 0.00000000000000000 0.00000000000000000
9.74084485952350043 0.00000000000000000 0.00000000000000000
9.97313138205001337 0.00000000000000000 0.00000000000000000
10.21095680738900846 0.00000000000000000 0.00000000000000000
10.45445321140968531 0.00000000000000000 0.00000000000000000
10.70375581934779241 0.00000000000000000 0.00000000000000000
10.95900308090266506 0.00000000000000000 0.00000000000000000
11.22033674712506190 0.00000000000000000 0.00000000000000000
11.48790194913822305 0.00000000000000000 0.00000000000000000
11.76184727873620162 0.00000000000000000 0.00000000000000000
12.04232487090401271 0.00000000000000000 0.00000000000000000
12.32949048830546168 0.00000000000000000 0.00000000000000000
12.62350360778571456 0.00000000000000000 0.00000000000000000
12.92452750893630764 0.00000000000000000 0.00000000000000000
13.23272936477222572 0.00000000000000000 0.00000000000000000
13.54828033457108027 0.00000000000000000 0.00000000000000000
13.87135565892604383 0.00000000000000000 0.00000000000000000
14.20213475706544770 0.00000000000000000 0.00000000000000000
14.54080132649275470 0.00000000000000000 0.00000000000000000
14.88754344500268267 0.00000000000000000 0.00000000000000000
15.24255367512981252 0.00000000000000000 0.00000000000000000
15.60602917108779408 0.00000000000000000 0.00000000000000000
15.97817178825851592 0.00000000000000000 0.00000000000000000
16.35918819529219803 0.00000000000000000 0.00000000000000000
16.74928998888023912 0.00000000000000000 0.00000000000000000
17.14869381126511527 0.00000000000000000 0.00000000000000000
17.55762147055219913 0.00000000000000000 0.00000000000000000
17.97630006389040247 0.00000000000000000 0.00000000000000000
18.40496210359024332 0.00000000000000000 0.00000000000000000
18.84384564624889791 0.00000000000000000 0.00000000000000000
19.29319442495458503 0.00000000000000000 0.00000000000000000
19.75325798464320215 0.00000000000000000 0.00000000000000000
20.22429182068257347 0.00000000000000000 0.00000000000000000
20.70655752076142164 0.00000000000000000 0.00000000000000000
21.20032291016135417 0.00000000000000000 0.00000000000000000
21.70586220049323956 0.00000000000000000 0.00000000000000000
22.22345614198001229 0.00000000000000000 0.00000000000000000
22.75339217937076697 0.00000000000000000 0.00000000000000000
23.29596461157256471 0.00000000000000000 0.00000000000000000
23.85147475508890480 0.00000000000000000 0.00000000000000000
24.42023111135499391 0.00000000000000000 0.00000000000000000
25.00254953806354408 0.00000000000000000 0.00000000000000000
25.59875342457567982 0.00000000000000000 0.00000000000000000
26.20917387151450484 0.00000000000000000 0.00000000000000000
26.83414987464136203 0.00000000000000000 0.00000000000000000
27.47402851311615279 0.00000000000000000 0.00000000000000000
28.12916514224724907 0.00000000000000000 0.00000000000000000
28.79992359083728815 0.00000000000000000 0.00000000000000000
29.48667636323470376 0.00000000000000000 0.00000000000000000
30.18980484620349003 0.00000000000000000 0.00000000000000000
30.90969952072524762 0.00000000000000000 0.00000000000000000
31.64676017885220105 0.00000000000000000 0.00000000000000000
32.40139614573088522 0.00000000000000000 0.00000000000000000
33.17402650691995802 0.00000000000000000 0.00000000000000000
33.96508034112876118 0.00000000000000000 0.00000000000000000
34.77499695850494277 0.00000000000000000 0.00000000000000000
35.60422614460473056 0.00000000000000000 0.00000000000000000
36.45322841018035120 0.00000000000000000 0.00000000000000000
37.32247524692373020 0.00000000000000000 0.00000000000000000
38.21244938930841784 0.00000000000000000 0.00000000000000000
39.12364508267544494 0.00000000000000000 0.00000000000000000
40.05656835771107893 0.00000000000000000 0.00000000000000000
41.01173731147022039 0.00000000000000000 0.00000000000000000
41.98968239510047340 0.00000000000000000 0.00000000000000000
42.99094670842703891 0.00000000000000000 0.00000000000000000
44.01608630156243152 0.00000000000000000 0.00000000000000000
45.06567048370731499 0.00000000000000000 0.00000000000000000
46.14028213931551647 0.00000000000000000 0.00000000000000000
47.24051805179767172 0.00000000000000000 0.00000000000000000
48.36698923494354574 0.00000000000000000 0.00000000000000000
49.52032127224774172 0.00000000000000000 0.00000000000000000
50.70115466432564233 0.00000000000000000 0.00000000000000000
51.91014518461447125 0.00000000000000000 0.00000000000000000
53.14796424355573379 0.00000000000000000 0.00000000000000000
54.41529926146144902 0.00000000000000000 0.00000000000000000
55.71285405027211368 0.00000000000000000 0.00000000000000000
57.04134920441660483 0.00000000000000000 0.00000000000000000
58.40152250099322373 0.00000000000000000 0.00000000000000000
59.79412930949265359 0.00000000000000000 0.00000000000000000
61.21994301129083027 0.00000000000000000 0.00000000000000000
62.67975542914470566 0.00000000000000000 0.00000000000000000
64.17437726692972433 0.00000000000000000 0.00000000000000000
65.70463855986204749 0.00000000000000000 0.00000000000000000
67.27138913545726950 0.00000000000000000 0.00000000000000000
68.87549908548038502 0.00000000000000000 0.00000000000000000
70.51785924914933901 0.00000000000000000 0.00000000000000000
72.19938170786123521 0.00000000000000000 0.00000000000000000
73.92100029171422193 0.00000000000000000 0.00000000000000000
75.68367109810859006 0.00000000000000000 0.00000000000000000
77.48837302271347482 0.00000000000000000 0.00000000000000000
79.33610830309434903 0.00000000000000000 0.00000000000000000
