0.00000000000000000 -3.76198636935772335 -25.55123191970841390
0.00001479017834245 -3.76198636769320727 -25.55123191047887232
0.00002993303044112 -3.76198636253643981 -25.55123188188744976
0.00004543696584831 -3.76198635363867506 -25.55123183255438590
0.00006131059464321 -3.76198634073623595 -25.55123176101751525
0.00007756273221348 -3.76198632355051110 -25.55123166573225646
0.00009420240415086 -3.76198630178753213 -25.55123154506869909
0.00011123885126353 -3.76198627513704764 -25.55123139730659432
0.00012868153470796 -3.76198624327164666 -25.55123122063078966
0.00014654014124313 -3.76198620584604093 -25.55123101312667089
0.00016482458861008 -3.76198616249601292 -25.55123077277490040
0.00018354503103970 -3.76198611283731799 -25.55123049744520358
0.00020271186489184 -3.76198605646510975 -25.55123018489276276
0.00022233573442895 -3.76198599295241110 -25.55122983275022364
0.00024242753772729 -3.76198592184914871 -25.55122943852239814
0.00026299843272922 -3.76198584268125824 -25.55122899958055172
0.00028405984343969 -3.76198575494894172 -25.55122851315383770
0.00030562346627056 -3.76198565812580332 -25.55122797632357390
0.00032770127653619 -3.76198555165737281 -25.55122738601545507
0.00035030553510386 -3.76198543495953652 -25.55122673899110453
0.00037344879520289 -3.76198530741724557 -25.55122603184022978
0.00039714390939599 -3.76198516838285402 -25.55122526097212798
0.00042140403671692 -3.76198501717456679 -25.55122442260650573
0.00044624264997835 -3.76198485307449548 -25.55122351276322235
0.00047167354325394 -3.76198467532713909 -25.55122252725335485
0.00049771083953886 -3.76198448313732658 -25.55122146166804953
0.00052436899859298 -3.76198427566824378 -25.55122031136775362
0.00055166282497104 -3.76198405203935904 -25.55121907147028537
0.00057960747624433 -3.76198381132412907 -25.55121773683874409
0.00060821847141845 -3.76198355254802985 -25.55121630206965833
0.00063751169955175 -3.76198327468579796 -25.55121476147856896
0.00066750342857924 -3.76198297665889170 -25.55121310908571886
0.00069821031434701 -3.76198265733328308 -25.55121133860337679
0.00072964940986200 -3.76198231551606987 -25.55120944341768308
0.00076183817476235 -3.76198194995308421 -25.55120741657482597
0.00079479448501358 -3.76198155932540912 -25.55120525076235083
0.00082853664283596 -3.76198114224654701 -25.55120293829270750
0.00086308338686863 -3.76198069725871465 -25.55120047108339776
0.00089845390257607 -3.76198022282948008 -25.55119784063808552
0.00093466783290265 -3.76197971734814463 -25.55119503802609060
0.00097174528918138 -3.76197917912163637 -25.55119205386038672
0.00100970686230267 -3.76197860637059600 -25.55118887827544683
0.00104857363414939 -3.76197799722504422 -25.55118550090327290
0.00108836718930472 -3.76197734971986586 -25.55118191084826407
0.00112910962703908 -3.76197666179017975 -25.55117809666189999
0.00117082357358291 -3.76197593126625218 -25.55117404631435107
0.00121353219469209 -3.76197515586861853 -25.55116974716702671
0.00125725920851302 -3.76197433320224039 -25.55116518594100228
0.00130202889875444 -3.76197346075125072 -25.55116034868698449
0.00134786612817331 -3.76197253587262015 -25.55115522075096379
0.00139479635238233 -3.76197155579005837 -25.55114978674001236
0.00144284563398665 -3.76197051758751755 -25.55114403048604288
0.00149204065705768 -3.76196941820209574 -25.55113793500721542
0.00154240874195204 -3.76196825441699056 -25.55113148246803689
0.00159397786048384 -3.76196702285383422 -25.55112465413741774
0.00164677665145883 -3.76196571996485662 -25.55111743034483140
0.00170083443657883 -3.76196434202431629 -25.55110979043326935
0.00175618123672553 -3.76196288512017674 -25.55110171271241271
0.00181284778863252 -3.76196134514432146 -25.55109317440540551
0.00187086556195484 -3.76195971778361837 -25.55108415159812552
0.00193026677674563 -3.76195799850942469 -25.55107461918170486
0.00199108442134944 -3.76195618256706510 -25.55106455079428684
0.00205335227072226 -3.76195426496488050 -25.55105391875981269
0.00211710490518836 -3.76195224046249699 -25.55104269402341188
0.00218237772964443 -3.76195010355880211 -25.55103084608423814
0.00224920699322156 -3.76194784847883179 -25.55101834292359797
0.00231762980941620 -3.76194546916075678 -25.55100515093192826
0.00238768417670101 -3.76194295924152788 -25.55099123482974122
0.00245940899962724 -3.76194031204245016 -25.55097655758715547
0.00253284411043031 -3.76193752055335606 -25.55096108033697888
0.00260803029115056 -3.76193457741672210 -25.55094476228570244
0.00268500929628145 -3.76193147491062430 -25.55092756061946702
0.00276382387595789 -3.76192820493063174 -25.55090943040395857
0.00284451779969737 -3.76192475897165002 -25.55089032448297104
0.00292713588070732 -3.76192112810793766 -25.55087019336828646
0.00301172400077201 -3.76191730297260607 -25.55084898512576785
0.00309832913573293 -3.76191327373635875 -25.55082664525731673
0.00318699938157670 -3.76190903008456257 -25.55080311657413006
0.00327778398114512 -3.76190456119388461 -25.55077833906684504
0.00337073335148202 -3.76189985570725272 -25.55075224976675941
0.00346589911183233 -3.76189490170800278 -25.55072478260261093
0.00356333411230869 -3.76188968669246693 -25.55069586824843952
0.00366309246324164 -3.76188419754135461 -25.55066543396525347
0.00376522956522972 -3.76187842048998444 -25.55063340343539480
0.00386980213990604 -3.76187234109653934 -25.55059969658701391
0.00397686826143855 -3.76186594420930076 -25.55056422941226657
0.00408648738878143 -3.76185921393198708 -25.55052691377516183
0.00419872039869544 -3.76185213358754877 -25.55048765721059922
0.00431362961955576 -3.76184468568016817 -25.55044636271403746
0.00443127886596591 -3.76183685185532868 -25.55040292851986194
0.00455173347419705 -3.76182861285823300 -25.55035724787092732
0.00467506033847237 -3.76181994848979784 -25.55030920877448963
0.00480132794811664 -3.76181083756099310 -25.55025869374902925
0.00493060642559163 -3.76180125784438335 -25.55020557955575455
0.00506296756543846 -3.76179118602385731 -25.55014973691987379
0.00519848487414859 -3.76178059764176798 -25.55009103023708761
0.00533723361098545 -3.76176946704328241 -25.55002931726573578
0.00547929082977958 -3.76175776731842948 -25.54996444880472239
0.00562473542172026 -3.76174547024090167 -25.54989626835480365
0.00577364815916761 -3.76173254620430164 -25.54982461176494368
0.00592611174050934 -3.76171896415505991 -25.54974930686021040
0.00608221083608716 -3.76170469152222875 -25.54967017305257571
0.00624203213521824 -3.76168969414371945 -25.54958702093213319
0.00640566439433796 -3.76167393618914181 -25.54949965183916305
0.00657319848629066 -3.76165738007888972 -25.54940785741545994
0.00674472745079562 -3.76163998639920472 -25.54931141913340298
0.00692034654611656 -3.76162171381328569 -25.54921010780308777
0.00710015330196303 -3.76160251896784237 -25.54910368305451129
0.00728424757365341 -3.76158235639560745 -25.54899189279637994
0.00747273159756936 -3.76156117841247761 -25.54887447264669476
0.00766571004793253 -3.76153893501021974 -25.54875114533723490
0.00786329009493521 -3.76151557374401113 -25.54862162008991078
0.00806558146425712 -3.76149103961377884 -25.54848559195979263
0.00827269649800128 -3.76146527494109195 -25.54834274115111725
0.00848475021708299 -3.76143821923874189 -25.54819273229559329
0.00870186038510648 -3.76140980907507894 -25.54803521369929697
0.00892414757376467 -3.76137997793124601 -25.54786981655136913
0.00915173522979844 -3.76134865605171909 -25.54769615409521322
0.00938474974355250 -3.76131577028731545 -25.54751382075858146
0.00962332051916602 -3.76128124393127994 -25.54732239124401616
0.00986758004643697 -3.76124499654679445 -25.54712141957282512
0.01011766397440005 -3.76120694378633669 -25.54691043808380257
0.01037371118665912 -3.76116699720266290 -25.54668895638470261
0.01063586387851590 -3.76112506405019742 -25.54645646025139527
0.01090426763593788 -3.76108104707728552 -25.54621241047555102
0.01117907151640917 -3.76103484430782009 -25.54595624165466106
0.01146042813170928 -3.76098634881311034 -25.54568736092630132
0.01174849373266574 -3.76093544847195371 -25.54540514663855788
0.01204342829592773 -3.76088202571989294 -25.54510894695917855
0.01234539561280875 -3.76082595728577607 -25.54479807841526906
0.01265456338024781 -3.76076711391587049 -25.54447182436364727
0.01297110329393957 -3.76070536008483591 -25.54412943338813946
0.01329519114368521 -3.76064055369239814 -25.54377011761778604
0.01362700691101696 -3.76057254574569022 -25.54339305096574009
0.01396673486915043 -3.76050118002627753 -25.54299736728295045
0.01431456368532043 -3.76042629274099305 -25.54258215842206781
0.01467068652555687 -3.76034771215603669 -25.54214647220894818
0.01503530116195919 -3.76026525821357893 -25.54168931031659895
0.01540861008252864 -3.76017874212969172 -25.54120962603601797
0.01579082060361962 -3.76008796597296024 -25.54070632194006052
0.01618214498507239 -3.75999272222320036 -25.54017824743596421
0.01658280054809112 -3.75989279330841386 -25.53962419619842450
0.01699300979593281 -3.75978795111969344 -25.53904290348004125
0.01741300053747404 -3.75967795650289016 -25.53843304329275199
0.01784300601372408 -3.75956255872597378 -25.53779322545385000
0.01828326502735493 -3.75944149492019886 -25.53712199248865389
0.01873402207531983 -3.75931448949535874 -25.53641781638701147
0.01919552748463418 -3.75918125352596233 -25.53567909520101864
0.01966803755139409 -3.75904148410879646 -25.53490414948195664
0.02015181468310996 -3.75889486368908132 -25.53409121854454256
0.02064712754443395 -3.75874105935462888 -25.53323845655316759
0.02115425120636234 -3.75857972209596936 -25.53234392841932276
0.02167346729899560 -3.75841048603129924 -25.53140560550409788
0.02220506416794121 -3.75823296759350756 -25.53042136111128713
0.02274933703444569 -3.75804676467976373 -25.52938896577041916
0.02330658815934526 -3.75785145575862867 -25.52830608228730114
0.02387712701092562 -3.75764659893564579 -25.52717026056246397
0.02446127043678465 -3.75743173097393557 -25.52597893216022484
0.02505934283979307 -3.75720636626783522 -25.52472940461793982
0.02567167635825091 -3.75696999576733637 -25.52341885548253941
0.02629861105033979 -3.75672208585197609 -25.52204432606541573
0.02694049508297364 -3.75646207714989266 -25.52060271489506249
0.02759768492515240 -3.75618938330132313 -25.51909077086034117
0.02827054554592643 -3.75590338966275938 -25.51750508602544798
0.02895945061708132 -3.75560345194981560 -25.51584208810401933
0.02966478272065568 -3.75528889481493167 -25.51409803257310216
0.03038693356140742 -3.75495901035790869 -25.51226899441357787
0.03112630418434613 -3.75461305656525202 -25.51035085945667547
0.03188330519745265 -3.75425025567581105 -25.50833931532082843
0.03265835699970931 -3.75386979246850805 -25.50622984191716824
0.03345189001456775 -3.75347081246919823 -25.50401770150611469
0.03426434492898361 -3.75305242007222217 -25.50169792828108584
0.03509617293815131 -3.75261367657335665 -25.49926531746106306
0.03594783599607413 -3.75215359810987392 -25.49671441386683668
0.03681980707210974 -3.75167115350288460 -25.49403949995717511
0.03771257041363248 -3.75116526199846234 -25.49123458330142356
0.03862662181495934 -3.75063479090186735 -25.48829338346128282
0.03956246889268836 -3.75007855310075966 -25.48520931825531832
0.04052063136760231 -3.74949530447203738 -25.48197548937856638
0.04150164135329468 -3.74888374116648615 -25.47858466734495053
0.04250604365167800 -3.74824249676723431 -25.47502927572810805
0.04353439605553822 -3.74757013931385297 -25.47130137465923028
0.04458726965830407 -3.74686516818885140 -25.46739264355934651
0.04566524917120245 -3.74612601085780161 -25.46329436306139371
0.04676893324797669 -3.74535101945861726 -25.45899739609423307
0.04789893481734779 -3.74453846723162576 -25.45449216808443182
0.04905588142340300 -3.74368654478461460 -25.44976864624190327
0.05024041557410117 -3.74279335618475972 -25.44481631788514164
0.05145319509808847 -3.74185691486998717 -25.43962416776535207
0.05269489351002182 -3.74087513937240157 -25.43418065434665110
0.05396620038460430 -3.73984584884445992 -25.42847368499324290
0.05526782173953874 -3.73876675838058103 -25.42249059002033462
0.05660048042761331 -3.73763547412473285 -25.41621809555820377
0.05796491653813660 -3.73644948815490752 -25.40964229517726025
0.05936188780794428 -3.73520617313452474 -25.40274862022181068
0.06079217004220718 -3.73390277672260940 -25.39552180880185617
0.06225655754527273 -3.73253641573026407 -25.38794587338002984
0.06375586356178048 -3.73110407001489541 -25.38000406690055044
0.06529092072829594 -3.72960257610015766 -25.37167884739790935
0.06686258153571339 -3.72802862051174344 -25.36295184102526790
0.06847171880268509 -3.72637873281521781 -25.35380380343272222
0.07011922616033948 -3.72464927834707282 -25.34421457943861000
0.07180601854855713 -3.72283645062443114 -25.33416306091887904
0.07353303272408108 -3.72093626342207662 -25.32362714284853311
0.07530122778074254 -3.71894454250371442 -25.31258367742283610
0.07711158568209175 -3.71685691699403131 -25.30100842618426782
0.07896511180672973 -3.71466881037917673 -25.28887601008431218
0.08086283550664285 -3.71237543112078727 -25.27615985739993931
0.08280581067885155 -3.70997176287064123 -25.26283214943035560
0.08479511635069015 -3.70745255427104103 -25.24886376389260434
0.08683185727904201 -3.70481230832735031 -25.23422421593900467
0.08891716456386457 -3.70204527133810135 -25.21888159671564367
0.09105219627634296 -3.69914542136755697 -25.20280250937871358
0.09323813810202267 -3.69610645624761780 -25.18595200249134791
0.09547620399927788 -3.69292178109231894 -25.16829350071316895
0.09776763687348035 -3.68958449531293731 -25.14978873270980841
0.10011370926724453 -3.68608737911784434 -25.13039765619753396
0.10251572406713193 -3.68242287948394775 -25.11007838004579895
0.10497501522720583 -3.67858309558495655 -25.08878708335785035
0.10749294850984072 -3.67455976366480064 -25.06647793146091274
0.11007092224419504 -3.67034424134289639 -25.04310298873235041
0.11271036810277073 -3.66592749133979190 -25.01861212819590463
0.11541275189648990 -3.66130006461124768 -24.99295293782084926
0.11817957438872947 -3.65645208288223644 -24.96607062347426975
0.12101237212876731 -3.65137322057239144 -24.93790790847751637
0.12391271830510205 -3.64605268610567412 -24.90840492972554188
0.12688222361911947 -3.64047920259815605 -24.87749913033169946
0.12992253717959312 -3.63464098792205226 -24.84512514878458234
0.13303534741851275 -3.62852573414463553 -24.81121470460795919
0.13622238302875186 -3.62212058634559053 -24.77569648053860618
0.13948541392409430 -3.61541212081576591 -24.73849600123444148
0.14282625222215137 -3.60838632264551684 -24.69953550855676738
0.14624675325071865 -3.60102856271765459 -24.65873383350120562
0.14974881657812772 -3.59332357412121484 -24.61600626486611176
0.15333438706816793 -3.58525542800832708 -24.57126441477322842
0.15700545596016302 -3.57680750891878718 -24.52441608117305449
0.16076406197480095 -3.56796248961011209 -24.47536510753501204
0.16461229244633385 -3.55870230543310928 -24.42401123993930767
0.16855228448177517 -3.54900812830458312 -24.37024998184450553
0.17258622614773686 -3.53886034032762664 -24.31397244680514191
0.17671635768556884 -3.52823850713228371 -24.25506520952840361
0.18094497275547147 -3.51712135101441081 -24.19341015569131415
0.18527441971027553 -3.50548672396485328 -24.12888433101588959
0.18970710289959578 -3.49331158068738379 -24.06135979013212634
0.19424548400508060 -3.48057195172153389 -23.99070344585820536
0.19889208340750245 -3.46724291680926200 -23.91677691964802577
0.20364948158644677 -3.45329857865723122 -23.83943639402727399
0.20852032055337477 -3.43871203726277130 -23.75853246792813067
0.21350730531886081 -3.42345536498623826 -23.67391001590908672
0.21861320539481308 -3.40749958259344554 -23.58540805247322680
0.22384085633251696 -3.39081463650721560 -23.49285960277597241
0.22919316129735354 -3.37336937753867483 -23.39609158118788912
0.23467309268106515 -3.35513154137514436 -23.29492467921097187
0.24028369375246786 -3.33606773116685629 -23.18917326459807171
0.24602808034752538 -3.31614340257676865 -23.07864529364636397
0.25190944259972059 -3.29532285170121142 -22.96314223887019779
0.25793104671169148 -3.27356920628475656 -22.84245903433943425
0.26409623676910893 -3.25084442071739677 -22.71638404132063727
0.27040843659780817 -3.22710927536099179 -22.58469903717406879
0.27687115166520443 -3.20232338079245471 -22.44717923067678100
0.28348797102704559 -3.17644518759397920 -22.30359330717097777
0.29026256932058897 -3.14943200236757992 -22.15370350718264092
0.29719870880530180 -3.12124001076216784 -21.99726574275942781
0.30430024145222523 -3.09182430833818422 -21.83402975596271034
0.31157111108315971 -3.06113894017301424 -21.66373932436729177
0.31901535556085647 -3.02913695012754669 -21.48613251850657591
0.32663710903143739 -2.99577044086354283 -21.30094201710591406
0.33444060422028560 -2.96099064574153514 -21.10789548615198896
0.34243017478267906 -2.92474801382922767 -20.90671602837317522
0.35061025771047927 -2.88699230926479489 -20.69712270976414814
0.35898539579620387 -2.84767272639232605 -20.47883117070965397
0.36756024015585820 -2.80673802217913204 -20.25155432972839264
0.37633955281192416 -2.76413666750689568 -20.01500318828082214
0.38532820933793754 -2.71981701896796046 -19.76888774526214476
0.39453120156612936 -2.67372751291578137 -19.51291803040418671
0.40395364035963033 -2.62581688369268873 -19.24680526670093883
0.41360075845077637 -2.57603440798487515 -18.97026317206298884
0.42347791334709861 -2.52433017732744291 -18.68300941074453903
0.43359059030660180 -2.47065540078977541 -18.38476720507073026
0.44394440538399216 -2.41496274011576917 -18.07526711921271811
0.45454510854954366 -2.35720667953747798 -17.75424902637091051
0.46539858688232971 -2.29734393254101121 -17.42146427094326810
0.47651086783960167 -2.23533388775141617 -17.07667803656912753
0.48788812260412673 -2.17113909630380464 -16.71967193184949352
0.49953666951133846 -2.10472580293633316 -16.35024680468660208
0.51146297755821524 -2.03606452296313689 -15.96822579558422639
0.52367366999582143 -1.96513066706699857 -15.57345763894532276
0.53617552800751800 -1.89190521582874727 -15.16582022102723570
0.54897549447488037 -1.81637544566845532 -14.74522440163891979
0.56208067783341009 -1.73853570750664788 -14.31161810442758764
0.57549835602019450 -1.65838825905848175 -13.86499067823792863
0.58923598051569026 -1.57594415130984866 -13.40537752978752728
0.60330118048188985 -1.49122416915979428 -12.93286502435350194
0.61770176699916302 -1.40425982544821859 -12.44759564674424546
0.63244573740412080 -1.31509440677218969 -11.94977341002568139
0.64754127973092235 -1.22378406882736757 -11.43966949570461544
0.66299677725848449 -1.13039897768136410 -10.91762810108452442
0.67882081316611476 -1.03502449214137582 -10.38407246253809824
0.69502217530016741 -0.93776238077074725 -9.83951101423335395
0.71160986105435220 -0.83873206624398899 -9.28454363728224585
0.72859308236642029 -0.73807188721942130 -8.71986793979070640
0.74598127083399701 -0.63594036587809233 -8.14628549718359807
0.76378408295239730 -0.53251746668809830 -7.56470796792113642
0.78201140547734183 -0.42800583070613318 -6.97616299358663650
0.80067336091555030 -0.32263196630004021 -6.38179977351780625
0.81978031314624866 -0.21664737338551004 -5.78289418385867471
0.83934287317673506 -0.11032957509643593 -5.18085329475616341
0.85937190503517635 -0.00398302846992057 -4.57721912852233803
0.87987853180392572 0.10206011714461907 -3.97367148803724612
0.90087414179670666 0.20743945252695253 -3.37202964676232719
0.92237039488308570 0.31176597310973642 -2.77425268162194616
0.94437922896375892 0.41462202126410141 -2.18243821068112487
0.96691286660024389 0.51556155180697194 -1.59881930570587749
0.98998382180264899 0.61411077859520047 -1.02575928829459140
1.01360490697930983 0.70976926125286388 -0.46574412285720596
1.03778924005212847 0.80201149770290558 0.07862790391043417
1.06255025174158768 0.89028908320726841 0.60465948442360795
1.08790169302547657 0.97403351298600827 1.10957091191639434
1.11385764277546384 1.05265970684194410 1.59052034557951716
1.14043251557577241 1.12557034040308546 2.04462804769276074
1.16764106972829285 1.19216105961884677 2.46900484611080584
1.19549841544856994 1.25182666938192844 2.86078511538510583
1.22402002325723802 1.30396839476981552 3.21716456420212360
1.25322173257153668 1.34800231403019155 3.53544306562403365
1.28311976050170151 1.38336905621129547 3.81307267439451580
1.31373071085710680 1.40954485921415618 4.04771092670870392
1.34507158336715049 1.42605410540541788 4.23727954826991748
1.37715978312202814 1.43248344073611356 4.38002855072864694
1.41001313023860653 1.42849758126636783 4.47460559284385972
1.44364986975679277 1.41385689050966845 4.52013029702735736
1.47808868177188435 1.38843684201065365 4.51627325404414837
1.51334869180851439 1.35224944502871081 4.46333916763206062
1.54944948144197880 1.30546669117086656 4.36235339215497575
1.58641109917282419 1.24844600509430270 4.21515071986626921
1.62425407156073853 1.18175766497435797 4.02446510787669531
1.66299941462393996 1.10621403381991512 3.79401843232175295
1.70266864551037433 1.02290028466596650 3.52860564859316872
1.74328379444722192 0.93320623110775236 3.23417336358631102
1.78486741697534423 0.83885445962139127 2.91787373609232459
1.82744260647545032 0.74119914840337453 2.58564197992408751
1.87103300699296327 0.63348643914981895 2.21569654805196548
1.91566282636869012 0.51749979167283600 1.81456056526358478
1.96135684968260815 0.39885837845524402 1.40189582516399991
2.00814045301819233 0.28363955476205938 0.99918538482309893
2.05603961755498155 0.17847092229067971 0.63004906094029012
2.10508094399717427 0.09061630065383111 0.32054039814606533
2.15529166734626898 0.02807206279356792 0.09948085202109914
2.20669967202598505 0.00000000000000000 0.00000000000000000
2.25933350736779737 0.00000000000000000 0.00000000000000000
2.31322240346576313 0.00000000000000000 0.00000000000000000
2.36839628740939467 0.00000000000000000 0.00000000000000000
2.42488579990360664 0.00000000000000000 0.00000000000000000
2.48272231228496576 0.00000000000000000 0.00000000000000000
2.54193794394371464 0.00000000000000000 0.00000000000000000
2.60256558016118822 0.00000000000000000 0.00000000000000000
2.66463889037259971 0.00000000000000000 0.00000000000000000
2.72819234686529599 0.00000000000000000 0.00000000000000000
2.79326124392286168 0.00000000000000000 0.00000000000000000
2.85988171742575181 0.00000000000000000 0.00000000000000000
2.92809076491924847 0.00000000000000000 0.00000000000000000
2.99792626615999280 0.00000000000000000 0.00000000000000000
3.06942700415242786 0.00000000000000000 0.00000000000000000
3.14263268668685303 0.00000000000000000 0.00000000000000000
3.21758396839109073 0.00000000000000000 0.00000000000000000
3.29432247330791617 0.00000000000000000 0.00000000000000000
3.37289081801090918 0.00000000000000000 0.00000000000000000
3.45333263527147460 0.00000000000000000 0.00000000000000000
3.53569259829021076 0.00000000000000000 0.00000000000000000
3.62001644550610102 0.00000000000000000 0.00000000000000000
3.70635100599723177 0.00000000000000000 0.00000000000000000
3.79474422548724588 0.00000000000000000 0.00000000000000000
3.88524519297190229 0.00000000000000000 0.00000000000000000
3.97790416798054647 0.00000000000000000 0.00000000000000000
4.07277260848763234 0.00000000000000000 0.00000000000000000
4.16990319948983412 0.00000000000000000 0.00000000000000000
4.26934988226451040 0.00000000000000000 0.00000000000000000
4.37116788432590742 0.00000000000000000 0.00000000000000000
4.47541375009564746 0.00000000000000000 0.00000000000000000
4.58214537230454422 0.00000000000000000 0.00000000000000000
4.69142202414325116 0.00000000000000000 0.00000000000000000
4.80330439217945759 0.00000000000000000 0.00000000000000000
4.91785461006008262 0.00000000000000000 0.00000000000000000
5.03513629301706267 0.00000000000000000 0.00000000000000000
5.15521457319593690 0.00000000000000000 0.00000000000000000
5.27815613582688314 0.00000000000000000 0.00000000000000000
5.40402925625817421 0.00000000000000000 0.00000000000000000
5.53290383787278817 0.00000000000000000 0.00000000000000000
5.66485145090910880 0.00000000000000000 0.00000000000000000
5.79994537220729267 0.00000000000000000 0.00000000000000000
5.93826062590346204 0.00000000000000000 0.00000000000000000
6.07987402509414476 0.00000000000000000 0.00000000000000000
6.22486421449431049 0.00000000000000000 0.00000000000000000
6.37331171411254616 0.00000000000000000 0.00000000000000000
6.52529896396768017 0.00000000000000000 0.00000000000000000
6.68091036987166476 0.00000000000000000 0.00000000000000000
6.84023235030422683 0.00000000000000000 0.00000000000000000
7.00335338440511990 0.00000000000000000 0.00000000000000000
7.17036406111088365 0.00000000000000000 0.00000000000000000
7.34135712946321739 0.00000000000000000 0.00000000000000000
7.51642755011695307 0.00000000000000000 0.00000000000000000
7.69567254807632573 0.00000000000000000 0.00000000000000000
7.87919166668859727 0.00000000000000000 0.00000000000000000
8.06708682292530632 0.00000000000000000 0.00000000000000000
8.25946236398164046 0.00000000000000000 0.00000000000000000
8.45642512522542411 0.00000000000000000 0.00000000000000000
8.65808448952798670 0.00000000000000000 0.00000000000000000
8.86455244800962383 0.00000000000000000 0.00000000000000000
9.07594366223370663 0.00000000000000000 0.00000000000000000
9.29237552788372945 0.00000000000000000 0.00000000000000000
9.51396823995876595 0.00000000000000000 0.00000000000000000
9.74084485952350043 0.00000000000000000 0.00000000000000000
9.97313138205001337 0.00000000000000000 0.00000000000000000
10.21095680738900846 0.00000000000000000 0.00000000000000000
10.45445321140968531 0.00000000000000000 0.00000000000000000
10.70375581934779241 0.00000000000000000 0.00000000000000000
10.95900308090266506 0.00000000000000000 0.00000000000000000
11.22033674712506190 0.00000000000000000 0.00000000000000000
11.48790194913822305 0.00000000000000000 0.00000000000000000
11.76184727873620162 0.00000000000000000 0.00000000000000000
12.04232487090401271 0.00000000000000000 0.00000000000000000
12.32949048830546168 0.00000000000000000 0.00000000000000000
12.62350360778571456 0.00000000000000000 0.00000000000000000
12.92452750893630764 0.00000000000000000 0.00000000000000000
13.23272936477222572 0.00000000000000000 0.00000000000000000
13.54828033457108027 0.00000000000000000 0.00000000000000000
13.87135565892604383 0.00000000000000000 0.00000000000000000
14.20213475706544770 0.00000000000000000 0.00000000000000000
14.54080132649275470 0.00000000000000000 0.00000000000000000
14.88754344500268267 0.00000000000000000 0.00000000000000000
15.24255367512981252 0.00000000000000000 0.00000000000000000
15.60602917108779408 0.00000000000000000 0.00000000000000000
15.97817178825851592 0.00000000000000000 0.00000000000000000
16.35918819529219803 0.00000000000000000 0.00000000000000000
16.74928998888023912 0.00000000000000000 0.00000000000000000
17.14869381126511527 0.00000000000000000 0.00000000000000000
17.55762147055219913 0.00000000000000000 0.00000000000000000
17.97630006389040247 0.00000000000000000 0.00000000000000000
18.40496210359024332 0.00000000000000000 0.00000000000000000
18.84384564624889791 0.00000000000000000 0.00000000000000000
19.29319442495458503 0.00000000000000000 0.00000000000000000
19.75325798464320215 0.00000000000000000 0.00000000000000000
20.22429182068257347 0.00000000000000000 0.00000000000000000
20.70655752076142164 0.00000000000000000 0.00000000000000000
21.20032291016135417 0.00000000000000000 0.00000000000000000
21.70586220049323956 0.00000000000000000 0.00000000000000000
22.22345614198001229 0.00000000000000000 0.00000000000000000
22.75339217937076697 0.00000000000000000 0.00000000000000000
23.29596461157256471 0.00000000000000000 0.00000000000000000
23.85147475508890480 0.00000000000000000 0.00000000000000000
24.42023111135499391 0.00000000000000000 0.00000000000000000
25.00254953806354408 0.00000000000000000 0.00000000000000000
25.59875342457567982 0.00000000000000000 0.00000000000000000
26.20917387151450484 0.00000000000000000 0.00000000000000000
26.83414987464136203 0.00000000000000000 0.00000000000000000
27.47402851311615279 0.00000000000000000 0.00000000000000000
28.12916514224724907 0.00000000000000000 0.00000000000000000
28.79992359083728815 0.00000000000000000 0.00000000000000000
29.48667636323470376 0.00000000000000000 0.00000000000000000
30.18980484620349003 0.00000000000000000 0.00000000000000000
30.90969952072524762 0.00000000000000000 0.00000000000000000
31.64676017885220105 0.00000000000000000 0.00000000000000000
32.40139614573088522 0.00000000000000000 0.00000000000000000
33.17402650691995802 0.00000000000000000 0.00000000000000000
33.96508034112876118 0.00000000000000000 0.00000000000000000
34.77499695850494277 0.00000000000000000 0.00000000000000000
35.60422614460473056 0.00000000000000000 0.00000000000000000
36.45322841018035120 0.00000000000000000 0.00000000000000000
37.32247524692373020 0.00000000000000000 0.00000000000000000
38.21244938930841784 0.00000000000000000 0.00000000000000000
39.12364508267544494 0.00000000000000000 0.00000000000000000
40.05656835771107893 0.00000000000000000 0.00000000000000000
41.01173731147022039 0.00000000000000000 0.00000000000000000
41.98968239510047340 0.00000000000000000 0.00000000000000000
42.99094670842703891 0.00000000000000000 0.00000000000000000
44.01608630156243152 0.00000000000000000 0.00000000000000000
45.06567048370731499 0.00000000000000000 0.00000000000000000
46.14028213931551647 0.00000000000000000 0.00000000000000000
47.24051805179767172 0.00000000000000000 0.00000000000000000
48.36698923494354574 0.00000000000000000 0.00000000000000000
49.52032127224774172 0.00000000000000000 0.00000000000000000
50.70115466432564233 0.00000000000000000 0.00000000000000000
51.91014518461447125 0.00000000000000000 0.00000000000000000
53.14796424355573379 0.00000000000000000 0.00000000000000000
54.41529926146144902 0.00000000000000000 0.00000000000000000
55.71285405027211368 0.00000000000000000 0.00000000000000000
57.04134920441660483 0.00000000000000000 0.00000000000000000
58.40152250099322373 0.00000000000000000 0.00000000000000000
59.79412930949265359 0.00000000000000000 0.00000000000000000
61.21994301129083027 0.00000000000000000 0.00000000000000000
62.67975542914470566 0.00000000000000000 0.00000000000000000
64.17437726692972433 0.00000000000000000 0.00000000000000000
65.70463855986204749 0.00000000000000000 0.00000000000000000
67.27138913545726950 0.00000000000000000 0.00000000000000000
68.87549908548038502 0.00000000000000000 0.00000000000000000
70.51785924914933901 0.00000000000000000 0.00000000000000000
72.19938170786123521 0.00000000000000000 0.00000000000000000
73.92100029171422193 0.00000000000000000 0.00000000000000000
75.68367109810859006 0.00000000000000000 0.00000000000000000
77.48837302271347482 0.00000000000000000 0.00000000000000000
79.33610830309434903 0.00000000000000000 0.00000000000000000
