0.00000000000000000 -0.00000000000370080 0.00000000000004398
0.00001479017834245 -0.00000000854236454 0.00000000010151840
0.00002993303044112 -0.00000003498909049 0.00000000041581420
0.00004543696584831 -0.00000008062132357 0.00000000095811267
0.00006131059464321 -0.00000014679198191 0.00000000174449204
0.00007756273221348 -0.00000023492945684 0.00000000279192748
0.00009420240415086 -0.00000034654149797 0.00000000411833724
0.00011123885126353 -0.00000048321929146 0.00000000574263115
0.00012868153470796 -0.00000064664174116 0.00000000768476150
0.00014654014124313 -0.00000083857996229 0.00000000996577641
0.00016482458861008 -0.00000106090199829 0.00000001260787592
0.00018354503103970 -0.00000131557777159 0.00000001563447080
0.00020271186489184 -0.00000160468427984 0.00000001907024432
0.00022233573442895 -0.00000193041104958 0.00000002294121706
0.00024242753772729 -0.00000229506585991 0.00000002727481492
0.00026299843272922 -0.00000270108074933 0.00000003209994050
0.00028405984343969 -0.00000315101831972 0.00000003744704807
0.00030562346627056 -0.00000364757835170 0.00000004334822210
0.00032770127653619 -0.00000419360474693 0.00000004983725985
0.00035030553510386 -0.00000479209281294 0.00000005694975788
0.00037344879520289 -0.00000544619690749 0.00000006472320292
0.00039714390939599 -0.00000615923845983 0.00000007319706722
0.00042140403671692 -0.00000693471438732 0.00000008241290852
0.00044624264997835 -0.00000777630592661 0.00000009241447506
0.00047167354325394 -0.00000868788789970 0.00000010324781565
0.00049771083953886 -0.00000967353843597 0.00000011496139525
0.00052436899859298 -0.00001073754917242 0.00000012760621613
0.00055166282497104 -0.00001188443595542 0.00000014123594514
0.00057960747624433 -0.00001311895006845 0.00000015590704705
0.00060821847141845 -0.00001444609001131 0.00000017167892461
0.00063751169955175 -0.00001587111385775 0.00000018861406535
0.00066750342857924 -0.00001739955221963 0.00000020677819569
0.00069821031434701 -0.00001903722184714 0.00000022624044256
0.00072964940986200 -0.00002079023989597 0.00000024707350293
0.00076183817476235 -0.00002266503889395 0.00000026935382169
0.00079479448501358 -0.00002466838244108 0.00000029316177824
0.00082853664283596 -0.00002680738167870 0.00000031858188221
0.00086308338686863 -0.00002908951256508 0.00000034570297873
0.00089845390257607 -0.00003152263399679 0.00000037461846384
0.00093466783290265 -0.00003411500681671 0.00000040542651037
0.00097174528918138 -0.00003687531375198 0.00000043823030485
0.00100970686230267 -0.00003981268032690 0.00000047313829608
0.00104857363414939 -0.00004293669679832 0.00000051026445580
0.00108836718930472 -0.00004625744116287 0.00000054972855211
0.00112910962703908 -0.00004978550328841 0.00000059165643625
0.00117082357358291 -0.00005353201022406 0.00000063618034340
0.00121353219469209 -0.00005750865274605 0.00000068343920814
0.00125725920851302 -0.00006172771319937 0.00000073357899535
0.00130202889875444 -0.00006620209469823 0.00000078675304719
0.00134786612817331 -0.00007094535175095 0.00000084312244709
0.00139479635238233 -0.00007597172237874 0.00000090285640144
0.00144284563398665 -0.00008129616180052 0.00000096613263990
0.00149204065705768 -0.00008693437775993 0.00000103313783526
0.00154240874195204 -0.00009290286757405 0.00000110406804369
0.00159397786048384 -0.00009921895698738 0.00000117912916653
0.00164677665145883 -0.00010590084091849 0.00000125853743450
0.00170083443657883 -0.00011296762619117 0.00000134251991554
0.00175618123672553 -0.00012043937634629 0.00000143131504737
0.00181284778863252 -0.00012833715863503 0.00000152517319594
0.00187086556195484 -0.00013668309329936 0.00000162435724114
0.00193026677674563 -0.00014550040525048 0.00000172914319088
0.00199108442134944 -0.00015481347826140 0.00000183982082522
0.00205335227072226 -0.00016464791179543 0.00000195669437164
0.00211710490518836 -0.00017503058059830 0.00000208008321332
0.00218237772964443 -0.00018598969718761 0.00000221032263174
0.00224920699322156 -0.00019755487738000 0.00000234776458543
0.00231762980941620 -0.00020975720900312 0.00000249277852656
0.00238768417670101 -0.00022262932394645 0.00000264575225723
0.00245940899962724 -0.00023620547371276 0.00000280709282731
0.00253284411043031 -0.00025052160863946 0.00000297722747593
0.00260803029115056 -0.00026561546096752 0.00000315660461875
0.00268500929628145 -0.00028152663194419 0.00000334569488304
0.00276382387595789 -0.00029829668315455 0.00000354499219314
0.00284451779969737 -0.00031596923228657 0.00000375501490855
0.00292713588070732 -0.00033459005354417 0.00000397630701725
0.00301172400077201 -0.00035420718293287 0.00000420943938700
0.00309832913573293 -0.00037487102865405 0.00000445501107726
0.00318699938157670 -0.00039663448685445 0.00000471365071480
0.00327778398114512 -0.00041955306299016 0.00000498601793607
0.00337073335148202 -0.00044368499907636 0.00000527280489946
0.00346589911183233 -0.00046909140710740 0.00000557473787091
0.00356333411230869 -0.00049583640894543 0.00000589257888643
0.00366309246324164 -0.00052398728299030 0.00000622712749517
0.00376522956522972 -0.00055361461795830 0.00000657922258701
0.00386980213990604 -0.00058479247411333 0.00000694974430868
0.00397686826143855 -0.00061759855231049 0.00000733961607279
0.00408648738878143 -0.00065211437122966 0.00000774980666417
0.00419872039869544 -0.00068842545319439 0.00000818133244818
0.00431362961955576 -0.00072662151899101 0.00000863525968613
0.00443127886596591 -0.00076679669212245 0.00000911270696267
0.00455173347419705 -0.00080904971295239 0.00000961484773087
0.00467506033847237 -0.00085348416321722 0.00001014291298043
0.00480132794811664 -0.00090020870140622 0.00001069819403508
0.00493060642559163 -0.00094933730953477 0.00001128204548545
0.00506296756543846 -0.00100098955186010 0.00001189588826376
0.00519848487414859 -0.00105529084611612 0.00001254121286743
0.00533723361098545 -0.00111237274787125 0.00001321958273858
0.00547929082977958 -0.00117237324864221 0.00001393263780706
0.00562473542172026 -0.00123543708842752 0.00001468209820487
0.00577364815916761 -0.00130171608335572 0.00001546976816020
0.00592611174050934 -0.00137136946917759 0.00001629754007979
0.00608221083608716 -0.00144456426136576 0.00001716739882877
0.00624203213521824 -0.00152147563262259 0.00001808142621723
0.00640566439433796 -0.00160228730863502 0.00001904180570389
0.00657319848629066 -0.00168719198295591 0.00002005082732691
0.00674472745079562 -0.00177639175193298 0.00002111089287316
0.00692034654611656 -0.00187009857065135 0.00002222452129709
0.00710015330196303 -0.00196853473090138 0.00002339435440161
0.00728424757365341 -0.00207193336223248 0.00002462316279314
0.00747273159756936 -0.00218053895720403 0.00002591385212452
0.00766571004793253 -0.00229460792199814 0.00002726946963917
0.00786329009493521 -0.00241440915361440 0.00002869321103142
0.00806558146425712 -0.00254022464492545 0.00003018842763787
0.00827269649800128 -0.00267235011893332 0.00003175863397596
0.00848475021708299 -0.00281109569363029 0.00003340751564630
0.00870186038510648 -0.00295678657893576 0.00003513893761629
0.00892414757376467 -0.00310976380725009 0.00003695695290342
0.00915173522979844 -0.00327038499924072 0.00003886581167736
0.00938474974355250 -0.00343902516655249 0.00004086997080099
0.00962332051916602 -0.00361607755321489 0.00004297410383151
0.00986758004643697 -0.00380195451760353 0.00004518311150365
0.01011766397440005 -0.00399708845690156 0.00004750213271815
0.01037371118665912 -0.00420193277609929 0.00004993655605972
0.01063586387851590 -0.00441696290366742 0.00005249203186991
0.01090426763593788 -0.00464267735614043 0.00005517448490154
0.01117907151640917 -0.00487959885395350 0.00005799012758245
0.01146042813170928 -0.00512827549098695 0.00006094547391780
0.01174849373266574 -0.00538928196038867 0.00006404735406162
0.01204342829592773 -0.00566322083936714 0.00006730292958942
0.01234539561280875 -0.00595072393577437 0.00007071970950560
0.01265456338024781 -0.00625245369943214 0.00007430556702074
0.01297110329393957 -0.00656910470129356 0.00007806875713543
0.01329519114368521 -0.00690140518367899 0.00008201793506942
0.01362700691101696 -0.00725011868497712 0.00008616217557625
0.01396673486915043 -0.00761604574236129 0.00009051099318569
0.01431456368532043 -0.00800002567623891 0.00009507436341822
0.01467068652555687 -0.00840293846032559 0.00009986274501783
0.01503530116195919 -0.00882570668141790 0.00010488710325178
0.01540861008252864 -0.00926929759313033 0.00011015893432787
0.01579082060361962 -0.00973472526806130 0.00011569029098257
0.01618214498507239 -0.01022305285305941 0.00012149380929556
0.01658280054809112 -0.01073539493248054 0.00012758273678885
0.01699300979593281 -0.01127292000455293 0.00013397096187156
0.01741300053747404 -0.01183685307620379 0.00014067304469397
0.01784300601372408 -0.01242847838195187 0.00014770424947773
0.01828326502735493 -0.01304914223272807 0.00015508057839192
0.01873402207531983 -0.01370025600075319 0.00016281880704814
0.01919552748463418 -0.01438329924688737 0.00017093652169092
0.01966803755139409 -0.01509982299715797 0.00017945215816350
0.02015181468310996 -0.01585145317547804 0.00018838504273244
0.02064712754443395 -0.01663989419989638 0.00019775543485867
0.02115425120636234 -0.01746693275004254 0.00020758457200627
0.02167346729899560 -0.01833444171378152 0.00021789471658461
0.02220506416794121 -0.01924438432145648 0.00022870920512375
0.02274933703444569 -0.02019881847646952 0.00024005249978746
0.02330658815934526 -0.02119990129135381 0.00025195024233309
0.02387712701092562 -0.02224989383889676 0.00026442931063241
0.02446127043678465 -0.02335116612828694 0.00027751787787233
0.02505934283979307 -0.02450620231671070 0.00029124547456014
0.02567167635825091 -0.02571760616727638 0.00030564305346306
0.02629861105033979 -0.02698810676462705 0.00032074305761780
0.02694049508297364 -0.02832056450011607 0.00033657949155211
0.02759768492515240 -0.02971797733889607 0.00035318799586575
0.02827054554592643 -0.03118348738182986 0.00037060592532540
0.02895945061708132 -0.03272038773567454 0.00038887243063424
0.02966478272065568 -0.03433212970556369 0.00040802854404396
0.03038693356140742 -0.03602233032444901 0.00042811726898481
0.03112630418434613 -0.03779478023470281 0.00044918367389546
0.03188330519745265 -0.03965345193775793 0.00047127499044296
0.03265835699970931 -0.04160250842829930 0.00049444071633065
0.03345189001456775 -0.04364631223020168 0.00051873272290010
0.03426434492898361 -0.04578943485217062 0.00054420536774238
0.03509617293815131 -0.04803666668164231 0.00057091561254139
0.03594783599607413 -0.05039302733629591 0.00059892314638155
0.03681980707210974 -0.05286377649326346 0.00062829051476112
0.03771257041363248 -0.05545442521691931 0.00065908325456220
0.03862662181495934 -0.05817074780701164 0.00069137003523898
0.03956246889268836 -0.06101879418951809 0.00072522280649379
0.04052063136760231 -0.06400490287355128 0.00076071695272183
0.04150164135329468 -0.06713571449840912 0.00079793145451512
0.04250604365167800 -0.07041818599584480 0.00083694905752805
0.04353439605553822 -0.07385960539349402 0.00087785644901784
0.04458726965830407 -0.07746760728606059 0.00092074444238128
0.04566524917120245 -0.08125018900190427 0.00096570817002261
0.04676893324797669 -0.08521572749341401 0.00101284728489618
0.04789893481734779 -0.08937299698078846 0.00106226617108302
0.04905588142340300 -0.09373118737939494 0.00111407416376797
0.05024041557410117 -0.09829992354168918 0.00116838577899420
0.05145319509808847 -0.10308928534563810 0.00122532095358420
0.05269489351002182 -0.10810982866229901 0.00128500529562605
0.05396620038460430 -0.11337260723660883 0.00134757034594056
0.05526782173953874 -0.11888919551529013 0.00141315385094529
0.05660048042761331 -0.12467171245689719 0.00148190004734534
0.05796491653813660 -0.13073284635946025 0.00155395995908776
0.05936188780794428 -0.13708588074221667 0.00162949170702946
0.06079217004220718 -0.14374472131851762 0.00170866083177769
0.06225655754527273 -0.15072392409640581 0.00179164063015693
0.06375586356178048 -0.15803872464435301 0.00187861250576991
0.06529092072829594 -0.16570506855926953 0.00196976633411798
0.06686258153571339 -0.17373964317548335 0.00206530084276651
0.06847171880268509 -0.18215991055142230 0.00216542400702116
0.07011922616033948 -0.19098414177067774 0.00227035346158302
0.07180601854855713 -0.20023145259350861 0.00238031692864601
0.07353303272408108 -0.20992184049454343 0.00249555266289970
0.07530122778074254 -0.22007622312235267 0.00261630991390234
0.07711158568209175 -0.23071647821206526 0.00274284940624171
0.07896511180672973 -0.24186548498222382 0.00287544383790446
0.08086283550664285 -0.25354716704353375 0.00301437839723853
0.08280581067885155 -0.26578653684819792 0.00315995129890821
0.08479511635069015 -0.27860974170126379 0.00331247433916330
0.08683185727904201 -0.29204411135191127 0.00347227347070851
0.08891716456386457 -0.30611820717830568 0.00363968939741471
0.09105219627634296 -0.32086187297588181 0.00381507818907558
0.09323813810202267 -0.33630628735517143 0.00399881191637527
0.09547620399927788 -0.35248401774130317 0.00419127930608006
0.09776763687348035 -0.36942907596377633 0.00439288641643206
0.10011370926724453 -0.38717697541337420 0.00460405733259568
0.10251572406713193 -0.40576478974204627 0.00482523488200143
0.10497501522720583 -0.42523121305895273 0.00505688136918186
0.10749294850984072 -0.44561662156554077 0.00529947932958436
0.11007092224419504 -0.46696313655671579 0.00555353230167274
0.11271036810277073 -0.48931468870537947 0.00581956561652605
0.11541275189648990 -0.51271708352899592 0.00609812720393908
0.11817957438872947 -0.53721806790376170 0.00638978841366360
0.12101237212876731 -0.56286739747738801 0.00669514485027165
0.12391271830510205 -0.58971690480207828 0.00701481721979779
0.12688222361911947 -0.61782056800041407 0.00734945218622414
0.12992253717959312 -0.64723457971528497 0.00769972323518634
0.13303534741851275 -0.67801741607307353 0.00806633154203843
0.13622238302875186 -0.71022990534291797 0.00845000684089967
0.13948541392409430 -0.74393529595776942 0.00885150829112154
0.14282625222215137 -0.77919932349410681 0.00927162533684454
0.14624675325071865 -0.81609027614566942 0.00971117855462986
0.14974881657812772 -0.85467905817693379 0.01017102048359835
0.15333438706816793 -0.89503925078738744 0.01065203643190085
0.15700545596016302 -0.93724716976884925 0.01115514525280190
0.16076406197480095 -0.98138191920370121 0.01168130008214994
0.16461229244633385 -1.02752544040248139 0.01223148902845715
0.16855228448177517 -1.07576255517032471 0.01280673580558855
0.17258622614773686 -1.12618100246080721 0.01340810029771811
0.17671635768556884 -1.17887146727418179 0.01403667904393996
0.18094497275547147 -1.23392760056901718 0.01469360562893264
0.18527441971027553 -1.29144602881148041 0.01538005096444283
0.18970710289959578 -1.35152635171867019 0.01609722344559138
0.19424548400508060 -1.41427112654901843 0.01684636896370737
0.19889208340750245 -1.47978583707962130 0.01762877075498284
0.20364948158644677 -1.54817884526741278 0.01844574906262006
0.20852032055337477 -1.61956132341831904 0.01929866058818118
0.21350730531886081 -1.69404716455094695 0.02018889770628747
0.21861320539481308 -1.77175286823080502 0.02111788741214818
0.22384085633251696 -1.85279739901745333 0.02208708996986657
0.22919316129735354 -1.93730201436033345 0.02309799722596816
0.23467309268106515 -2.02539005870564148 0.02415213055174188
0.24028369375246786 -2.11718671999886121 0.02525103837138708
0.24602808034752538 -2.21281874455520233 0.02639629323049723
0.25190944259972059 -2.31241410589317553 0.02758948835506560
0.25793104671169148 -2.41610162300018994 0.02883223364970489
0.26409623676910893 -2.52401052293618289 0.03012615107728507
0.27040843659780817 -2.63626994220139244 0.03147286935661938
0.27687115166520443 -2.75300836097375479 0.03287401791104851
0.28348797102704559 -2.87435296400681706 0.03433121999705017
0.29026256932058897 -3.00042892164061081 0.03584608493799576
0.29719870880530180 -3.13135858349347229 0.03742019937783429
0.30430024145222523 -3.26726057723085717 0.03905511746728443
0.31157111108315971 -3.40824880427754406 0.04075234988875621
0.31901535556085647 -3.55443132432832121 0.04251335162585078
0.32663710903143739 -3.70590911932654654 0.04433950836922175
0.33444060422028560 -3.86277472750856221 0.04623212144931598
0.34243017478267906 -4.02511073759377780 0.04819239117997152
0.35061025771047927 -4.19298813340318155 0.05022139849872149
0.35898539579620387 -4.36646447820594741 0.05232008477750678
0.36756024015585820 -4.54558192793390692 0.05448922967474965
0.37633955281192416 -4.73036506236011611 0.05672942689819265
0.38532820933793754 -4.92081852367553640 0.05904105775082766
0.39453120156612936 -5.11692445175808963 0.06142426232935169
0.40395364035963033 -5.31863970524496210 0.06387890824055339
0.41360075845077637 -5.52589285846699063 0.06640455671029061
0.42347791334709861 -5.73858096509997218 0.06900042596686477
0.43359059030660180 -5.95656608056070791 0.07166535179248411
0.44394440538399216 -6.17967153573578099 0.07439774513918219
0.45454510854954366 -6.40767795704037990 0.07719554673078871
0.46539858688232971 -6.64031903007943214 0.08005617859498368
0.47651086783960167 -6.87727700689577937 0.08297649249873129
0.48788812260412673 -7.11817795970056100 0.08595271528762488
0.49953666951133846 -7.36258678858205506 0.08898039117845127
0.51146297755821524 -7.61000199602345706 0.09205432110990533
0.52367366999582143 -7.85985024599275661 0.09516849931010612
0.53617552800751800 -8.11148073218301846 0.09831604730990247
0.54897549447488037 -8.36415938893906485 0.10148914572609649
0.56208067783341009 -8.61706298821063399 0.10467896424445511
0.57549835602019450 -8.86927317536145488 0.10787559033586012
0.58923598051569026 -9.11977050732025951 0.11106795735425237
0.60330118048188985 -9.36742857474925472 0.11424377285960625
0.61770176699916302 -9.61100830477518819 0.11738944817381279
0.63244573740412080 -9.84915255929197642 0.12049003037988246
0.64754127973092235 -10.08038115586846217 0.12352913811126355
0.66299677725848449 -10.30308647251850296 0.12648890284863107
0.67882081316611476 -10.51552981807611076 0.12934991767380855
0.69502217530016741 -10.71583878141259660 0.13209119578050557
0.71160986105435220 -10.90200578349839411 0.13469014117318387
0.72859308236642029 -11.07188810864532513 0.13712253456153625
0.74598127083399701 -11.22320972184639132 0.13936253781026164
0.76378408295239730 -11.35356522054355288 0.14138272077568059
0.78201140547734183 -11.46042627994277296 0.14315411450531737
0.80067336091555030 -11.54115100691090667 0.14464629541036825
0.81978031314624866 -11.59299666995838329 0.14582750562861677
0.83934287317673506 -11.61313630586163193 0.14666481519988675
0.85937190503517635 -11.59867971696469979 0.14712433187096347
0.87987853180392572 -11.54669939297882664 0.14717146461238745
0.90087414179670666 -11.45426197640882826 0.14677124792707610
0.92237039488308570 -11.31846587657476277 0.14588873395100904
0.94437922896375892 -11.13648564310136813 0.14448945949296355
0.96691286660024389 -10.90562362671369279 0.14253999432457287
0.98998382180264899 -10.62336955475768718 0.14000857823806009
1.01360490697930983 -10.28746853026670927 0.13686585319826888
1.03778924005212847 -9.89599790084945141 0.13308569636017856
1.06255025174158768 -9.44745318004762602 0.12864615691443321
1.08790169302547657 -8.94084320807191624 0.12353049994656064
1.11385764277546384 -8.37579444871922441 0.11772835745428682
1.14043251557577241 -7.75266402711813374 0.11123698362923391
1.16764106972829285 -7.07266057673955562 0.10406260569505434
1.19549841544856994 -6.33797162708363171 0.09622185809147780
1.22402002325723802 -5.55189568568100533 0.08774328164656642
1.25322173257153668 -4.71897636142575738 0.07866886067514613
1.28311976050170151 -3.84513487899736894 0.06905556006229907
1.31373071085710680 -2.93779630286358762 0.05897681318948996
1.34507158336715049 -2.00600360876558126 0.04852389895858750
1.37715978312202814 -1.06051200657252220 0.03780712724017029
1.41001313023860653 -0.11385400423170661 0.02695673128513803
1.44364986975679277 0.81963644251557877 0.01612334216451045
1.47808868177188435 1.72385490408825182 0.00547789317527583
1.51334869180851439 2.58103007797923878 -0.00478923357538458
1.54944948144197880 3.37192135046290131 -0.01447004720957089
1.58641109917282419 4.07613553383517946 -0.02334204533196292
1.62425407156073853 4.67259343522328230 -0.03117289619281107
1.66299941462393996 5.14018309930359418 -0.03772709892603211
1.70266864551037433 5.45864415775293743 -0.04277509450686231
1.74328379444722192 5.60973494789924665 -0.04610537510327840
1.78486741697534423 5.57874472754670414 -0.04754024912150512
1.82744260647545032 5.35642587299796880 -0.04695604802074721
1.87103300699296327 4.94143563495675142 -0.04430871032284478
1.91566282636869012 4.34339243621289395 -0.03966583256053322
1.96135684968260815 3.58667212645886879 -0.03324648112086317
2.00814045301819233 2.71509922969060424 -0.02547035677820124
2.05603961755498155 1.79772131196387996 -0.01701823326518587
2.10508094399717427 0.93589613230156077 -0.00890600477643607
2.15529166734626898 0.27206926359668865 -0.00257618319086821
2.20669967202598505 0.00000000000000000 0.00000000000000000
2.25933350736779737 0.00000000000000000 0.00000000000000000
2.31322240346576313 0.00000000000000000 0.00000000000000000
2.36839628740939467 0.00000000000000000 0.00000000000000000
2.42488579990360664 0.00000000000000000 0.00000000000000000
2.48272231228496576 0.00000000000000000 0.00000000000000000
2.54193794394371464 0.00000000000000000 0.00000000000000000
2.60256558016118822 0.00000000000000000 0.00000000000000000
2.66463889037259971 0.00000000000000000 0.00000000000000000
2.72819234686529599 0.00000000000000000 0.00000000000000000
2.79326124392286168 0.00000000000000000 0.00000000000000000
2.85988171742575181 0.00000000000000000 0.00000000000000000
2.92809076491924847 0.00000000000000000 0.00000000000000000
2.99792626615999280 0.00000000000000000 0.00000000000000000
3.06942700415242786 0.00000000000000000 0.00000000000000000
3.14263268668685303 0.00000000000000000 0.00000000000000000
3.21758396839109073 0.00000000000000000 0.00000000000000000
3.29432247330791617 0.00000000000000000 0.00000000000000000
3.37289081801090918 0.00000000000000000 0.00000000000000000
3.45333263527147460 0.00000000000000000 0.00000000000000000
3.53569259829021076 0.00000000000000000 0.00000000000000000
3.62001644550610102 0.00000000000000000 0.00000000000000000
3.70635100599723177 0.00000000000000000 0.00000000000000000
3.79474422548724588 0.00000000000000000 0.00000000000000000
3.88524519297190229 0.00000000000000000 0.00000000000000000
3.97790416798054647 0.00000000000000000 0.00000000000000000
4.07277260848763234 0.00000000000000000 0.00000000000000000
4.16990319948983412 0.00000000000000000 0.00000000000000000
4.26934988226451040 0.00000000000000000 0.00000000000000000
4.37116788432590742 0.00000000000000000 0.00000000000000000
4.47541375009564746 0.00000000000000000 0.00000000000000000
4.58214537230454422 0.00000000000000000 0.00000000000000000
4.69142202414325116 0.00000000000000000 0.00000000000000000
4.80330439217945759 0.00000000000000000 0.00000000000000000
4.91785461006008262 0.00000000000000000 0.00000000000000000
5.03513629301706267 0.00000000000000000 0.00000000000000000
5.15521457319593690 0.00000000000000000 0.00000000000000000
5.27815613582688314 0.00000000000000000 0.00000000000000000
5.40402925625817421 0.00000000000000000 0.00000000000000000
5.53290383787278817 0.00000000000000000 0.00000000000000000
5.66485145090910880 0.00000000000000000 0.00000000000000000
5.79994537220729267 0.00000000000000000 0.00000000000000000
5.93826062590346204 0.00000000000000000 0.00000000000000000
6.07987402509414476 0.00000000000000000 0.00000000000000000
6.22486421449431049 0.00000000000000000 0.00000000000000000
6.37331171411254616 0.00000000000000000 0.00000000000000000
6.52529896396768017 0.00000000000000000 0.00000000000000000
6.68091036987166476 0.00000000000000000 0.00000000000000000
6.84023235030422683 0.00000000000000000 0.00000000000000000
7.00335338440511990 0.00000000000000000 0.00000000000000000
7.17036406111088365 0.00000000000000000 0.00000000000000000
7.34135712946321739 0.00000000000000000 0.00000000000000000
7.51642755011695307 0.00000000000000000 0.00000000000000000
7.69567254807632573 0.00000000000000000 0.00000000000000000
7.87919166668859727 0.00000000000000000 0.00000000000000000
8.06708682292530632 0.00000000000000000 0.00000000000000000
8.25946236398164046 0.00000000000000000 0.00000000000000000
8.45642512522542411 0.00000000000000000 0.00000000000000000
8.65808448952798670 0.00000000000000000 0.00000000000000000
8.86455244800962383 0.00000000000000000 0.00000000000000000
9.07594366223370663 0.00000000000000000 0.00000000000000000
9.29237552788372945 0.00000000000000000 0.00000000000000000
9.51396823995876595 0.00000000000000000 0.00000000000000000
9.74084485952350043 0.00000000000000000 0.00000000000000000
9.97313138205001337 0.00000000000000000 0.00000000000000000
10.21095680738900846 0.00000000000000000 0.00000000000000000
10.45445321140968531 0.00000000000000000 0.00000000000000000
10.70375581934779241 0.00000000000000000 0.00000000000000000
10.95900308090266506 0.00000000000000000 0.00000000000000000
11.22033674712506190 0.00000000000000000 0.00000000000000000
11.48790194913822305 0.00000000000000000 0.00000000000000000
11.76184727873620162 0.00000000000000000 0.00000000000000000
12.04232487090401271 0.00000000000000000 0.00000000000000000
12.32949048830546168 0.00000000000000000 0.00000000000000000
12.62350360778571456 0.00000000000000000 0.00000000000000000
12.92452750893630764 0.00000000000000000 0.00000000000000000
13.23272936477222572 0.00000000000000000 0.00000000000000000
13.54828033457108027 0.00000000000000000 0.00000000000000000
13.87135565892604383 0.00000000000000000 0.00000000000000000
14.20213475706544770 0.00000000000000000 0.00000000000000000
14.54080132649275470 0.00000000000000000 0.00000000000000000
14.88754344500268267 0.00000000000000000 0.00000000000000000
15.24255367512981252 0.00000000000000000 0.00000000000000000
15.60602917108779408 0.00000000000000000 0.00000000000000000
15.97817178825851592 0.00000000000000000 0.00000000000000000
16.35918819529219803 0.00000000000000000 0.00000000000000000
16.74928998888023912 0.00000000000000000 0.00000000000000000
17.14869381126511527 0.00000000000000000 0.00000000000000000
17.55762147055219913 0.00000000000000000 0.00000000000000000
17.97630006389040247 0.00000000000000000 0.00000000000000000
18.40496210359024332 0.00000000000000000 0.00000000000000000
18.84384564624889791 0.00000000000000000 0.00000000000000000
19.29319442495458503 0.00000000000000000 0.00000000000000000
19.75325798464320215 0.00000000000000000 0.00000000000000000
20.22429182068257347 0.00000000000000000 0.00000000000000000
20.70655752076142164 0.00000000000000000 0.00000000000000000
21.20032291016135417 0.00000000000000000 0.00000000000000000
21.70586220049323956 0.00000000000000000 0.00000000000000000
22.22345614198001229 0.00000000000000000 0.00000000000000000
22.75339217937076697 0.00000000000000000 0.00000000000000000
23.29596461157256471 0.00000000000000000 0.00000000000000000
23.85147475508890480 0.00000000000000000 0.00000000000000000
24.42023111135499391 0.00000000000000000 0.00000000000000000
25.00254953806354408 0.00000000000000000 0.00000000000000000
25.59875342457567982 0.00000000000000000 0.00000000000000000
26.20917387151450484 0.00000000000000000 0.00000000000000000
26.83414987464136203 0.00000000000000000 0.00000000000000000
27.47402851311615279 0.00000000000000000 0.00000000000000000
28.12916514224724907 0.00000000000000000 0.00000000000000000
28.79992359083728815 0.00000000000000000 0.00000000000000000
29.48667636323470376 0.00000000000000000 0.00000000000000000
30.18980484620349003 0.00000000000000000 0.00000000000000000
30.90969952072524762 0.00000000000000000 0.00000000000000000
31.64676017885220105 0.00000000000000000 0.00000000000000000
32.40139614573088522 0.00000000000000000 0.00000000000000000
33.17402650691995802 0.00000000000000000 0.00000000000000000
33.96508034112876118 0.00000000000000000 0.00000000000000000
34.77499695850494277 0.00000000000000000 0.00000000000000000
35.60422614460473056 0.00000000000000000 0.00000000000000000
36.45322841018035120 0.00000000000000000 0.00000000000000000
37.32247524692373020 0.00000000000000000 0.00000000000000000
38.21244938930841784 0.00000000000000000 0.00000000000000000
39.12364508267544494 0.00000000000000000 0.00000000000000000
40.05656835771107893 0.00000000000000000 0.00000000000000000
41.01173731147022039 0.00000000000000000 0.00000000000000000
41.98968239510047340 0.00000000000000000 0.00000000000000000
42.99094670842703891 0.00000000000000000 0.00000000000000000
44.01608630156243152 0.00000000000000000 0.00000000000000000
45.06567048370731499 0.00000000000000000 0.00000000000000000
46.14028213931551647 0.00000000000000000 0.00000000000000000
47.24051805179767172 0.00000000000000000 0.00000000000000000
48.36698923494354574 0.00000000000000000 0.00000000000000000
49.52032127224774172 0.00000000000000000 0.00000000000000000
50.70115466432564233 0.00000000000000000 0.00000000000000000
51.91014518461447125 0.00000000000000000 0.00000000000000000
53.14796424355573379 0.00000000000000000 0.00000000000000000
54.41529926146144902 0.00000000000000000 0.00000000000000000
55.71285405027211368 0.00000000000000000 0.00000000000000000
57.04134920441660483 0.00000000000000000 0.00000000000000000
58.40152250099322373 0.00000000000000000 0.00000000000000000
59.79412930949265359 0.00000000000000000 0.00000000000000000
61.21994301129083027 0.00000000000000000 0.00000000000000000
62.67975542914470566 0.00000000000000000 0.00000000000000000
64.17437726692972433 0.00000000000000000 0.00000000000000000
65.70463855986204749 0.00000000000000000 0.00000000000000000
67.27138913545726950 0.00000000000000000 0.00000000000000000
68.87549908548038502 0.00000000000000000 0.00000000000000000
70.51785924914933901 0.00000000000000000 0.00000000000000000
72.19938170786123521 0.00000000000000000 0.00000000000000000
73.92100029171422193 0.00000000000000000 0.00000000000000000
75.68367109810859006 0.00000000000000000 0.00000000000000000
77.48837302271347482 0.00000000000000000 0.00000000000000000
79.33610830309434903 0.00000000000000000 0.00000000000000000
