0.00000000000000000 1.70470885803573169
0.00001479017834245 1.70470885822381701
0.00002993303044112 1.70470885880610279
0.00004543696584831 1.70470885981080267
0.00006131059464321 1.70470886126770393
0.00007756273221348 1.70470886320825588
0.00009420240415086 1.70470886566565483
0.00011123885126353 1.70470886867493432
0.00012868153470796 1.70470887227305989
0.00014654014124313 1.70470887649902680
0.00016482458861008 1.70470888139396459
0.00018354503103970 1.70470888700124390
0.00020271186489184 1.70470889336659615
0.00022233573442895 1.70470890053822877
0.00024242753772729 1.70470890856695312
0.00026299843272922 1.70470891750631526
0.00028405984343969 1.70470892741273650
0.00030562346627056 1.70470893834566017
0.00032770127653619 1.70470895036770043
0.00035030553510386 1.70470896354480583
0.00037344879520289 1.70470897794642728
0.00039714390939599 1.70470899364569339
0.00042140403671692 1.70470901071959613
0.00044624264997835 1.70470902924918688
0.00047167354325394 1.70470904931977962
0.00049771083953886 1.70470907102116187
0.00052436899859298 1.70470909444782448
0.00055166282497104 1.70470911969919459
0.00057960747624433 1.70470914687988118
0.00060821847141845 1.70470917609993888
0.00063751169955175 1.70470920747513488
0.00066750342857924 1.70470924112723798
0.00069821031434701 1.70470927718431797
0.00072964940986200 1.70470931578105667
0.00076183817476235 1.70470935705908033
0.00079479448501358 1.70470940116730563
0.00082853664283596 1.70470944826229798
0.00086308338686863 1.70470949850865883
0.00089845390257607 1.70470955207941754
0.00093466783290265 1.70470960915645509
0.00097174528918138 1.70470966993093986
0.00100970686230267 1.70470973460379072
0.00104857363414939 1.70470980338615608
0.00108836718930472 1.70470987649992489
0.00112910962703908 1.70470995417825533
0.00117082357358291 1.70471003666613319
0.00121353219469209 1.70471012422095369
0.00125725920851302 1.70471021711313897
0.00130202889875444 1.70471031562677511
0.00134786612817331 1.70471042006029427
0.00139479635238233 1.70471053072717260
0.00144284563398665 1.70471064795667937
0.00149204065705768 1.70471077209465127
0.00154240874195204 1.70471090350430798
0.00159397786048384 1.70471104256710770
0.00164677665145883 1.70471118968364621
0.00170083443657883 1.70471134527459478
0.00175618123672553 1.70471150978168762
0.00181284778863252 1.70471168366875903
0.00187086556195484 1.70471186742282277
0.00193026677674563 1.70471206155521493
0.00199108442134944 1.70471226660278519
0.00205335227072226 1.70471248312914647
0.00211710490518836 1.70471271172598904
0.00218237772964443 1.70471295301445402
0.00224920699322156 1.70471320764657674
0.00231762980941620 1.70471347630680214
0.00238768417670101 1.70471375971356442
0.00245940899962724 1.70471405862095704
0.00253284411043031 1.70471437382047131
0.00260803029115056 1.70471470614282938
0.00268500929628145 1.70471505645989496
0.00276382387595789 1.70471542568669521
0.00284451779969737 1.70471581478351397
0.00292713588070732 1.70471622475811513
0.00301172400077201 1.70471665666805050
0.00309832913573293 1.70471711162309658
0.00318699938157670 1.70471759078779805
0.00327778398114512 1.70471809538414010
0.00337073335148202 1.70471862669435037
0.00346589911183233 1.70471918606383288
0.00356333411230869 1.70471977490424931
0.00366309246324164 1.70472039469674619
0.00376522956522972 1.70472104699533888
0.00386980213990604 1.70472173343045852
0.00397686826143855 1.70472245571267589
0.00408648738878143 1.70472321563659746
0.00419872039869544 1.70472401508495830
0.00431362961955576 1.70472485603290536
0.00443127886596591 1.70472574055249493
0.00455173347419705 1.70472667081740425
0.00467506033847237 1.70472764910786978
0.00480132794811664 1.70472867781586679
0.00493060642559163 1.70472975945054017
0.00506296756543846 1.70473089664389565
0.00519848487414859 1.70473209215676613
0.00533723361098545 1.70473334888506867
0.00547929082977958 1.70473466986636080
0.00562473542172026 1.70473605828671726
0.00577364815916761 1.70473751748793712
0.00592611174050934 1.70473905097509659
0.00608221083608716 1.70474066242447075
0.00624203213521824 1.70474235569183841
0.00640566439433796 1.70474413482118092
0.00657319848629066 1.70474600405380583
0.00674472745079562 1.70474796783791760
0.00692034654611656 1.70475003083863319
0.00710015330196303 1.70475219794849742
0.00728424757365341 1.70475447429849569
0.00747273159756936 1.70475686526960124
0.00766571004793253 1.70475937650487808
0.00786329009493521 1.70476201392216642
0.00806558146425712 1.70476478372738449
0.00827269649800128 1.70476769242846071
0.00848475021708299 1.70477074684994734
0.00870186038510648 1.70477395414833155
0.00892414757376467 1.70477732182808506
0.00915173522979844 1.70478085775848442
0.00938474974355250 1.70478457019124718
0.00962332051916602 1.70478846777900150
0.00986758004643697 1.70479255959466158
0.01011766397440005 1.70479685515172008
0.01037371118665912 1.70480136442551955
0.01063586387851590 1.70480609787555037
0.01090426763593788 1.70481106646880853
0.01117907151640917 1.70481628170428401
0.01146042813170928 1.70482175563861627
0.01174849373266574 1.70482750091298585
0.01204342829592773 1.70483353078128852
0.01234539561280875 1.70483985913966007
0.01265456338024781 1.70484650055741782
0.01297110329393957 1.70485347030947865
0.01329519114368521 1.70486078441032829
0.01362700691101696 1.70486845964961198
0.01396673486915043 1.70487651362943327
0.01431456368532043 1.70488496480341389
0.01467068652555687 1.70489383251764437
0.01503530116195919 1.70490313705355634
0.01540861008252864 1.70491289967286419
0.01579082060361962 1.70492314266462430
0.01618214498507239 1.70493388939454538
0.01658280054809112 1.70494516435663468
0.01699300979593281 1.70495699322730632
0.01741300053747404 1.70496940292203658
0.01784300601372408 1.70498242165472536
0.01828326502735493 1.70499607899985839
0.01873402207531983 1.70501040595760411
0.01919552748463418 1.70502543502199688
0.01966803755139409 1.70504120025232830
0.02015181468310996 1.70505773734790700
0.02064712754443395 1.70507508372633887
0.02115425120636234 1.70509327860548021
0.02167346729899560 1.70511236308924730
0.02220506416794121 1.70513238025744118
0.02274933703444569 1.70515337525977784
0.02330658815934526 1.70517539541430940
0.02387712701092562 1.70519849031044468
0.02446127043678465 1.70522271191675379
0.02505934283979307 1.70524811469379367
0.02567167635825091 1.70527475571215836
0.02629861105033979 1.70530269477599461
0.02694049508297364 1.70533199455222939
0.02759768492515240 1.70536272070573558
0.02827054554592643 1.70539494204072373
0.02895945061708132 1.70542873064861067
0.02966478272065568 1.70546416206263918
0.03038693356140742 1.70550131541956040
0.03112630418434613 1.70554027362865668
0.03188330519745265 1.70558112354841862
0.03265835699970931 1.70562395617119633
0.03345189001456775 1.70566886681616636
0.03426434492898361 1.70571595533093823
0.03509617293815131 1.70576532630215838
0.03594783599607413 1.70581708927548115
0.03681980707210974 1.70587135898526343
0.03771257041363248 1.70592825559437400
0.03862662181495934 1.70598790494451946
0.03956246889268836 1.70605043881746199
0.04052063136760231 1.70611599520756552
0.04150164135329468 1.70618471860607879
0.04250604365167800 1.70625676029756712
0.04353439605553822 1.70633227866896275
0.04458726965830407 1.70641143953163343
0.04566524917120245 1.70649441645694533
0.04676893324797669 1.70658139112573215
0.04789893481734779 1.70667255369215831
0.04905588142340300 1.70676810316240535
0.05024041557410117 1.70686824778862412
0.05145319509808847 1.70697320547860221
0.05269489351002182 1.70708320422157511
0.05396620038460430 1.70719848253061768
0.05526782173953874 1.70731928990201109
0.05660048042761331 1.70744588729199576
0.05796491653813660 1.70757854761123884
0.05936188780794428 1.70771755623740562
0.06079217004220718 1.70786321154612364
0.06225655754527273 1.70801582546060149
0.06375586356178048 1.70817572402013340
0.06529092072829594 1.70834324796761838
0.06686258153571339 1.70851875335625780
0.06847171880268509 1.70870261217543762
0.07011922616033948 1.70889521299571356
0.07180601854855713 1.70909696163274982
0.07353303272408108 1.70930828182994810
0.07530122778074254 1.70952961595943131
0.07711158568209175 1.70976142574078982
0.07896511180672973 1.71000419297690254
0.08086283550664285 1.71025842030591080
0.08280581067885155 1.71052463196839266
0.08479511635069015 1.71080337458835952
0.08683185727904201 1.71109521796649866
0.08891716456386457 1.71140075588376162
0.09105219627634296 1.71172060691319095
0.09323813810202267 1.71205541523755245
0.09547620399927788 1.71240585146971491
0.09776763687348035 1.71277261347243348
0.10011370926724453 1.71315642717358663
0.10251572406713193 1.71355804737276762
0.10497501522720583 1.71397825853406816
0.10749294850984072 1.71441787555936709
0.11007092224419504 1.71487774453562847
0.11271036810277073 1.71535874344921013
0.11541275189648990 1.71586178285927016
0.11817957438872947 1.71638780652088196
0.12101237212876731 1.71693779194776197
0.12391271830510205 1.71751275090315070
0.12688222361911947 1.71811372980689381
0.12992253717959312 1.71874181004414517
0.13303534741851275 1.71939810816011285
0.13622238302875186 1.72008377592325745
0.13948541392409430 1.72080000023848334
0.14282625222215137 1.72154800288903753
0.14624675325071865 1.72232904008321608
0.14974881657812772 1.72314440177991535
0.15333438706816793 1.72399541076475482
0.15700545596016302 1.72488342144643636
0.16076406197480095 1.72580981833767888
0.16461229244633385 1.72677601418302862
0.16855228448177517 1.72778344769155168
0.17258622614773686 1.72883358083108618
0.17671635768556884 1.72992789563296379
0.18094497275547147 1.73106789045273302
0.18527441971027553 1.73225507562695324
0.18970710289959578 1.73349096846350603
0.19424548400508060 1.73477708749531168
0.19889208340750245 1.73611494591951976
0.20364948158644677 1.73750604413913234
0.20852032055337477 1.73895186131790891
0.21350730531886081 1.74045384585456575
0.21861320539481308 1.74201340466780108
0.22384085633251696 1.74363189117945061
0.22919316129735354 1.74531059187281068
0.23467309268106515 1.74705071130124323
0.24028369375246786 1.74885335540269304
0.24602808034752538 1.75071951296975814
0.25190944259972059 1.75265003511347306
0.25793104671169148 1.75464561255626572
0.26409623676910893 1.75670675057227910
0.27040843659780817 1.75883374137995219
0.27687115166520443 1.76102663378433943
0.28348797102704559 1.76328519985990839
0.29026256932058897 1.76560889845712832
0.29719870880530180 1.76799683529329554
0.30430024145222523 1.77044771938899403
0.31157111108315971 1.77295981560250060
0.31901535556085647 1.77553089302062994
0.32663710903143739 1.77815816893941281
0.33444060422028560 1.78083824817782244
0.34243017478267906 1.78356705746738164
0.35061025771047927 1.78633977467862382
0.35898539579620387 1.78915075263726409
0.36756024015585820 1.79199343730187755
0.37633955281192416 1.79486028010070853
0.38532820933793754 1.79774264425938468
0.39453120156612936 1.80063070497895450
0.40395364035963033 1.80351334336718550
0.41360075845077637 1.80637803409477149
0.42347791334709861 1.80921072682051243
0.43359059030660180 1.81199572149969956
0.44394440538399216 1.81471553780041917
0.45454510854954366 1.81735077897886943
0.46539858688232971 1.81987999071840068
0.47651086783960167 1.82227951554839196
0.48788812260412673 1.82452334369223568
0.49953666951133846 1.82658296141088661
0.51146297755821524 1.82842719818315969
0.52367366999582143 1.83002207424174124
0.53617552800751800 1.83133065034689624
0.54897549447488037 1.83231288208557763
0.56208067783341009 1.83292548137224043
0.57549835602019450 1.83312178815136306
0.58923598051569026 1.83285165568421249
0.60330118048188985 1.83206135357315891
0.61770176699916302 1.83069349309151264
0.63244573740412080 1.82868697996196361
0.64754127973092235 1.82597699987468665
0.66299677725848449 1.82249504332292789
0.67882081316611476 1.81816897663867705
0.69502217530016741 1.81292316689262178
0.71160986105435220 1.80667866795758103
0.72859308236642029 1.79935347660093248
0.74598127083399701 1.79086286764023650
0.76378408295239730 1.78111981767461147
0.78201140547734183 1.77003552586394597
0.80067336091555030 1.75752004103506954
0.81978031314624866 1.74348300456982352
0.83934287317673506 1.72783451754857653
0.85937190503517635 1.71048613870299726
0.87987853180392572 1.69135201799418255
0.90087414179670666 1.67035017076398495
0.92237039488308570 1.64740389340289162
0.94437922896375892 1.62244331808472619
0.96691286660024389 1.59540709805274394
0.98998382180264899 1.56624421419556681
1.01360490697930983 1.53491588564139581
1.03778924005212847 1.50139756098843269
1.06255025174158768 1.46568095646232588
1.08790169302547657 1.42777610395159504
1.11385764277546384 1.38771336121671274
1.14043251557577241 1.34554532720281572
1.16764106972829285 1.30134859443397310
1.19549841544856994 1.25522526517219757
1.22402002325723802 1.20730414950823661
1.25322173257153668 1.15774155550534941
1.28311976050170151 1.10672157787721237
1.31373071085710680 1.05445579394854105
1.34507158336715049 1.00118227712349106
1.37715978312202814 0.94716384538141440
1.41001313023860653 0.89268547761093076
1.44364986975679277 0.83805086011693031
1.47808868177188435 0.78357804502989126
1.51334869180851439 0.72959424190621158
1.54944948144197880 0.67642980590877133
1.58641109917282419 0.62441155314011987
1.62425407156073853 0.57385556679061078
1.66299941462393996 0.52505971824250641
1.70266864551037433 0.47829617717889356
1.74328379444722192 0.43380424782396165
1.78486741697534423 0.39178387430715994
1.82744260647545032 0.35239016675702439
1.87103300699296327 0.31572912764965283
1.91566282636869012 0.28185468475839143
1.96135684968260815 0.25076843254052927
2.00814045301819233 0.22242164795630526
2.05603961755498155 0.19672000397402606
2.10508094399717427 0.17353889797243183
2.15529166734626898 0.15273830443008798
2.20669967202598505 0.13416661104081912
2.25933350736779737 0.11766277078376569
2.31322240346576313 0.10306096124034697
2.36839628740939467 0.09019610803515336
2.42488579990360664 0.07890668473828703
2.48272231228496576 0.06903679930332035
2.54193794394371464 0.06043785102218055
2.60256558016118822 0.05296977420135613
2.66463889037259971 0.04650191159189568
2.72819234686529599 0.04091355898781754
2.79326124392286168 0.03609422196975759
2.85988171742575181 0.03194361913448700
2.92809076491924847 0.02837147581157975
2.99792626615999280 0.02529715323137947
3.06942700415242786 0.02264914903039597
3.14263268668685303 0.02036450235208522
3.21758396839109073 0.01838813730664296
3.29432247330791617 0.01667218389572717
3.37289081801090918 0.01517530327328976
3.45333263527147460 0.01386203852846460
3.53569259829021076 0.01270220069006671
3.62001644550610102 0.01167029691272496
3.70635100599723177 0.01074499578236867
3.79474422548724588 0.00990862452133331
3.88524519297190229 0.00914669377755364
3.97790416798054647 0.00844745330376231
4.07277260848763234 0.00780148143322019
4.16990319948983412 0.00720131150102324
4.26934988226451040 0.00664109661377436
4.37116788432590742 0.00611631395152921
4.47541375009564746 0.00562350754344723
4.58214537230454422 0.00516006681716632
4.69142202414325116 0.00472403759812638
4.80330439217945759 0.00431396232018254
4.91785461006008262 0.00392874632433955
5.03513629301706267 0.00356754694099124
5.15521457319593690 0.00322968254255194
5.27815613582688314 0.00291455918185198
5.40402925625817421 0.00262161297647538
5.53290383787278817 0.00235026651491138
5.66485145090910880 0.00209989784026972
5.79994537220729267 0.00186982059966675
5.93826062590346204 0.00165927400298261
6.07987402509414476 0.00146742107579793
6.22486421449431049 0.00129335362716032
6.37331171411254616 0.00113610224274900
6.52529896396768017 0.00099464972110488
6.68091036987166476 0.00086794649540185
6.84023235030422683 0.00075492676801233
7.00335338440511990 0.00065452426044724
7.17036406111088365 0.00056568677663033
7.34135712946321739 0.00048738908897386
7.51642755011695307 0.00041864382100657
7.69567254807632573 0.00035851016408945
7.87919166668859727 0.00030610039893388
8.06708682292530632 0.00026058441790330
8.25946236398164046 0.00022119242366223
8.45642512522542411 0.00018721603287949
8.65808448952798670 0.00015800798305071
8.86455244800962383 0.00013298076529105
9.07594366223370663 0.00011160440946420
9.29237552788372945 0.00009340363958000
9.51396823995876595 0.00007795454881094
9.74084485952350043 0.00006488100103064
9.97313138205001337 0.00005385089605903
10.21095680738900846 0.00004457240568222
10.45445321140968531 0.00003679024443529
10.70375581934779241 0.00003028205733979
10.95900308090266506 0.00002485498417951
11.22033674712506190 0.00002034242809564
11.48790194913822305 0.00001660104152017
11.76184727873620162 0.00001350794222234
12.04232487090401271 0.00001095817645437
12.32949048830546168 0.00000886242151175
12.62350360778571456 0.00000714491878641
12.92452750893630764 0.00000574162312254
13.23272936477222572 0.00000459856513152
13.54828033457108027 0.00000367040848278
13.87135565892604383 0.00000291918613322
14.20213475706544770 0.00000231319609751
14.54080132649275470 0.00000182604573037
14.88754344500268267 0.00000143582778479
15.24255367512981252 0.00000112441297645
15.60602917108779408 0.00000087684342522
15.97817178825851592 0.00000068081593243
16.35918819529219803 0.00000052624350172
16.74928998888023912 0.00000040488411702
17.14869381126511527 0.00000031002679968
17.55762147055219913 0.00000023622708604
17.97630006389040247 0.00000017908515448
18.40496210359024332 0.00000013505998684
18.84384564624889791 0.00000010131399078
19.29319442495458503 0.00000007558339016
19.75325798464320215 0.00000005607074003
20.22429182068257347 0.00000004135596081
20.70655752076142164 0.00000003032294158
21.20032291016135417 0.00000002209914168
21.70586220049323956 0.00000001600624594
22.22345614198001229 0.00000001151999402
22.75339217937076697 0.00000000823763322
23.29596461157256471 0.00000000585164981
23.85147475508890480 0.00000000412873549
24.42023111135499391 0.00000000289304062
25.00254953806354408 0.00000000201291744
25.59875342457567982 0.00000000139048294
26.20917387151450484 0.00000000095346798
26.83414987464136203 0.00000000064889985
27.47402851311615279 0.00000000043823720
28.12916514224724907 0.00000000029364906
28.79992359083728815 0.00000000019519162
29.48667636323470376 0.00000000012868546
30.18980484620349003 0.00000000008413055
30.90969952072524762 0.00000000005453222
31.64676017885220105 0.00000000003503840
32.40139614573088522 0.00000000002231209
33.17402650691995802 0.00000000001407831
33.96508034112876118 0.00000000000880004
34.77499695850494277 0.00000000000544815
35.60422614460473056 0.00000000000334000
36.45322841018035120 0.00000000000202709
37.32247524692373020 0.00000000000121767
38.21244938930841784 0.00000000000072379
39.12364508267544494 0.00000000000042560
40.05656835771107893 0.00000000000024752
41.01173731147022039 0.00000000000014233
41.98968239510047340 0.00000000000008090
42.99094670842703891 0.00000000000004544
44.01608630156243152 0.00000000000002522
45.06567048370731499 0.00000000000001382
46.14028213931551647 0.00000000000000748
47.24051805179767172 0.00000000000000399
48.36698923494354574 0.00000000000000210
49.52032127224774172 0.00000000000000109
50.70115466432564233 0.00000000000000056
51.91014518461447125 0.00000000000000028
53.14796424355573379 0.00000000000000014
54.41529926146144902 0.00000000000000007
55.71285405027211368 0.00000000000000003
57.04134920441660483 0.00000000000000002
58.40152250099322373 0.00000000000000001
59.79412930949265359 0.00000000000000000
61.21994301129083027 0.00000000000000000
62.67975542914470566 0.00000000000000000
64.17437726692972433 0.00000000000000000
65.70463855986204749 0.00000000000000000
67.27138913545726950 0.00000000000000000
68.87549908548038502 0.00000000000000000
70.51785924914933901 0.00000000000000000
72.19938170786123521 0.00000000000000000
73.92100029171422193 0.00000000000000000
75.68367109810859006 0.00000000000000000
77.48837302271347482 0.00000000000000000
79.33610830309434903 0.00000000000000000
