0 3.54358929761761225e-15
1.47901783424533632e-05 1.08800023872239121e-08
2.99330304411241693e-05 4.45639361641135275e-08
4.54369658483143622e-05 1.02683535571721659e-07
6.13105946432112388e-05 1.8696194796201764e-07
7.75627322134774861e-05 2.9921844733673904e-07
9.42024041508594839e-05 4.41373382557645597e-07
0.00011123885126353035 6.15453371724190321e-07
0.000128681534707955359 8.23596754774094431e-07
0.000146540141243125123 1.06805931694812146e-06
0.000164824588610077718 1.35122029637473247e-06
0.000183545031039696602 1.67558868967434733e-06
0.000202711864891841933 2.04380987015817773e-06
0.000222335734428947906 2.45867253390454782e-06
0.000242427537727292437 2.92311598973786172e-06
0.000262998432729221886 3.44023780991345721e-06
0.000284059843439691487 4.01330185912744483e-06
0.000305623466270564189 4.64574672032590896e-06
0.000327701276536188112 5.3411945366844207e-06
0.00035030553510386435 6.10346029006911433e-06
0.000373448795202894058 6.93656153727582222e-06
0.000397143909395989315 7.84472862637725398e-06
0.000421404036716917869 8.83241541659129966e-06
0.000446242649978345791 9.9043105262191965e-06
0.000471673543253936609 1.10653491343927712e-05
0.000497710839538862641 1.23207253636183648e-05
0.000524368998592981733 1.36759052714131759e-05
0.000551662824971035025 1.51366404807018222e-05
0.000579607476244327607 1.67089824800791006e-05
0.000608218471418454183 1.83992976265522501e-05
0.000637511699551747803 2.02142828849569989e-05
0.000667503428579235966 2.21609823398984221e-05
0.000698210314347006539 2.42468045178048582e-05
0.000729649409861996847 2.64795405585040171e-05
0.000761838174762346988 2.88673832776398777e-05
0.000794794485013575235 3.14189471632500425e-05
0.000828536642835958886 3.41432893519214936e-05
0.000863083386868634841 3.70499316321421088e-05
0.000898453902576065873 4.01488835247715693e-05
0.000934667832902648789 4.3450666492971638e-05
0.00097174528918138423 4.69663393364710358e-05
0.00100970686230266522 5.07075248276958907e-05
0.00104857363414938504 5.46864376500814765e-05
0.00108836718930472058 5.89159137018011915e-05
0.00112910962703908439 6.34094408312085346e-05
0.00117082357358291238 6.81811910734961128e-05
0.00121353219469209276 7.32460544614396269e-05
0.00125725920851302406 7.86196744866197279e-05
0.00130202889875443697 8.43184852912109859e-05
0.00134786612817330647 9.03597506743028089e-05
0.00139479635238232971 9.6761605000775705e-05
0.00144284563398665343 0.000103543096105018794
0.00149204065705768434 0.000110724230286232526
0.00154240874195203854 0.000118326019496743987
0.00159397786048384206 0.000126370530829664348
0.00164677665145882652 0.000134880938417359861
0.00170083443657882629 0.000143881577857598089
0.00175618123672553164 0.000153398003289882456
0.00181284778863251956 0.000163457047250403829
0.00187086556195484245 0.000174086883440259884
0.0019302667767456302 0.000185317092548084621
0.00199108442134944032 0.000197178731275064647
0.00205335227072225845 0.00020970440471746463
0.00211710490518836249 0.00022292834226928494
0.00218237772964442571 0.000236886477215522559
0.00224920699322156198 0.000251616530194756613
0.00231762980941620494 0.000267158096718403718
0.00238768417670101162 0.000283552738943045057
0.00245940899962723879 0.000300844081901709679
0.00253284411043030793 0.000319077914409946384
0.00260803029115055538 0.000338302294872937714
0.00268500929628145459 0.000358567662230840055
0.00276382387595789465 0.000379926952290985157
0.00284451779969737339 0.00040243571970757818
0.00292713588070731999 0.000426152265882124052
0.00301172400077200997 0.000451137773070986947
0.00309832913573292743 0.000477456445000330981
0.00318699938157670105 0.000505175654303167596
0.00327778398114511507 0.000534366097108434127
0.00337073335148201786 0.000565101955127942594
0.00346589911183233217 0.000597461065603732818
0.00356333411230868886 0.000631525099495845016
0.00366309246324164053 0.000667379748308874238
0.00376522956522971604 0.000705114919974865451
0.00386980213990603585 0.000744824944230272038
0.00397686826143855456 0.000786608787945785714
0.00408648738878142955 0.00083057028088998671
0.00419872039869543818 0.000876818352430947402
0.00431362961955575764 0.000925467279704218358
0.00443127886596590692 0.000976636947801113112
0.0045517334741970502 0.00103045312255787788
0.00467506033847237077 0.00108704773655435229
0.00480132794811664008 0.00114655918895999816
0.00493060642559162935 0.0012091326598959464
0.00506296756543846149 0.001274920440013887
0.00519848487414858833 0.00134408227602642017
0.00533723361098545346 0.00141678573295878941
0.00547929082977957876 0.00149320657392906222
0.00562473542172025991 0.00157352915830260925
0.00577364815916760893 0.00165794685910746376
0.00592611174050934435 0.00174666250063981732
0.00608221083608716066 0.0018398888172335569
0.0062420321352182357 0.00193784893421464883
0.00640566439433796 0.00204077687211019678
0.00657319848629065763 0.00214891807523350702
0.00674472745079562463 0.00226252996582027499
0.00692034654611655906 0.00238188252494758897
0.00710015330196302717 0.00250725890152651105
0.0072842475736534136 0.00263895605072105325
0.0074727315975693584 0.00277728540321124043
0.00766571004793252606 0.00292257356678605118
0.00786329009493521441 0.00307516306182325973
0.00806558146425712455 0.00323541309228793763
0.00827269649800128036 0.00340370035395953525
0.00848475021708299144 0.0035804198816794335
0.00870186038510647845 0.00376598593749675028
0.00892414757376467152 0.00396083294168002829
0.00915173522979843834 0.00416541644865668984
0.00938474974355249861 0.0043802141700407856
0.00962332051916601518 0.00460572704701276911
0.00986758004643696618 0.0048424803744234763
0.0101176639744000492 0.00509102497910752638
0.0103737111866591212 0.00535193845501031554
0.010635863878515903 0.00562582645785679285
0.0109042676359378844 0.00591332406222051278
0.0111790715164091729 0.00621509718398775054
0.0114604281317092806 0.00653184407135401317
0.0117484937326657411 0.00686429686763949214
0.0120434282959277338 0.00721322324936672036
0.012345395612808752 0.00757942814320687087
0.0126545633802478061 0.00796375552557289541
0.0129711032939395666 0.00836709030881637242
0.0132951911436852109 0.00879036031817375871
0.0136270069110169569 0.00923453836380295004
0.0139667348691504302 0.00970064441245665522
0.014314563685320433 0.0101897478635545793
0.0146706865255568728 0.0107029699346407221
0.01503530116195919 0.0112414861614474389
0.0154086100825286381 0.0118065290180345405
0.0157908206036196236 0.0123993906627294058
0.0161821449850723907 0.0130214258158611353
0.0165828005480911193 0.0136740547755649419
0.0169930097959328126 0.0143587665782265606
0.0174130005374740354 0.0150771223104426196
0.017843006013724079 0.0158307585796976305
0.0182832650273549308 0.0166213911512925819
0.0187340220753198297 0.0174508187594081578
0.019195527484634177 0.0183209271005552211
0.019668037551394086 0.0192336930180463349
0.0201518146831099615 0.02019118888652063
0.020647127544433954 0.0211955872059796657
0.0211542512063623393 0.0222491654152173236
0.0216734672989956009 0.0233543109349845165
0.0222050641679412061 0.0245135264517051289
0.0227493370344456942 0.0257294354530489822
0.0233065881593452623 0.0270047880271936276
0.023877127010925616 0.0283424669381419636
0.0244612704367846469 0.0297454939900113832
0.0250593428397930737 0.0312170366938037888
0.0256716763582509125 0.0327604152507668528
0.0262986110503397943 0.0343791098670946441
0.0269404950829736402 0.0360767684153919452
0.0275976849251524034 0.0378572144589729778
0.0282705455459264336 0.0397244556558013842
0.0289594506170813247 0.0416826925596077771
0.0296647827206556781 0.0437363278364902713
0.0303869335614074185 0.0458899759161444237
0.0311263041843461326 0.0481484730976232678
0.0318833051974526521 0.0505168881304262907
0.0326583569997093079 0.0530005332925899131
0.0334518900145677478 0.0556049759883753547
0.0342643449289836075 0.0583360508891710358
0.0350961729381513085 0.0611998726420912367
0.0359478359960741303 0.0642028491718311667
0.0368198070721097379 0.0673516956023627045
0.0377125704136324832 0.070653448826157636
0.0386266218149593429 0.0741154827498260449
0.0395624688926883572 0.0777455242460074192
0.0405206313676023111 0.0815516698426444892
0.041501641353294684 0.0855424031818988462
0.0425060436516780035 0.0897266132823280049
0.0435343960555382159 0.0941136136391978462
0.0445872696583040698 0.0987131621988744795
0.045665249171202453 0.103535482244705157
0.0467689332479766864 0.10859128423297966
0.0478989348173477908 0.113891788619265383
0.0490558814234029958 0.119448749716426411
0.0502404155741011729 0.125274480626936413
0.0514531950980884681 0.131381879293562348
0.052694893510021816 0.137784455713725801
0.0539662003846042987 0.144496360364812615
0.0552678217395387375 0.15153241388807201
0.0566004804276133144 0.158908138080443906
0.057964916538136603 0.166639788244655696
0.059361887807944283 0.174744386949567121
0.0607921700422071817 0.183239759253955609
0.0622565575452727338 0.19214456944688732
0.0637558635617804792 0.201478359359457321
0.0652909207282959397 0.211261588302866343
0.0668625815357133946 0.22151567469009914
0.0684717188026850859 0.232263039396980092
0.0701192261603394845 0.243527150918913193
0.0718060185485571295 0.25533257237951934
0.0735330327240810849 0.267705010447633895
0.0753012277807425384 0.280671366219610752
0.0771115856820917545 0.294259788119534293
0.0789651118067297292 0.308499726870431479
0.0808628355066428467 0.323421992586126028
0.0828058106788515519 0.339058814034946476
0.0847951163506901473 0.355443900118840694
0.0868318572790420101 0.372612503607789081
0.088917164563864573 0.390601487164700389
0.0910521962763429643 0.409449391691789455
0.0932381381020226663 0.42919650702517953
0.0954762039992778783 0.44988494498837367
0.0977676368734803486 0.471558714810615898
0.100113709267244527 0.494263800901946659
0.102515724067131928 0.518048242974688655
0.104975015227205828 0.542962218473666769
0.107492948509840716 0.56905812726355387
0.110070922244195041 0.596390678500897109
0.112710368102770728 0.62501697960419178
0.115412751896489904 0.65499662721035834
0.118179574388729475 0.686391799962207783
0.121012372128767309 0.719267352948867122
0.123912718305102046 0.753690913579453947
0.126882223619119466 0.789732978653512108
0.129922537179593123 0.827467012307581018
0.13303534741851275 0.866969544480044263
0.136222383028751864 0.908320269466527663
0.139485413924094304 0.951602144104559122
0.142826252222151368 0.996901485023803713
0.146246753250718647 1.0443080643001259
0.149748816578127719 1.09391520276586385
0.153334387068167932 1.14581986013331072
0.157005455960163021 1.20012272099950779
0.160764061974800948 1.25692827558568543
0.164612292446333852 1.31634489396042209
0.168552284481775172 1.37848489230178273
0.17258622614773686 1.44346458967030244
0.176716357685568842 1.51140435342234647
0.180944972755471473 1.5824286312027287
0.185274419710275529 1.65666596716985604
0.189707102899595775 1.7342489999342714
0.194245484005080599 1.81531443929856717
0.198892083407502446 1.90000301844914232
0.203649481586446773 1.98845941790710024
0.208520320553374772 2.08083215714137371
0.213507305318860807 2.17727344939914147
0.218613205394813076 2.27793901444671532
0.223840856332516963 2.38298784349839776
0.229193161297353537 2.49258190986170236
0.234673092681065149 2.6068858185109649
0.240283693752467858 2.72606638648185395
0.24602808034752538 2.85029214528455421
0.25190944259972059 2.97973275547560412
0.257931046711691481 3.11455832298279178
0.264096236769108927 3.25493860528209966
0.270408436597808166 3.40104209406787916
0.276871151665204429 3.5530349598837998
0.283487971027045593 3.71107984301376836
0.29026256932058897 3.87533447373211093
0.297198708805301803 4.04595010227173901
0.304300241452225229 4.22306971778620177
0.311571111083159713 4.40682603354520186
0.319015355560856473 4.59733921511477295
0.326637109031437389 4.79471432424054989
0.334440604220285598 4.99903845010410386
0.342430174782679064 5.21037749721098642
0.350610257710479267 5.42877259935683476
0.358985395796203866 5.65423612524852803
0.367560240155858198 5.88674723985158366
0.376339552811924161 6.12624698449164207
0.385328209337937544 6.37263283969333649
0.394531201566129364 6.62575273414224508
0.403953640359630328 6.88539846142901535
0.413600758450776373 7.15129846980014872
0.423477913347098611 7.42310999370310221
0.433590590306601797 7.70041050328890186
0.443944405383992158 7.98268844961320312
0.454545108549543664 8.26933329660691463
0.465398586882329712 8.55962484360106224
0.476510867839601671 8.85272186392714744
0.487888122604126728 9.14765010076770402
0.49953666951133846 9.44328969313118272
0.511462977558215237 9.73836214133449118
0.523673669995821434 10.0314169684149181
0.536175528007517999 10.320818283411576
0.548975494474880366 10.6047315203774097
0.562080677833410092 10.8811107108148271
0.575498356020194501 11.147686742640122
0.589235980515690261 11.4019571652440952
0.603301180481889854 11.6411782407655338
0.617701766999163016 11.8623601000391865
0.6324457374041208 12.0622660441036178
0.647541279730922348 12.2374172051349106
0.662996777258484493 12.3841040423808657
0.678820813166114756 12.4984063921179942
0.695022175300167411 12.5762240815080197
0.7116098610543522 12.6133203094433917
0.728593082366420286 12.6053803541731551
0.745981270833997012 12.5480884195501723
0.763784082952397303 12.4372256742167142
0.782011405477341826 12.2687925029844926
0.800673360915550303 12.0391580228434663
0.819780313146248663 11.7452397279233089
0.83934287317673506 11.384715479831927
0.859371905035176353 10.956268766296148
0.879878531803925723 10.459866179437995
0.900874141796706662 9.89706354034683145
0.922370394883085698 9.27133257841823166
0.944379228963758921 8.58839375628111412
0.966912866600243892 7.85653154679666077
0.989983821802648989 7.08685681713143989
1.01360490697930983 6.29346333350386633
1.03778924005212847 5.49340165191144347
1.06255025174158768 4.70636146318983695
1.08790169302547657 3.95391118292522892
1.11385764277546384 3.25808521716543176
1.14043251557577241 2.63903088511635531
1.16764106972829285 2.11132665079959736
1.19549841544856994 1.67843326074428223
1.22402002325723802 1.32834316539858488
1.25322173257153668 1.04656810142533052
1.28311976050170151 0.820823123029453372
1.3137307108571068 0.640820893417152759
1.34507158336715049 0.497975176386800167
1.37715978312202814 0.385159160072534923
1.41001313023860653 0.296490260082153456
1.44364986975679277 0.227139473473557063
1.47808868177188435 0.173164549015599217
1.51334869180851439 0.131364940081047626
1.5494494814419788 0.0991566502254039583
1.58641109917282419 0.0744648384006260655
1.62425407156073853 0.0556326598878182227
1.66299941462393996 0.041344383174061243
1.70266864551037433 0.030560986943815132
1.74328379444722192 0.0224664917418199959
1.78486741697534423 0.0164236409524486648
1.82744260647545032 0.0119375588886842399
1.87103300699296327 0.00862612909844816429
1.91566282636869012 0.00619598239968453552
1.96135684968260815 0.004423176063124209
2.00814045301819233 0.00313776771862944379
2.05603961755498155 0.00221156548188557569
2.10508094399717427 0.0015484572209197515
2.15529166734626898 0.00107682310470704791
2.20669967202598505 0.000743631867440424526
2.25933350736779737 0.000509871335747007302
2.31322240346576313 0.000347033679707945211
2.36839628740939467 0.000234427464638192149
2.42488579990360664 0.000157139746039693877
2.48272231228496576 0.000104500054279991938
2.54193794394371464 6.8930404265117129e-05
2.60256558016118822 4.50897232677393686e-05
2.66463889037259971 2.92429889869155273e-05
2.72819234686529599 1.87994218949864596e-05
2.79326124392286168 1.19769056805885938e-05
2.85988171742575181 7.55994888717796355e-06
2.92809076491924847 4.72672422696755006e-06
2.9979262661599928 2.92656917742509657e-06
3.06942700415242786 1.79392453298063221e-06
3.14263268668685303 1.08840058376930553e-06
3.21758396839109073 6.53440211570428652e-07
3.29432247330791617 3.88105205068258649e-07
3.37289081801090918 2.27989620506229125e-07
3.4533326352714746 1.32434622397739712e-07
3.53569259829021076 7.60509331555510816e-08
3.62001644550610102 4.31631102932021647e-08
3.70635100599723177 2.42050860451485716e-08
3.79474422548724588 1.34080048211823997e-08
3.88524519297190229 7.33426817512392611e-09
3.97790416798054647 3.96047279565458257e-09
4.07277260848763234 2.11051900900503883e-09
4.16990319948983412 1.10952787862527551e-09
4.2693498822645104 5.75237829636960171e-10
4.37116788432590742 2.94010459699180191e-10
4.47541375009564746 1.48088575000498933e-10
4.58214537230454422 7.34786043004276524e-11
4.69142202414325116 3.59021979973160403e-11
4.80330439217945759 1.72676528616697408e-11
4.91785461006008262 8.17180565621776925e-12
5.03513629301706267 3.8035750828186071e-12
5.1552145731959369 1.74052846206409458e-12
5.27815613582688314 7.8271324629469227e-13
5.40402925625817421 3.4574882575311558e-13
5.53290383787278817 1.499516946014382e-13
5.6648514509091088 6.38245286618103427e-14
5.79994537220729267 2.66487743497722181e-14
5.93826062590346204 1.09096730101149511e-14
6.07987402509414476 4.37691749207493432e-15
6.22486421449431049 1.72006868554742135e-15
6.37331171411254616 6.6182895119929847e-16
6.52529896396768017 2.4919978196898166e-16
6.68091036987166476 9.17713848759919358e-17
6.84023235030422683 3.30369611403716317e-17
7.0033533844051199 1.16203899642272692e-17
7.17036406111088365 3.99147726799880664e-18
7.34135712946321739 1.33803747636380647e-18
7.51642755011695307 4.37484949058741387e-19
7.69567254807632573 1.39445095189100927e-19
7.87919166668859727 4.33049471044881955e-20
8.06708682292530632 1.30937875824329236e-20
8.25946236398164046 3.85191822790714714e-21
8.45642512522542411 1.10188751450406143e-21
8.6580844895279867 3.0632844367785787e-22
8.86455244800962383 8.26981572311418046e-23
9.07594366223370663 2.16615446747215938e-23
9.29237552788372945 5.50192613369086646e-24
9.51396823995876595 1.35428292023424329e-24
9.74084485952350043 3.22784873766966191e-25
9.97313138205001337 7.44192853642498795e-26
10.2109568073890085 1.65853955267571276e-26
10.4544532114096853 3.57100272828172275e-27
10.7037558193477924 7.42158870304660002e-28
10.9590030809026651 1.48708057220360025e-28
11.2203367471250619 2.87024363083244835e-29
11.487901949138223 5.33391487661449313e-30
11.7618472787362016 9.53516197265962241e-31
12.0423248709040127 1.6375121428307755e-31
12.3294904883054617 2.69828550135817484e-32
12.6235036077857146 4.26478815373089257e-33
12.9245275089363076 6.46021495170670977e-34
13.2327293647722257 9.3644426829092053e-35
13.5482803345710803 1.29686241706682094e-35
13.8713556589260438 1.71547117630206331e-36
14.2021347570654477 2.16601857695200319e-37
14.5408013264927547 2.60619051049144004e-38
14.8875434450026827 2.98177195779882197e-39
15.2425536751298125 3.24299459493120628e-40
15.6060291710877941 3.3520235834650612e-41
15.9781717882585159 3.28682765366748528e-42
16.359188195292198 3.04891436854447859e-43
16.7492899888802391 2.67378710747672805e-44
17.1486938112651153 2.21781209532184816e-45
17.5576214705521991 1.73677071654241028e-46
17.9763000638904025 1.27957722535773328e-47
18.4049621035902433 8.8560119208811103e-49
18.8438456462488979 5.76683165454144904e-50
19.293194424954585 0
19.7532579846432021 0
20.2242918206825735 0
20.7065575207614216 0
21.2003229101613542 0
21.7058622004932396 0
22.2234561419800123 0
22.753392179370767 0
23.2959646115725647 0
23.8514747550889048 0
24.4202311113549939 0
25.0025495380635441 0
25.5987534245756798 0
26.2091738715145048 0
26.834149874641362 0
27.4740285131161528 0
28.1291651422472491 0
28.7999235908372881 0
29.4866763632347038 0
30.18980484620349 0
30.9096995207252476 0
31.6467601788522011 0
32.4013961457308852 0
33.174026506919958 0
33.9650803411287612 0
34.7749969585049428 0
35.6042261446047306 0
36.4532284101803512 0
37.3224752469237302 0
38.2124493893084178 0
39.1236450826754449 0
40.0565683577110789 0
41.0117373114702204 0
41.9896823951004734 0
42.9909467084270389 0
44.0160863015624315 0
45.065670483707315 0
46.1402821393155165 0
47.2405180517976717 0
48.3669892349435457 0
49.5203212722477417 0
50.7011546643256423 0
51.9101451846144712 0
53.1479642435557338 0
54.415299261461449 0
55.7128540502721137 0
57.0413492044166048 0
58.4015225009932237 0
59.7941293094926536 0
61.2199430112908303 0
62.6797554291447057 0
64.1743772669297243 0
65.7046385598620475 0
67.2713891354572695 0
68.875499085480385 0
70.517859249149339 0
72.1993817078612352 0
73.9210002917142219 0
75.6836710981085901 0
77.4883730227134748 0
79.336108303094349 0
