0 2.99440824132841277
1.47901783424533632e-05 2.99440824059334876
2.99330304411241693e-05 2.99440823831760738
4.54369658483143622e-05 2.99440823439095238
6.13105946432112388e-05 2.99440822869696488
7.75627322134774861e-05 2.99440822111273208
9.42024041508594839e-05 2.99440821150851288
0.00011123885126353035 2.99440819974738481
0.000128681534707955359 2.99440818568487721
0.000146540141243125123 2.9944081691685871
0.000164824588610077718 2.99440815003776795
0.000183545031039696602 2.99440812812290869
0.000202711864891841933 2.99440810324528295
0.000222335734428947906 2.99440807521648233
0.000242427537727292437 2.99440804383792258
0.000262998432729221886 2.99440800890032444
0.000284059843439691487 2.99440797018317761
0.000305623466270564189 2.99440792745416617
0.000327701276536188112 2.99440788046856987
0.00035030553510386435 2.99440782896864377
0.000373448795202894058 2.99440777268295522
0.000397143909395989315 2.99440771132569283
0.000421404036716917869 2.99440764459594666
0.000446242649978345791 2.99440757217694742
0.000471673543253936609 2.9944074937352636
0.000497710839538862641 2.9944074089199737
0.000524368998592981733 2.9944073173617789
0.000551662824971035025 2.99440721867209003
0.000579607476244327607 2.99440711244205815
0.000608218471418454183 2.99440699824156198
0.000637511699551747803 2.99440687561813945
0.000667503428579235966 2.99440674409588237
0.000698210314347006539 2.99440660317425555
0.000729649409861996847 2.99440645232687697
0.000761838174762346988 2.99440629100022271
0.000794794485013575235 2.99440611861228367
0.000828536642835958886 2.99440593455114046
0.000863083386868634841 2.99440573817348454
0.000898453902576065873 2.99440552880305288
0.000934667832902648789 2.99440530572899455
0.00097174528918138423 2.99440506820415564
0.00100970686230266522 2.99440481544327763
0.00104857363414938504 2.99440454662111222
0.00108836718930472058 2.99440426087044109
0.00112910962703908439 2.99440395727999498
0.00117082357358291238 2.99440363489228156
0.00121353219469209276 2.99440329270129979
0.00125725920851302406 2.99440292965013999
0.00130202889875443697 2.99440254462847522
0.00134786612817330647 2.99440213646992603
0.00139479635238232971 2.99440170394928984
0.00144284563398665343 2.99440124577965383
0.00149204065705768434 2.99440076060934235
0.00154240874195203854 2.99440024701873764
0.00159397786048384206 2.99439970351693363
0.00164677665145882652 2.99439912853822676
0.00170083443657882629 2.99439852043843846
0.00175618123672553164 2.99439787749106623
0.00181284778863251956 2.99439719788323222
0.00187086556195484245 2.99439647971144085
0.0019302667767456302 2.99439572097713835
0.00199108442134944032 2.99439491958204318
0.00205335227072225845 2.99439407332325924
0.00211710490518836249 2.99439317988814135
0.00218237772964442571 2.99439223684892442
0.00224920699322156198 2.99439124165708082
0.00231762980941620494 2.9943901916374065
0.00238768417670101162 2.99438908398181791
0.00245940899962723879 2.99438791574285501
0.00253284411043030793 2.99438668382686002
0.00260803029115055538 2.99438538498682449
0.00268500929628145459 2.99438401581489932
0.00276382387595789465 2.99438257273453035
0.00284451779969737339 2.99438105199221472
0.00292713588070731999 2.99437944964886116
0.00301172400077200997 2.99437776157072566
0.00309832913573292743 2.99437598341991018
0.00318699938157670105 2.99437411064440173
0.00327778398114511507 2.99437213846762207
0.00337073335148201786 2.9943700618774769
0.00346589911183233217 2.99436787561487217
0.00356333411230868886 2.99436557416166949
0.00366309246324164053 2.99436315172806378
0.00376522956522971604 2.99436060223934319
0.00386980213990603585 2.99435791932201267
0.00397686826143855456 2.99435509628923802
0.00408648738878142955 2.99435212612559054
0.00419872039869543818 2.99434900147105054
0.00431362961955575764 2.99434571460423093
0.00443127886596590692 2.99434225742479887
0.0045517334741970502 2.99433862143503227
0.00467506033847237077 2.99433479772049527
0.00480132794811664008 2.99433077692976601
0.00493060642559162935 2.99432654925319053
0.00506296756543846149 2.99432210440061342
0.00519848487414858833 2.99431743157800856
0.00533723361098545346 2.99431251946300092
0.00547929082977957876 2.99430735617919375
0.00562473542172025991 2.99430192926925143
0.00577364815916760893 2.99429622566668296
0.00592611174050934435 2.99429023166625985
0.00608221083608716066 2.99428393289299333
0.0062420321352182357 2.99427731426962973
0.00640566439433796 2.99427035998255509
0.00657319848629065763 2.99426305344605259
0.00674472745079562463 2.99425537726484281
0.00692034654611655906 2.99424731319479376
0.00710015330196302717 2.99423884210175162
0.0072842475736534136 2.99422994391835884
0.0074727315975693584 2.99422059759880055
0.00766571004793252606 2.99421078107135141
0.00786329009493521441 2.99420047118863852
0.00806558146425712455 2.99418964367548934
0.00827269649800128036 2.9941782730742621
0.00848475021708299144 2.99416633268753651
0.00870186038510647845 2.99415379451803165
0.00892414757376467152 2.99414062920562341
0.00915173522979843834 2.99412680596130576
0.00938474974355249861 2.99411229249798128
0.00962332051916601518 2.99409705495788803
0.00986758004643696618 2.99408105783653156
0.0101176639744000492 2.99406426390294245
0.0103737111866591212 2.99404663411607252
0.010635863878515903 2.99402812753716097
0.0109042676359378844 2.99400870123786689
0.0111790715164091729 2.99398831020395928
0.0114604281317092806 2.9939669072343702
0.0117484937326657411 2.99394444283535943
0.0120434282959277338 2.99392086510957389
0.012345395612808752 2.99389611963975666
0.0126545633802478061 2.99387014936683693
0.0129711032939395666 2.99384289446214202
0.0132951911436852109 2.9938142921934352
0.0136270069110169569 2.99378427678449421
0.0139667348691504302 2.99375277926791883
0.014314563685320433 2.99371972733082625
0.0146706865255568728 2.99368504515311873
0.01503530116195919 2.99364865323793694
0.0154086100825286381 2.99361046823394394
0.0157908206036196236 2.9935704027490444
0.0161821449850723907 2.993528365155115
0.0165828005480911193 2.99348425938332507
0.0169930097959328126 2.99343798470959799
0.0174130005374740354 2.9933894355297288
0.017843006013724079 2.99333850112366262
0.0182832650273549308 2.99328506540843042
0.0187340220753198297 2.99322900667917358
0.019195527484634177 2.99317019733770184
0.019668037551394086 2.99310850360798231
0.0201518146831099615 2.99304378523792947
0.020647127544433954 2.99297589518684681
0.0211542512063623393 2.99290467929782134
0.0216734672989956009 2.99282997595437328
0.0222050641679412061 2.99275161572056803
0.0227493370344456942 2.99266942096383604
0.0233065881593452623 2.9925832054596655
0.023877127010925616 2.99249277397727775
0.0244612704367846469 2.99239792184540887
0.0250593428397930737 2.99229843449722033
0.0256716763582509125 2.99219408699337253
0.0262986110503397943 2.99208464352217129
0.0269404950829736402 2.99196985687575756
0.0275976849251524034 2.99184946790113582
0.0282705455459264336 2.9917232049248943
0.0289594506170813247 2.99159078315032767
0.0296647827206556781 2.99145190402566774
0.0303869335614074185 2.99130625458205346
0.0311263041843461326 2.99115350673978764
0.0318833051974526521 2.99099331658138246
0.0326583569997093079 2.990825323589831
0.0334518900145677478 2.99064914985043862
0.0342643449289836075 2.99046439921450302
0.0350961729381513085 2.99027065642303347
0.0359478359960741303 2.99006748618862472
0.0368198070721097379 2.98985443223351499
0.0377125704136324832 2.98963101628175787
0.0386266218149593429 2.98939673700335273
0.0395624688926883572 2.98915106890807092
0.0405206313676023111 2.98889346118662935
0.041501641353294684 2.98862333649672829
0.0425060436516780035 2.98834008969138987
0.0435343960555382159 2.98804308648688188
0.0445872696583040698 2.98773166206743213
0.045665249171202453 2.98740511962376631
0.0467689332479766864 2.98706272882242407
0.0478989348173477908 2.98670372420260977
0.0490558814234029958 2.98632730349724662
0.0502404155741011729 2.98593262587472541
0.0514531950980884681 2.98551881009769327
0.052694893510021816 2.98508493259507546
0.0539662003846042987 2.98463002544334888
0.0552678217395387375 2.98415307425289722
0.0566004804276133144 2.98365301595515708
0.057964916538136603 2.98312873648602128
0.059361887807944283 2.98257906836080489
0.0607921700422071817 2.98200278813586017
0.0622565575452727338 2.98139861375176318
0.0637558635617804792 2.98076520175274151
0.0652909207282959397 2.98010114437685614
0.0668625815357133946 2.97940496651111575
0.0684717188026850859 2.97867512250560784
0.0701192261603394845 2.97790999284040581
0.0718060185485571295 2.97710788063881093
0.0735330327240810849 2.97626700802023558
0.0753012277807425384 2.9753855122857189
0.0771115856820917545 2.97446144192891149
0.0789651118067297292 2.97349275246505895
0.0808628355066428467 2.97247730207024263
0.0828058106788515519 2.97141284702281361
0.0847951163506901473 2.9702970369387689
0.0868318572790420101 2.96912740979251266
0.088917164563864573 2.96790138671419168
0.0910521962763429643 2.9666162665544733
0.0932381381020226663 2.96526922020728811
0.0954762039992778783 2.96385728468099163
0.0977676368734803486 2.96237735690799164
0.100113709267244527 2.96082618728272573
0.102515724067131928 2.95920037291735882
0.104975015227205828 2.95749635060464833
0.107492948509840716 2.9557103894770913
0.110070922244195041 2.95383858335131277
0.112710368102770728 2.95187684274630824
0.115412751896489904 2.94982088656395636
0.118179574388729475 2.94766623342045886
0.121012372128767309 2.9454081926170077
0.123912718305102046 2.94304185473805013
0.126882223619119466 2.940562081865012
0.129922537179593123 2.93796349739415774
0.13303534741851275 2.93524047544701139
0.136222383028751864 2.93238712986220484
0.139485413924094304 2.92939730275716181
0.142826252222151368 2.92626455264898588
0.146246753250718647 2.9229821421245914
0.149748816578127719 2.91954302505054564
0.153334387068167932 2.91593983331355577
0.157005455960163021 2.9121648630828969
0.160764061974800948 2.90821006058861986
0.164612292446333852 2.90406700740975676
0.168552284481775172 2.89972690526867938
0.17258622614773686 2.89518056032760462
0.176716357685568842 2.8904183669876522
0.180944972755471473 2.88543029119239725
0.185274419710275529 2.88020585324088296
0.189707102899595775 2.87473411011602309
0.194245484005080599 2.86900363733909769
0.198892083407502446 2.86300251036632014
0.203649481586446773 2.85671828554688734
0.208520320553374772 2.85013798066634472
0.213507305318860807 2.8432480551024697
0.218613205394813076 2.83603438963274579
0.223840856332516963 2.82848226593660002
0.229193161297353537 2.82057634584507522
0.234673092681065149 2.81230065039314914
0.240283693752467858 2.80363853874865354
0.24602808034752538 2.7945726871001404
0.25190944259972059 2.78508506760027297
0.257931046711691481 2.77515692746761511
0.264096236769108927 2.76476876837141861
0.270408436597808166 2.75390032624505032
0.276871151665204429 2.74253055169063709
0.283487971027045593 2.73063759115527649
0.29026256932058897 2.71819876907837177
0.297198708805301803 2.70519057125352003
0.304300241452225229 2.69158862966814949
0.311571111083159713 2.6773677091206376
0.319015355560856473 2.66250169593016262
0.326637109031437389 2.64696358912708352
0.334440604220285598 2.63072549454272675
0.342430174782679064 2.61375862227487588
0.350610257710479267 2.59603328802875133
0.358985395796203866 2.57751891892655349
0.367560240155858198 2.55818406444628366
0.376339552811924161 2.53799641322400449
0.385328209337937544 2.51692281650963245
0.394531201566129364 2.4949293191628561
0.403953640359630328 2.4719811992174896
0.413600758450776373 2.44804301712823769
0.423477913347098611 2.42307867593320569
0.433590590306601797 2.39705149365014858
0.443944405383992158 2.36992428947762601
0.454545108549543664 2.34165948548284986
0.465398586882329712 2.3122192256653924
0.476510867839601671 2.2815655143715361
0.487888122604126728 2.24966037640720895
0.49953666951133846 2.21646604139213643
0.511462977558215237 2.18194515519352361
0.523673669995821434 2.14606102143171862
0.536175528007517999 2.10877787649896176
0.548975494474880366 2.07006120193696441
0.562080677833410092 2.02987807838491685
0.575498356020194501 1.98819758564462257
0.589235980515690261 1.94499125386353255
0.603301180481889854 1.90023357161955042
0.617701766999163016 1.85390255712557961
0.6324457374041208 1.80598039942552635
0.647541279730922348 1.75645417686370764
0.662996777258484493 1.70531666143086125
0.678820813166114756 1.65256721817899388
0.695022175300167411 1.59821280997090254
0.7116098610543522 1.54226911828922675
0.728593082366420286 1.48476179270629727
0.745981270833997012 1.42572784267072539
0.763784082952397303 1.36521718675957437
0.782011405477341826 1.30329437538038251
0.800673360915550303 1.24004050514087849
0.819780313146248663 1.17555534522741589
0.83934287317673506 1.10995969797822247
0.859371905035176353 1.04339801758130202
0.879878531803925723 0.976041313109724751
0.900874141796706662 0.908090366104479685
0.922370394883085698 0.83977929512783156
0.944379228963758921 0.771379503022517787
0.966912866600243892 0.703204044726458144
0.989983821802648989 0.63561246015387407
1.01360490697930983 0.569016119658091402
1.03778924005212847 0.503884134995839617
1.06255025174158768 0.440749891069876276
1.08790169302547657 0.380218263229378128
1.11385764277546384 0.322973590164236046
1.14043251557577241 0.26978848000145883
1.16764106972829285 0.221533531096041791
1.19549841544856994 0.179188065954652476
1.22402002325723802 0.143715421694905365
1.25322173257153668 0.114754905530562182
1.28311976050170151 0.0912254553533208556
1.3137307108571068 0.0721952370878052863
1.34507158336715049 0.0568745142423364367
1.37715978312202814 0.0445974952024272564
1.41001313023860653 0.0348058236742678426
1.44364986975679277 0.0270336648733391673
1.47808868177188435 0.0208944064938522689
1.51334869180851439 0.0160688730607144725
1.5494494814419788 0.0122949582855610591
1.58641109917282419 0.00935854904937745598
1.62425407156073853 0.00708566755913717615
1.66299941462393996 0.00533570949656075356
1.70266864551037433 0.00399566308278160275
1.74328379444722192 0.00297518947724369816
1.78486741697534423 0.00220247376392859219
1.82744260647545032 0.00162074972621971077
1.87103300699296327 0.00118540563394797186
1.91566282636869012 0.000861586154947813492
1.96135684968260815 0.000622219755799176418
2.00814045301819233 0.000446408745838605475
2.05603961755498155 0.000318122265418605986
2.10508094399717427 0.000225141375787536307
2.15529166734626898 0.000158212910664247349
2.20669967202598505 0.000110376659617244561
2.25933350736779737 7.64333203874646645e-05
2.31322240346576313 5.25265359336459913e-05
2.36839628740939467 3.58165524712442533e-05
2.42488579990360664 2.42277863051892476e-05
2.48272231228496576 1.62548154550557217e-05
2.54193794394371464 1.08143624632196577e-05
2.60256558016118822 7.13313855116485307e-06
2.66463889037259971 4.66368017035103733e-06
2.72819234686529599 3.02169026990918904e-06
2.79326124392286168 1.93976020900327888e-06
2.85988171742575181 1.23346360483103295e-06
2.92809076491924847 7.76758958135208065e-07
2.9979262661599928 4.84314592265296392e-07
3.06942700415242786 2.98916634280193203e-07
3.14263268668685303 1.82580922833019284e-07
3.21758396839109073 1.10342688744846724e-07
3.29432247330791617 6.59647237306108989e-08
3.37289081801090918 3.89990774444915559e-08
3.4533326352714746 2.27963452869691594e-08
3.53569259829021076 1.31714332107987867e-08
3.62001644550610102 7.52036722011296121e-09
3.70635100599723177 4.24187333938427523e-09
3.79474422548724588 2.36299373440119456e-09
3.88524519297190229 1.29963957293102477e-09
3.97790416798054647 7.05506356112718886e-10
4.07277260848763234 3.77878225316756713e-10
4.16990319948983412 1.99632783644021626e-10
4.2693498822645104 1.0399108064489783e-10
4.37116788432590742 5.33939762827628426e-11
4.47541375009564746 2.70121830909188904e-11
4.58214537230454422 1.34597620420521817e-11
4.69142202414325116 6.60339701412037998e-12
4.80330439217945759 3.18847714869714543e-12
4.91785461006008262 1.51463531379693884e-12
5.03513629301706267 7.07557168400880251e-13
5.1552145731959369 3.24917260015928383e-13
5.27815613582688314 1.46609721601113738e-13
5.40402925625817421 6.49740181805077793e-14
5.53290383787278817 2.82685912677789955e-14
5.6648514509091088 1.20690484317803063e-14
5.79994537220729267 5.05426513309258253e-15
5.93826062590346204 2.07517335961510366e-15
6.07987402509414476 8.34916035372998374e-16
6.22486421449431049 3.29021666267350863e-16
6.37331171411254616 1.2694136914065834e-16
6.52529896396768017 4.79247565421974361e-17
6.68091036987166476 1.7695054310160237e-17
6.84023235030422683 6.38638695825722525e-18
7.0033533844051199 2.25198040638709734e-18
7.17036406111088365 7.75433704219377018e-19
7.34135712946321739 2.60570282790482463e-19
7.51642755011695307 8.53971945656226015e-20
7.69567254807632573 2.72825643275492901e-20
7.87919166668859727 8.49176735028777288e-21
8.06708682292530632 2.57324792619544652e-21
8.25946236398164046 7.58617821527716417e-22
8.45642512522542411 2.1746629790215095e-22
8.6580844895279867 6.05796918044293359e-23
8.86455244800962383 1.63869082724585554e-23
9.07594366223370663 4.30060088393876611e-24
9.29237552788372945 1.09438455781066735e-24
9.51396823995876595 2.69871609008376339e-25
9.74084485952350043 6.44364307167198452e-26
9.97313138205001337 1.48817280182707833e-26
10.2109568073890085 3.32217694269514661e-27
10.4544532114096853 7.16466681376317665e-28
10.7037558193477924 1.49139425646820673e-28
10.9590030809026651 2.99296891594503753e-29
11.2203367471250619 5.785511580515852e-30
11.487901949138223 1.07673245075183161e-30
11.7618472787362016 1.92758261819983246e-31
12.0423248709040127 3.3149343531279486e-32
12.3294904883054617 5.46983610156857475e-33
12.6235036077857146 8.65698599055188268e-34
12.9245275089363076 1.31306655658760302e-34
13.2327293647722257 1.90581876619356697e-35
13.5482803345710803 2.6426776423041849e-36
13.8713556589260438 3.500054829325241e-37
14.2021347570654477 4.42471969667692456e-38
14.5408013264927547 5.33033444930920633e-39
14.8875434450026827 6.10578783810654195e-40
15.2425536751298125 6.6485441386658373e-41
15.6060291710877941 6.88009832327517985e-42
15.9781717882585159 6.75410172213127573e-43
16.359188195292198 6.27239143750495636e-44
16.7492899888802391 5.50698023160869024e-45
17.1486938112651153 4.57306336083285692e-46
17.5576214705521991 3.58525736449130677e-47
17.9763000638904025 2.64448832458182392e-48
18.4049621035902433 1.83237149506395553e-49
18.8438456462488979 1.1945786283033549e-50
19.293194424954585 0
19.7532579846432021 0
20.2242918206825735 0
20.7065575207614216 0
21.2003229101613542 0
21.7058622004932396 0
22.2234561419800123 0
22.753392179370767 0
23.2959646115725647 0
23.8514747550889048 0
24.4202311113549939 0
25.0025495380635441 0
25.5987534245756798 0
26.2091738715145048 0
26.834149874641362 0
27.4740285131161528 0
28.1291651422472491 0
28.7999235908372881 0
29.4866763632347038 0
30.18980484620349 0
30.9096995207252476 0
31.6467601788522011 0
32.4013961457308852 0
33.174026506919958 0
33.9650803411287612 0
34.7749969585049428 0
35.6042261446047306 0
36.4532284101803512 0
37.3224752469237302 0
38.2124493893084178 0
39.1236450826754449 0
40.0565683577110789 0
41.0117373114702204 0
41.9896823951004734 0
42.9909467084270389 0
44.0160863015624315 0
45.065670483707315 0
46.1402821393155165 0
47.2405180517976717 0
48.3669892349435457 0
49.5203212722477417 0
50.7011546643256423 0
51.9101451846144712 0
53.1479642435557338 0
54.415299261461449 0
55.7128540502721137 0
57.0413492044166048 0
58.4015225009932237 0
59.7941293094926536 0
61.2199430112908303 0
62.6797554291447057 0
64.1743772669297243 0
65.7046385598620475 0
67.2713891354572695 0
68.875499085480385 0
70.517859249149339 0
72.1993817078612352 0
73.9210002917142219 0
75.6836710981085901 0
77.4883730227134748 0
79.336108303094349 0
