0.00000000000000000 1.00000000000000000 0.00000000000000000 0.00000000000000000
0.00001479017834245 0.99999999975176390 0.00001479017833878 0.00000000021874938
0.00002993303044112 0.99999999898323733 0.00002993303041069 0.00000000089598631
0.00004543696584831 0.99999999765719094 0.00004543696574186 0.00000000206451786
0.00006131059464321 0.99999999573431020 0.00006131059438168 0.00000000375898900
0.00007756273221348 0.99999999317308630 0.00007756273168396 0.00000000601597739
0.00009420240415086 0.99999998992970518 0.00009420240320221 0.00000000887409286
0.00011123885126353 0.99999998595792761 0.00011123884970151 0.00000001237408186
0.00012868153470796 0.99999998120896627 0.00012868153228990 0.00000001655893706
0.00014654014124313 0.99999997563135279 0.00014654013767214 0.00000002147401247
0.00016482458861008 0.99999996917080325 0.00016482458352867 0.00000002716714417
0.00018354503103970 0.99999996177007289 0.00018354502402278 0.00000003368877713
0.00020271186489184 0.99999995336880521 0.00020271185543915 0.00000004109209825
0.00022233573442895 0.99999994390337388 0.00022233572195666 0.00000004943317603
0.00024242753772729 0.99999993330671599 0.00024242752155900 0.00000005877110713
0.00026299843272922 0.99999992150815809 0.00026299841208599 0.00000006916817019
0.00028405984343969 0.99999990843323239 0.00028405981742925 0.00000008068998727
0.00030562346627056 0.99999989400348410 0.00030562343387554 0.00000009340569323
0.00032770127653619 0.99999987813627211 0.00032770123660129 0.00000010738811356
0.00035030553510386 0.99999986074455394 0.00035030548632191 0.00000012271395084
0.00037344879520289 0.99999984173666556 0.00037344873609964 0.00000013946398057
0.00039714390939599 0.99999982101608831 0.00039714383831362 0.00000015772325654
0.00042140403671692 0.99999979848120335 0.00042140395179608 0.00000017758132638
0.00044624264997835 0.99999977402503581 0.00044624254913868 0.00000019913245766
0.00047167354325394 0.99999974753498599 0.00047167342417287 0.00000022247587524
0.00049771083953886 0.99999971889254491 0.00049771069962864 0.00000024771601016
0.00052436899859298 0.99999968797300054 0.00052436883497570 0.00000027496276089
0.00055166282497104 0.99999965464512475 0.00055166263445159 0.00000030433176735
0.00057960747624433 0.99999961877084675 0.00057960725528106 0.00000033594469845
0.00060821847141845 0.99999958020491320 0.00060821821609133 0.00000036992955368
0.00063751169955175 0.99999953879452741 0.00063751140552786 0.00000040642097962
0.00066750342857924 0.99999949437897206 0.00066750309107547 0.00000044556060188
0.00069821031434701 0.99999944678921582 0.00069820992808953 0.00000048749737337
0.00072964940986200 0.99999939584749620 0.00072964896904248 0.00000053238793967
0.00076183817476235 0.99999934136688806 0.00076183767299050 0.00000058039702226
0.00079479448501358 0.99999928315084297 0.00079479391526582 0.00000063169782058
0.00082853664283596 0.99999922099271588 0.00082853599739988 0.00000068647243375
0.00086308338686863 0.99999915467525746 0.00086308265728289 0.00000074491230300
0.00089845390257607 0.99999908397009252 0.00089845307956542 0.00000080721867562
0.00093466783290265 0.99999900863716407 0.00093466690630770 0.00000087360309180
0.00097174528918138 0.99999892842415550 0.00097174424788261 0.00000094428789517
0.00100970686230267 0.99999884306588305 0.00100970569413835 0.00000101950676828
0.00104857363414939 0.99999875228365753 0.00104857232582693 0.00000109950529436
0.00108836718930472 0.99999865578461600 0.00108836572630480 0.00000118454154647
0.00112910962703908 0.99999855326102061 0.00112910799351217 0.00000127488670544
0.00117082357358291 0.99999844438952368 0.00117082175223750 0.00000137082570798
0.00121353219469209 0.99999832883039474 0.00121353016667397 0.00000147265792649
0.00125725920851302 0.99999820622671265 0.00125725695327504 0.00000158069788197
0.00130202889875444 0.99999807620351722 0.00130202639391582 0.00000169527599182
0.00134786612817331 0.99999793836691764 0.00134786334936791 0.00000181673935402
0.00139479635238233 0.99999779230316099 0.00139479327309483 0.00000194545256964
0.00144284563398665 0.99999763757765192 0.00144284222537588 0.00000208179860542
0.00149204065705768 0.99999747373392733 0.00149203688776599 0.00000222617969838
0.00154240874195204 0.99999730029257772 0.00154240457789971 0.00000237901830458
0.00159397786048384 0.99999711675012071 0.00159397326464737 0.00000254075809405
0.00164677665145883 0.99999692257781403 0.00164677158363182 0.00000271186499421
0.00170083443657883 0.99999671722041528 0.00170082885311426 0.00000289282828410
0.00175618123672553 0.99999650009488039 0.00175617509025783 0.00000308416174192
0.00181284778863252 0.99999627058899654 0.00181284102777803 0.00000328640484835
0.00187086556195484 0.99999602805994925 0.00187085813098899 0.00000350012404857
0.00193026677674563 0.99999577183282296 0.00193025861525500 0.00000372591407555
0.00199108442134944 0.99999550119902436 0.00199107546385690 0.00000396439933782
0.00205335227072226 0.99999521541463066 0.00205334244628303 0.00000421623537465
0.00211710490518836 0.99999491369865889 0.00211709413695484 0.00000448211038209
0.00218237772964443 0.99999459523124890 0.00218236593439747 0.00000476274681316
0.00224920699322156 0.99999425915175921 0.00224919408086555 0.00000505890305580
0.00231762980941620 0.99999390455676973 0.00231761568243527 0.00000537137519238
0.00238768417670101 0.99999353049798811 0.00238766872957343 0.00000570099884481
0.00245940899962724 0.99999313598005413 0.00245939211819481 0.00000604865110910
0.00253284411043031 0.99999271995823658 0.00253282567121940 0.00000641525258409
0.00260803029115056 0.99999228133601958 0.00260801016064109 0.00000680176949858
0.00268500929628145 0.99999181896257028 0.00268498733011990 0.00000720921594177
0.00276382387595789 0.99999133163008591 0.00276379991811016 0.00000763865620204
0.00284451779969737 0.99999081807100809 0.00284449168153692 0.00000809120721922
0.00292713588070732 0.99999027695510645 0.00292710742003374 0.00000856804115587
0.00301172400077201 0.99998970688641753 0.00301169300075479 0.00000907038809333
0.00309832913573293 0.99998910640003524 0.00309829538377476 0.00000959953885866
0.00318699938157670 0.99998847395874901 0.00318696264809036 0.00001015684798857
0.00327778398114512 0.99998780794951336 0.00327774401823733 0.00001074373683727
0.00337073335148202 0.99998710667975121 0.00337068989153744 0.00001136169683491
0.00346589911183233 0.99998636837347521 0.00346585186599007 0.00001201229290408
0.00356333411230869 0.99998559116722041 0.00356328276882333 0.00001269716704195
0.00366309246324164 0.99998477310578293 0.00366303668572020 0.00001341804207604
0.00376522956522972 0.99998391213774873 0.00376516899073513 0.00001417672560200
0.00386980213990604 0.99998300611080682 0.00386973637691727 0.00001497511411227
0.00397686826143855 0.99998205276683527 0.00397679688765660 0.00001581519732471
0.00408648738878143 0.99998104973674973 0.00408640994876964 0.00001669906272104
0.00419872039869544 0.99997999453510145 0.00419863640134188 0.00001762890030502
0.00431362961955576 0.99997888455441297 0.00431353853534424 0.00001860700759116
0.00443127886596591 0.99997771705924199 0.00443118012404145 0.00001963579483495
0.00455173347419705 0.99997648917995319 0.00455162645921044 0.00002071779051643
0.00467506033847237 0.99997519790619460 0.00467494438718731 0.00002185564708910
0.00480132794811664 0.99997384008005019 0.00480120234576186 0.00002305214700727
0.00493060642559163 0.99997241238886925 0.00493047040193892 0.00002431020904499
0.00506296756543846 0.99997091135774197 0.00506282029058619 0.00002563289492088
0.00519848487414859 0.99996933334161398 0.00519832545398883 0.00002702341624346
0.00533723361098545 0.99996767451701796 0.00533706108233119 0.00002848514179250
0.00547929082977958 0.99996593087340579 0.00547910415512665 0.00003002160515259
0.00562473542172026 0.99996409820406107 0.00562453348361694 0.00003163651271595
0.00577364815916761 0.99996217209657068 0.00577342975416261 0.00003333375207220
0.00592611174050934 0.99996014792283583 0.00592587557264698 0.00003511740080386
0.00608221083608716 0.99995802082860263 0.00608195550991600 0.00003699173570701
0.00624203213521824 0.99995578572248034 0.00624175614827712 0.00003896124245774
0.00640566439433796 0.99995343726443309 0.00640536612908064 0.00004103062574575
0.00657319848629066 0.99995096985371357 0.00657287620140730 0.00004320481989767
0.00674472745079562 0.99994837761621236 0.00674437927188662 0.00004548900001367
0.00692034654611656 0.99994565439119687 0.00691997045567038 0.00004788859364213
0.00710015330196303 0.99994279371740769 0.00709974712858679 0.00005040929301814
0.00728424757365341 0.99993978881848267 0.00728380898050054 0.00005305706789317
0.00747273159756936 0.99993663258767829 0.00747225806990505 0.00005583817898417
0.00766571004793253 0.99993331757184900 0.00766519887977303 0.00005875919207208
0.00786329009493521 0.99992983595465557 0.00786273837469244 0.00006182699278079
0.00806558146425712 0.99992617953896057 0.00806498605931488 0.00006504880206950
0.00827269649800128 0.99992233972837130 0.00827205403814414 0.00006843219247263
0.00848475021708299 0.99991830750789457 0.00848405707669287 0.00007198510512321
0.00870186038510648 0.99991407342365224 0.00870111266403573 0.00007571586759752
0.00892414757376467 0.99990962756162238 0.00892334107678799 0.00007963321262029
0.00915173522979844 0.99990495952534597 0.00915086544453829 0.00008374629767193
0.00938474974355250 0.99990005841256646 0.00938381181676546 0.00008806472554093
0.00962332051916602 0.99989491279073039 0.00962230923126875 0.00009259856586703
0.00986758004643697 0.99988951067131471 0.00986648978414189 0.00009735837772237
0.01011766397440005 0.99988383948290727 0.01011648870132101 0.00010235523328078
0.01037371118665912 0.99987788604299199 0.01037244441173726 0.00010760074262704
0.01063586387851590 0.99987163652836952 0.01063449862210467 0.00011310707976097
0.01090426763593788 0.99986507644415268 0.01090279639337453 0.00011888700985349
0.01117907151640917 0.99985819059126213 0.01117748621888719 0.00012495391781462
0.01146042813170928 0.99985096303235654 0.01145872010425263 0.00013132183823616
0.01174849373266574 0.99984337705611892 0.01174665364899116 0.00013800548677497
0.01204342829592773 0.99983541513981611 0.01204144612996551 0.00014502029304552
0.01234539561280875 0.99982705891005830 0.01234326058663571 0.00015238243509401
0.01265456338024781 0.99981828910166115 0.01265226390816790 0.00016010887552953
0.01297110329393957 0.99980908551452519 0.01296862692242816 0.00016821739939138
0.01329519114368521 0.99979942696843993 0.01329252448689235 0.00017672665383535
0.01362700691101696 0.99978929125570315 0.01362413558150221 0.00018565618972576
0.01396673486915043 0.99977865509146002 0.01396364340349822 0.00019502650522402
0.01431456368532043 0.99976749406165089 0.01431123546425872 0.00020485909146875
0.01467068652555687 0.99975578256844544 0.01466710368817446 0.00021517648044705
0.01503530116195919 0.99974349377305383 0.01503144451358714 0.00022600229516106
0.01540861008252864 0.99973059953577914 0.01540445899581941 0.00023736130219888
0.01579082060361962 0.99971707035318613 0.01578635291232334 0.00024927946682393
0.01618214498507239 0.99970287529224333 0.01617733686997282 0.00026178401070226
0.01658280054809112 0.99968798192129382 0.01657762641452454 0.00027490347239283
0.01699300979593281 0.99967235623770623 0.01698744214227058 0.00028866777073145
0.01741300053747404 0.99965596259204326 0.01740700981390437 0.00030310827124533
0.01784300601372408 0.99963876360858339 0.01783656047061966 0.00031825785574142
0.01828326502735493 0.99962072010201775 0.01827633055246057 0.00033415099521818
0.01873402207531983 0.99960179099014446 0.01872656201893861 0.00035082382625764
0.01919552748463418 0.99958193320236566 0.01918750247192978 0.00036831423106141
0.01966803755139409 0.99956110158378686 0.01965940528086276 0.00038666192130208
0.02015181468310996 0.99953924879470679 0.02014252971020587 0.00040590852596911
0.02064712754443395 0.99951632520528599 0.02063714104925747 0.00042609768339649
0.02115425120636234 0.99949227878515112 0.02114351074424063 0.00044727513766809
0.02167346729899560 0.99946705498770538 0.02166191653269947 0.00046948883960503
0.02220506416794121 0.99944059662888696 0.02219264258018988 0.00049278905254930
0.02274933703444569 0.99941284376010897 0.02273597961925253 0.00051722846316666
0.02330658815934526 0.99938373353511301 0.02329222509065173 0.00054286229750259
0.02387712701092562 0.99935320007043549 0.02386168328685674 0.00056974844253476
0.02446127043678465 0.99932117429919354 0.02444466549773778 0.00059794757347690
0.02505934283979307 0.99928758381786320 0.02504149015844029 0.00062752328709966
0.02567167635825091 0.99925235272573132 0.02565248299939576 0.00065854224134602
0.02629861105033979 0.99921540145665610 0.02627797719841773 0.00069107430153089
0.02694049508297364 0.99917664660278926 0.02691831353482453 0.00072519269342688
0.02759768492515240 0.99913600072986941 0.02757384054551978 0.00076097416355165
0.02827054554592643 0.99909337218368943 0.02824491468295222 0.00079849914698521
0.02895945061708132 0.99904866488732480 0.02893190047486551 0.00083785194306018
0.02966478272065568 0.99900177812868673 0.02963517068573616 0.00087912089928191
0.03038693356140742 0.99895260633793892 0.03035510647978573 0.00092239860385070
0.03112630418434613 0.99890103885430970 0.03109209758543860 0.00096778208717374
0.03188330519745265 0.99884695968179449 0.03184654246108234 0.00101537303277032
0.03265835699970931 0.99879024723323129 0.03261884846197079 0.00106527799799046
0.03345189001456775 0.99873077406220379 0.03340943200809295 0.00111760864498390
0.03426434492898361 0.99866840658220157 0.03421871875281100 0.00117248198237420
0.03509617293815131 0.99860300477244512 0.03504714375205127 0.00123002061811024
0.03594783599607413 0.99853442186974928 0.03589515163380844 0.00129035302398636
0.03681980707210974 0.99846250404578341 0.03676319676770133 0.00135361381234077
0.03771257041363248 0.99838709006904136 0.03765174343429036 0.00141994402546170
0.03862662181495934 0.99830801095081745 0.03856126599384151 0.00148949143825017
0.03956246889268836 0.99822508957445066 0.03949224905419026 0.00156241087470870
0.04052063136760231 0.99813814030705816 0.04044518763732641 0.00163886453884561
0.04150164135329468 0.99804696859295849 0.04142058734428793 0.00171902236060545
0.04250604365167800 0.99795137052793959 0.04241896451791249 0.00180306235745737
0.04353439605553822 0.99785113241349455 0.04344084640295638 0.00189117101229411
0.04458726965830407 0.99774603029011388 0.04448677130304773 0.00198354366831629
0.04566524917120245 0.99763582944867080 0.04555728873389279 0.00208038494159763
0.04676893324797669 0.99752028391891823 0.04665295957210664 0.00218190915204841
0.04789893481734779 0.99739913593404472 0.04777435619898382 0.00228834077351588
0.04905588142340300 0.99727211537022531 0.04892206263846804 0.00239991490378098
0.05024041557410117 0.99713893916003071 0.05009667468851833 0.00251687775523172
0.05145319509808847 0.99699931067853031 0.05129880004500214 0.00263948716701332
0.05269489351002182 0.99685291910086737 0.05252905841717460 0.00276801313947473
0.05396620038460430 0.99669943873004296 0.05378808163372813 0.00290273839174923
0.05526782173953874 0.99653852829358447 0.05507651373831211 0.00304395894332429
0.05660048042761331 0.99636983020773706 0.05639501107333742 0.00319198472047147
0.05796491653813660 0.99619296980774730 0.05774424235078451 0.00334714018842116
0.05936188780794428 0.99600755454276879 0.05912488870863278 0.00350976501017905
0.06079217004220718 0.99581317313385020 0.06053764375142292 0.00368021473289106
0.06225655754527273 0.99560939469342424 0.06198321357334532 0.00385886150266990
0.06375586356178048 0.99539576780463956 0.06346231676212633 0.00404609480880062
0.06529092072829594 0.99517181955884026 0.06497568438185027 0.00424232225824216
0.06686258153571339 0.99493705454941594 0.06652405993271285 0.00444797038133770
0.06847171880268509 0.99469095382020645 0.06810819928555180 0.00466348546963754
0.07011922616033948 0.99443297376656370 0.06972887058883662 0.00488933444672368
0.07180601854855713 0.99416254498712842 0.07138685414562651 0.00512600577290400
0.07353303272408108 0.99387907108431273 0.07308294225782208 0.00537401038461656
0.07530122778074254 0.99358192741140883 0.07481793903483569 0.00563388266934787
0.07711158568209175 0.99327045976420492 0.07659266016359816 0.00590618147682464
0.07896511180672973 0.99294398301490805 0.07840793263659177 0.00619149116718300
0.08086283550664285 0.99260177968612717 0.08026459443436025 0.00649042269675307
0.08280581067885155 0.99224309846261305 0.08216349415869220 0.00680361474201759
0.08479511635069015 0.99186715263839120 0.08410549061240012 0.00713173486221035
0.08683185727904201 0.99147311849688202 0.08609145232132796 0.00747548070091100
0.08891716456386457 0.99106013362154044 0.08812225699391213 0.00783558122686685
0.09105219627634296 0.99062729513452219 0.09019879091329125 0.00821279801412582
0.09323813810202267 0.99017365786082978 0.09232194825661298 0.00860792656139787
0.09547620399927788 0.98969823241536303 0.09449263033581393 0.00902179765037052
0.09776763687348035 0.98919998321028224 0.09671174475375573 0.00945527874248591
0.10011370926724453 0.98867782638005974 0.09898020446918457 0.00990927541344036
0.10251572406713193 0.98813062762160164 0.10129892676353801 0.01038473282438747
0.10497501522720583 0.98755719994681512 0.10366883210215366 0.01088263722851023
0.10749294850984072 0.98695630134501910 0.10609084288194298 0.01140401751127430
0.11007092224419504 0.98632663235261853 0.10856588205706383 0.01194994676227552
0.11271036810277073 0.98566683352751538 0.11109487163357870 0.01252154387615072
0.11541275189648990 0.98497548282578917 0.11367873102349815 0.01311997517952280
0.11817957438872947 0.98425109287826540 0.11631837524799525 0.01374645608039660
0.12101237212876731 0.98349210816469501 0.11901471297893194 0.01440225273580495
0.12391271830510205 0.98269690208340921 0.12176864440715793 0.01508868373281830
0.12688222361911947 0.98186377391446611 0.12458105892532785 0.01580712177727014
0.12992253717959312 0.98099094567450729 0.12745283261224039 0.01655899538370826
0.13303534741851275 0.98007655886177203 0.13038482550491631 0.01734579055914870
0.13622238302875186 0.97911867108998762 0.13337787864382281 0.01816905247218121
0.13948541392409430 0.97811525261016807 0.13643281087579937 0.01903038709783855
0.14282625222215137 0.97706418271972562 0.13955041539835772 0.01993146282739184
0.14624675325071865 0.97596324605871043 0.14273145602811863 0.02087401203086007
0.14974881657812772 0.97481012879348738 0.14597666317519700 0.02185983255850971
0.15333438706816793 0.97360241468869291 0.14928672950437899 0.02289078916596533
0.15700545596016302 0.97233758106895629 0.15266230526293345 0.02396881484573646
0.16076406197480095 0.97101299467255542 0.15610399325387575 0.02509591204597999
0.16461229244633385 0.96962590739998589 0.15961234343246830 0.02627415375515015
0.16855228448177517 0.96817345196130833 0.16318784710268472 0.02750568442882015
0.17258622614773686 0.96665263742714347 0.16683093068930727 0.02879272073238220
0.17671635768556884 0.96506034468930690 0.17054194906027392 0.03013755207052943
0.18094497275547147 0.96339332183831661 0.17432117837283737 0.03154254087137474
0.18527441971027553 0.96164817946641312 0.17816880841608260 0.03301012258976096
0.18970710289959578 0.95982138590626809 0.18208493442135304 0.03454280539073776
0.19424548400508060 0.95790926241727847 0.18606954831119402 0.03614316947031461
0.19889208340750245 0.95590797833323871 0.19012252935655155 0.03781386596642859
0.20364948158644677 0.95381354618729486 0.19424363421117299 0.03955761540857278
0.20852032055337477 0.95162181683238212 0.19843248629147320 0.04137720564970114
0.21350730531886081 0.94932847457791447 0.20268856446959518 0.04327548921885146
0.21861320539481308 0.94692903236629478 0.20701119104700441 0.04525538002738366
0.22384085633251696 0.94441882701588331 0.21139951897578652 0.04731984935582223
0.22919316129735354 0.94179301456045106 0.21585251829487428 0.04947192104199708
0.23467309268106515 0.93904656571882306 0.22036896174876930 0.05171466578449904
0.24028369375246786 0.93617426153244987 0.22494740955700593 0.05405119446840657
0.24602808034752538 0.93317068921304458 0.22958619330366256 0.05648465041279598
0.25190944259972059 0.93003023824720643 0.23428339891773911 0.05901820043173565
0.25793104671169148 0.92674709681014300 0.23903684871726147 0.06165502459230750
0.26409623676910893 0.92331524854625180 0.24384408249259956 0.06439830454471171
0.27040843659780817 0.91972846978042322 0.24870233760781871 0.06725121029075051
0.27687115166520443 0.91598032723051936 0.25360852810298473 0.07021688524799073
0.28348797102704559 0.91206417629860137 0.25855922278534410 0.07329842945774706
0.29026256932058897 0.90797316002612771 0.26355062230331811 0.07649888077580125
0.29719870880530180 0.90370020880656399 0.26857853520439245 0.07982119387556473
0.30430024145222523 0.89923804095763860 0.27363835298643541 0.08326821688436153
0.31157111108315971 0.89457916426488038 0.27872502416185324 0.08684266546478914
0.31901535556085647 0.88971587861808221 0.28383302736548732 0.09054709414491524
0.32663710903143739 0.88464027987295701 0.28895634355046435 0.09438386469361851
0.33444060422028560 0.87934426508150199 0.29408842733150053 0.09835511133094059
0.34243017478267906 0.87381953924644951 0.29922217755268177 0.10246270255821865
0.35061025771047927 0.86805762376762263 0.30434990717671240 0.10670819938938758
0.35898539579620387 0.86204986676103967 0.30946331261527665 0.11109280976359945
0.36756024015585820 0.85578745544514312 0.31455344264578761 0.11561733892073765
0.37633955281192416 0.84926143080251759 0.31961066708863434 0.12028213552605742
0.38532820933793754 0.84246270473985185 0.32462464545140268 0.12508703333875187
0.39453120156612936 0.83538207998351577 0.32958429578270887 0.13003128823247870
0.40395364035963033 0.82801027296294194 0.33447776401855162 0.13511351039464328
0.41360075845077637 0.82033793994874760 0.33929239414874945 0.14033159155650252
0.42347791334709861 0.81235570672707202 0.34401469958038805 0.14568262713903174
0.43359059030660180 0.80405420210570466 0.34863033612951622 0.15116283324118593
0.44394440538399216 0.79542409556087301 0.35312407713187155 0.15676745844907969
0.45454510854954366 0.78645613934581537 0.35747979122839868 0.16249069050818069
0.46539858688232971 0.77714121539297287 0.36168042345190582 0.16832555797751958
0.47651086783960167 0.76747038735039252 0.36570798031753077 0.17426382707697458
0.48788812260412673 0.75743495809915906 0.36954351970173410 0.18029589404780016
0.49953666951133846 0.74702653310175937 0.37316714638225451 0.18641067347484153
0.51146297755821524 0.73623708993044623 0.37655801420462154 0.19259548316850444
0.52367366999582143 0.72505905431917717 0.37969433593902313 0.19883592637781458
0.53617552800751800 0.71348538307149301 0.38255340199400401 0.20511577230520739
0.54897549447488037 0.70150965413883803 0.38511160925977089 0.21141683612139966
0.56208067783341009 0.68912616415801298 0.38734450146267380 0.21771885993718396
0.57549835602019450 0.67633003370143496 0.38922682252225854 0.22399939648052383
0.58923598051569026 0.66311732044818072 0.39073258451122095 0.23023369755389911
0.60330118048188985 0.64948514042576733 0.39183515192431145 0.23639460971023774
0.61770176699916302 0.63543179740056710 0.39250734406178445 0.24245247998711267
0.63244573740412080 0.62095692040676376 0.39272155742284764 0.24837507497878764
0.64754127973092235 0.60606160929773345 0.39244991008043656 0.25412751700377129
0.66299677725848449 0.59074858807764830 0.39166441006548081 0.25967224164025932
0.67882081316611476 0.57502236562259412 0.39033714982063228 0.26496898145018516
0.69502217530016741 0.55888940322729486 0.38844052878324686 0.26997478128967956
0.71160986105435220 0.54235828821334475 0.38594750611717454 0.27464405120231633
0.72859308236642029 0.52543991260527001 0.38283188552341618 0.27892866350165429
0.74598127083399701 0.50814765561966979 0.37906863391047751 0.28277810125784525
0.76378408295239730 0.49049756841808895 0.37463423548459079 0.28613966599217067
0.78201140547734183 0.47250855924442681 0.36950708251480802 0.28895875293123718
0.80067336091555030 0.45420257670146408 0.36366790362406426 0.29117920265179198
0.81978031314624866 0.43560478851782930 0.35710022993915153 0.29274373832411504
0.83934287317673506 0.41674375271665021 0.34979089878364800 0.29359449799613957
0.85937190503517635 0.39765157762167219 0.34173059380097975 0.29367367140355000
0.87987853180392572 0.37836406662828131 0.33291441943225492 0.29292425058640875
0.90087414179670666 0.35892084313012146 0.32334250652779856 0.29129090307462652
0.92237039488308570 0.33936545043314775 0.31302064452569872 0.28872097549772674
0.94437922896375892 0.31974542091679692 0.30196093407009722 0.28516563409429485
0.96691286660024389 0.30011230812824041 0.29018245215429261 0.28058114664959516
0.98998382180264899 0.28052167493539981 0.27771191985102750 0.27493030777427113
1.01360490697930983 0.26103303033642383 0.26458436043267825 0.26818400604454501
1.03778924005212847 0.24170970705098346 0.25084373319366271 0.26032292724289013
1.06255025174158768 0.22261867163000304 0.23654352558283756 0.25133938265588673
1.08790169302547657 0.20383025854883774 0.22174728336510119 0.24123924499669369
1.11385764277546384 0.18541781963341827 0.20652905550544540 0.23004396692993834
1.14043251557577241 0.16745728025451043 0.19097372737212845 0.21779264831587819
1.16764106972829285 0.15002659406299809 0.17517721277941145 0.20454410812177273
1.19549841544856994 0.13320508868567787 0.15924647245341414 0.19037890548383093
1.22402002325723802 0.11707269581839340 0.14329932385841745 0.17540124172192659
1.25322173257153668 0.10170906060765607 0.12746400515295017 0.15974066137828749
1.28311976050170151 0.08719252717180952 0.11187845458223034 0.14355345584885187
1.31373071085710680 0.07359899964746285 0.09668926612523332 0.12702365831895474
1.34507158336715049 0.06100068132241282 0.08205028301281278 0.11036350408776689
1.37715978312202814 0.04946469829173977 0.06812079317164890 0.09381321675036854
1.41001313023860653 0.03905161869599671 0.05506329511842681 0.07763996911118518
1.44364986975679277 0.02981388399713735 0.04304080974941147 0.06213585938896476
1.47808868177188435 0.02179417491999200 0.03221372327779684 0.04761473977464300
1.51334869180851439 0.01502374159921433 0.02273615969524017 0.03440773753154118
1.54944948144197880 0.00952073504123023 0.01475189797258065 0.02285732066390007
1.58641109917282419 0.00528858509646819 0.00838987009595712 0.01330978304084454
1.62425407156073853 0.00231447852600146 0.00375930116939776 0.00610606023061736
1.66299941462393996 0.00056799914113751 0.00094458223921858 0.00157083971088467
1.70266864551037433 0.00000000000000000 0.00000000000000000 0.00000000000000000
1.74328379444722192 0.00000000000000000 0.00000000000000000 0.00000000000000000
1.78486741697534423 0.00000000000000000 0.00000000000000000 0.00000000000000000
1.82744260647545032 0.00000000000000000 0.00000000000000000 0.00000000000000000
1.87103300699296327 0.00000000000000000 0.00000000000000000 0.00000000000000000
1.91566282636869012 0.00000000000000000 0.00000000000000000 0.00000000000000000
1.96135684968260815 0.00000000000000000 0.00000000000000000 0.00000000000000000
2.00814045301819233 0.00000000000000000 0.00000000000000000 0.00000000000000000
2.05603961755498155 0.00000000000000000 0.00000000000000000 0.00000000000000000
2.10508094399717427 0.00000000000000000 0.00000000000000000 0.00000000000000000
2.15529166734626898 0.00000000000000000 0.00000000000000000 0.00000000000000000
2.20669967202598505 0.00000000000000000 0.00000000000000000 0.00000000000000000
2.25933350736779737 0.00000000000000000 0.00000000000000000 0.00000000000000000
2.31322240346576313 0.00000000000000000 0.00000000000000000 0.00000000000000000
2.36839628740939467 0.00000000000000000 0.00000000000000000 0.00000000000000000
2.42488579990360664 0.00000000000000000 0.00000000000000000 0.00000000000000000
2.48272231228496576 0.00000000000000000 0.00000000000000000 0.00000000000000000
2.54193794394371464 0.00000000000000000 0.00000000000000000 0.00000000000000000
2.60256558016118822 0.00000000000000000 0.00000000000000000 0.00000000000000000
2.66463889037259971 0.00000000000000000 0.00000000000000000 0.00000000000000000
2.72819234686529599 0.00000000000000000 0.00000000000000000 0.00000000000000000
2.79326124392286168 0.00000000000000000 0.00000000000000000 0.00000000000000000
2.85988171742575181 0.00000000000000000 0.00000000000000000 0.00000000000000000
2.92809076491924847 0.00000000000000000 0.00000000000000000 0.00000000000000000
2.99792626615999280 0.00000000000000000 0.00000000000000000 0.00000000000000000
3.06942700415242786 0.00000000000000000 0.00000000000000000 0.00000000000000000
3.14263268668685303 0.00000000000000000 0.00000000000000000 0.00000000000000000
3.21758396839109073 0.00000000000000000 0.00000000000000000 0.00000000000000000
3.29432247330791617 0.00000000000000000 0.00000000000000000 0.00000000000000000
3.37289081801090918 0.00000000000000000 0.00000000000000000 0.00000000000000000
3.45333263527147460 0.00000000000000000 0.00000000000000000 0.00000000000000000
3.53569259829021076 0.00000000000000000 0.00000000000000000 0.00000000000000000
3.62001644550610102 0.00000000000000000 0.00000000000000000 0.00000000000000000
3.70635100599723177 0.00000000000000000 0.00000000000000000 0.00000000000000000
3.79474422548724588 0.00000000000000000 0.00000000000000000 0.00000000000000000
3.88524519297190229 0.00000000000000000 0.00000000000000000 0.00000000000000000
3.97790416798054647 0.00000000000000000 0.00000000000000000 0.00000000000000000
4.07277260848763234 0.00000000000000000 0.00000000000000000 0.00000000000000000
4.16990319948983412 0.00000000000000000 0.00000000000000000 0.00000000000000000
4.26934988226451040 0.00000000000000000 0.00000000000000000 0.00000000000000000
4.37116788432590742 0.00000000000000000 0.00000000000000000 0.00000000000000000
4.47541375009564746 0.00000000000000000 0.00000000000000000 0.00000000000000000
4.58214537230454422 0.00000000000000000 0.00000000000000000 0.00000000000000000
4.69142202414325116 0.00000000000000000 0.00000000000000000 0.00000000000000000
4.80330439217945759 0.00000000000000000 0.00000000000000000 0.00000000000000000
4.91785461006008262 0.00000000000000000 0.00000000000000000 0.00000000000000000
5.03513629301706267 0.00000000000000000 0.00000000000000000 0.00000000000000000
5.15521457319593690 0.00000000000000000 0.00000000000000000 0.00000000000000000
5.27815613582688314 0.00000000000000000 0.00000000000000000 0.00000000000000000
5.40402925625817421 0.00000000000000000 0.00000000000000000 0.00000000000000000
5.53290383787278817 0.00000000000000000 0.00000000000000000 0.00000000000000000
5.66485145090910880 0.00000000000000000 0.00000000000000000 0.00000000000000000
5.79994537220729267 0.00000000000000000 0.00000000000000000 0.00000000000000000
5.93826062590346204 0.00000000000000000 0.00000000000000000 0.00000000000000000
6.07987402509414476 0.00000000000000000 0.00000000000000000 0.00000000000000000
6.22486421449431049 0.00000000000000000 0.00000000000000000 0.00000000000000000
6.37331171411254616 0.00000000000000000 0.00000000000000000 0.00000000000000000
6.52529896396768017 0.00000000000000000 0.00000000000000000 0.00000000000000000
6.68091036987166476 0.00000000000000000 0.00000000000000000 0.00000000000000000
6.84023235030422683 0.00000000000000000 0.00000000000000000 0.00000000000000000
7.00335338440511990 0.00000000000000000 0.00000000000000000 0.00000000000000000
7.17036406111088365 0.00000000000000000 0.00000000000000000 0.00000000000000000
7.34135712946321739 0.00000000000000000 0.00000000000000000 0.00000000000000000
7.51642755011695307 0.00000000000000000 0.00000000000000000 0.00000000000000000
7.69567254807632573 0.00000000000000000 0.00000000000000000 0.00000000000000000
7.87919166668859727 0.00000000000000000 0.00000000000000000 0.00000000000000000
8.06708682292530632 0.00000000000000000 0.00000000000000000 0.00000000000000000
8.25946236398164046 0.00000000000000000 0.00000000000000000 0.00000000000000000
8.45642512522542411 0.00000000000000000 0.00000000000000000 0.00000000000000000
8.65808448952798670 0.00000000000000000 0.00000000000000000 0.00000000000000000
8.86455244800962383 0.00000000000000000 0.00000000000000000 0.00000000000000000
9.07594366223370663 0.00000000000000000 0.00000000000000000 0.00000000000000000
9.29237552788372945 0.00000000000000000 0.00000000000000000 0.00000000000000000
9.51396823995876595 0.00000000000000000 0.00000000000000000 0.00000000000000000
9.74084485952350043 0.00000000000000000 0.00000000000000000 0.00000000000000000
9.97313138205001337 0.00000000000000000 0.00000000000000000 0.00000000000000000
10.21095680738900846 0.00000000000000000 0.00000000000000000 0.00000000000000000
10.45445321140968531 0.00000000000000000 0.00000000000000000 0.00000000000000000
10.70375581934779241 0.00000000000000000 0.00000000000000000 0.00000000000000000
10.95900308090266506 0.00000000000000000 0.00000000000000000 0.00000000000000000
11.22033674712506190 0.00000000000000000 0.00000000000000000 0.00000000000000000
11.48790194913822305 0.00000000000000000 0.00000000000000000 0.00000000000000000
11.76184727873620162 0.00000000000000000 0.00000000000000000 0.00000000000000000
12.04232487090401271 0.00000000000000000 0.00000000000000000 0.00000000000000000
12.32949048830546168 0.00000000000000000 0.00000000000000000 0.00000000000000000
12.62350360778571456 0.00000000000000000 0.00000000000000000 0.00000000000000000
12.92452750893630764 0.00000000000000000 0.00000000000000000 0.00000000000000000
13.23272936477222572 0.00000000000000000 0.00000000000000000 0.00000000000000000
13.54828033457108027 0.00000000000000000 0.00000000000000000 0.00000000000000000
13.87135565892604383 0.00000000000000000 0.00000000000000000 0.00000000000000000
14.20213475706544770 0.00000000000000000 0.00000000000000000 0.00000000000000000
14.54080132649275470 0.00000000000000000 0.00000000000000000 0.00000000000000000
14.88754344500268267 0.00000000000000000 0.00000000000000000 0.00000000000000000
15.24255367512981252 0.00000000000000000 0.00000000000000000 0.00000000000000000
15.60602917108779408 0.00000000000000000 0.00000000000000000 0.00000000000000000
15.97817178825851592 0.00000000000000000 0.00000000000000000 0.00000000000000000
16.35918819529219803 0.00000000000000000 0.00000000000000000 0.00000000000000000
16.74928998888023912 0.00000000000000000 0.00000000000000000 0.00000000000000000
17.14869381126511527 0.00000000000000000 0.00000000000000000 0.00000000000000000
17.55762147055219913 0.00000000000000000 0.00000000000000000 0.00000000000000000
17.97630006389040247 0.00000000000000000 0.00000000000000000 0.00000000000000000
18.40496210359024332 0.00000000000000000 0.00000000000000000 0.00000000000000000
18.84384564624889791 0.00000000000000000 0.00000000000000000 0.00000000000000000
19.29319442495458503 0.00000000000000000 0.00000000000000000 0.00000000000000000
19.75325798464320215 0.00000000000000000 0.00000000000000000 0.00000000000000000
20.22429182068257347 0.00000000000000000 0.00000000000000000 0.00000000000000000
20.70655752076142164 0.00000000000000000 0.00000000000000000 0.00000000000000000
21.20032291016135417 0.00000000000000000 0.00000000000000000 0.00000000000000000
21.70586220049323956 0.00000000000000000 0.00000000000000000 0.00000000000000000
22.22345614198001229 0.00000000000000000 0.00000000000000000 0.00000000000000000
22.75339217937076697 0.00000000000000000 0.00000000000000000 0.00000000000000000
23.29596461157256471 0.00000000000000000 0.00000000000000000 0.00000000000000000
23.85147475508890480 0.00000000000000000 0.00000000000000000 0.00000000000000000
24.42023111135499391 0.00000000000000000 0.00000000000000000 0.00000000000000000
25.00254953806354408 0.00000000000000000 0.00000000000000000 0.00000000000000000
25.59875342457567982 0.00000000000000000 0.00000000000000000 0.00000000000000000
26.20917387151450484 0.00000000000000000 0.00000000000000000 0.00000000000000000
26.83414987464136203 0.00000000000000000 0.00000000000000000 0.00000000000000000
27.47402851311615279 0.00000000000000000 0.00000000000000000 0.00000000000000000
28.12916514224724907 0.00000000000000000 0.00000000000000000 0.00000000000000000
28.79992359083728815 0.00000000000000000 0.00000000000000000 0.00000000000000000
29.48667636323470376 0.00000000000000000 0.00000000000000000 0.00000000000000000
30.18980484620349003 0.00000000000000000 0.00000000000000000 0.00000000000000000
30.90969952072524762 0.00000000000000000 0.00000000000000000 0.00000000000000000
31.64676017885220105 0.00000000000000000 0.00000000000000000 0.00000000000000000
32.40139614573088522 0.00000000000000000 0.00000000000000000 0.00000000000000000
33.17402650691995802 0.00000000000000000 0.00000000000000000 0.00000000000000000
33.96508034112876118 0.00000000000000000 0.00000000000000000 0.00000000000000000
34.77499695850494277 0.00000000000000000 0.00000000000000000 0.00000000000000000
35.60422614460473056 0.00000000000000000 0.00000000000000000 0.00000000000000000
36.45322841018035120 0.00000000000000000 0.00000000000000000 0.00000000000000000
37.32247524692373020 0.00000000000000000 0.00000000000000000 0.00000000000000000
38.21244938930841784 0.00000000000000000 0.00000000000000000 0.00000000000000000
39.12364508267544494 0.00000000000000000 0.00000000000000000 0.00000000000000000
40.05656835771107893 0.00000000000000000 0.00000000000000000 0.00000000000000000
41.01173731147022039 0.00000000000000000 0.00000000000000000 0.00000000000000000
41.98968239510047340 0.00000000000000000 0.00000000000000000 0.00000000000000000
42.99094670842703891 0.00000000000000000 0.00000000000000000 0.00000000000000000
44.01608630156243152 0.00000000000000000 0.00000000000000000 0.00000000000000000
45.06567048370731499 0.00000000000000000 0.00000000000000000 0.00000000000000000
46.14028213931551647 0.00000000000000000 0.00000000000000000 0.00000000000000000
47.24051805179767172 0.00000000000000000 0.00000000000000000 0.00000000000000000
48.36698923494354574 0.00000000000000000 0.00000000000000000 0.00000000000000000
49.52032127224774172 0.00000000000000000 0.00000000000000000 0.00000000000000000
50.70115466432564233 0.00000000000000000 0.00000000000000000 0.00000000000000000
51.91014518461447125 0.00000000000000000 0.00000000000000000 0.00000000000000000
53.14796424355573379 0.00000000000000000 0.00000000000000000 0.00000000000000000
54.41529926146144902 0.00000000000000000 0.00000000000000000 0.00000000000000000
55.71285405027211368 0.00000000000000000 0.00000000000000000 0.00000000000000000
57.04134920441660483 0.00000000000000000 0.00000000000000000 0.00000000000000000
58.40152250099322373 0.00000000000000000 0.00000000000000000 0.00000000000000000
59.79412930949265359 0.00000000000000000 0.00000000000000000 0.00000000000000000
61.21994301129083027 0.00000000000000000 0.00000000000000000 0.00000000000000000
62.67975542914470566 0.00000000000000000 0.00000000000000000 0.00000000000000000
64.17437726692972433 0.00000000000000000 0.00000000000000000 0.00000000000000000
65.70463855986204749 0.00000000000000000 0.00000000000000000 0.00000000000000000
67.27138913545726950 0.00000000000000000 0.00000000000000000 0.00000000000000000
68.87549908548038502 0.00000000000000000 0.00000000000000000 0.00000000000000000
70.51785924914933901 0.00000000000000000 0.00000000000000000 0.00000000000000000
72.19938170786123521 0.00000000000000000 0.00000000000000000 0.00000000000000000
73.92100029171422193 0.00000000000000000 0.00000000000000000 0.00000000000000000
75.68367109810859006 0.00000000000000000 0.00000000000000000 0.00000000000000000
77.48837302271347482 0.00000000000000000 0.00000000000000000 0.00000000000000000
79.33610830309434903 0.00000000000000000 0.00000000000000000 0.00000000000000000
