0.00000000000000000 1.68907049175343249 -0.58061803965382974
0.00001479017834245 1.68907049158254430 -0.58061803957216007
0.00002993303044112 1.68907049105324947 -0.58061803931920275
0.00004543696584831 1.68907049013998312 -0.58061803888274000
0.00006131059464321 1.68907048881566846 -0.58061803824983160
0.00007756273221348 1.68907048705171836 -0.58061803740681517
0.00009420240415086 1.68907048481795719 -0.58061803633926956
0.00011123885126353 1.68907048208253929 -0.58061803503197529
0.00012868153470796 1.68907047881186378 -0.58061803346887375
0.00014654014124313 1.68907047497048457 -0.58061803163302494
0.00016482458861008 1.68907047052101533 -0.58061802950656149
0.00018354503103970 1.68907046542402983 -0.58061802707064114
0.00020271186489184 1.68907045963796110 -0.58061802430539800
0.00022233573442895 1.68907045311898796 -0.58061802118988981
0.00024242753772729 1.68907044582092358 -0.58061801770204280
0.00026299843272922 1.68907043769509380 -0.58061801381859546
0.00028405984343969 1.68907042869021184 -0.58061800951503684
0.00030562346627056 1.68907041875224517 -0.58061800476554382
0.00032770127653619 1.68907040782427664 -0.58061799954291538
0.00035030553510386 1.68907039584635976 -0.58061799381850177
0.00037344879520289 1.68907038275536436 -0.58061798756213234
0.00039714390939599 1.68907036848481651 -0.58061798074203819
0.00042140403671692 1.68907035296472907 -0.58061797332477205
0.00044624264997835 1.68907033612142787 -0.58061796527512333
0.00047167354325394 1.68907031787736361 -0.58061795655603043
0.00049771083953886 1.68907029815091758 -0.58061794712848658
0.00052436899859298 1.68907027685619826 -0.58061793695144315
0.00055166282497104 1.68907025390282728 -0.58061792598170692
0.00057960747624433 1.68907022919571381 -0.58061791417383257
0.00060821847141845 1.68907020263481922 -0.58061790148001047
0.00063751169955175 1.68907017411491012 -0.58061788784994817
0.00066750342857924 1.68907014352529905 -0.58061787323074598
0.00069821031434701 1.68907011074957025 -0.58061785756676798
0.00072964940986200 1.68907007566529699 -0.58061784079950429
0.00076183817476235 1.68907003814374090 -0.58061782286742913
0.00079479448501358 1.68906999804953650 -0.58061780370584948
0.00082853664283596 1.68906995524036341 -0.58061778324674851
0.00086308338686863 1.68906990956659997 -0.58061776141861965
0.00089845390257607 1.68906986087095956 -0.58061773814629380
0.00093466783290265 1.68906980898811199 -0.58061771335075707
0.00097174528918138 1.68906975374428270 -0.58061768694896043
0.00100970686230267 1.68906969495683579 -0.58061765885361938
0.00104857363414939 1.68906963243383301 -0.58061762897300417
0.00108836718930472 1.68906956597357572 -0.58061759721072015
0.00112910962703908 1.68906949536411966 -0.58061756346547633
0.00117082357358291 1.68906942038277030 -0.58061752763084351
0.00121353219469209 1.68906934079554971 -0.58061748959500081
0.00125725920851302 1.68906925635664118 -0.58061744924046843
0.00130202889875444 1.68906916680780173 -0.58061740644382909
0.00134786612817331 1.68906907187775435 -0.58061736107543527
0.00139479635238233 1.68906897128153810 -0.58061731299910091
0.00144284563398665 1.68906886471984219 -0.58061726207178022
0.00149204065705768 1.68906875187829120 -0.58061720814322937
0.00154240874195204 1.68906863242670791 -0.58061715105565204
0.00159397786048384 1.68906850601833480 -0.58061709064332789
0.00164677665145883 1.68906837228901785 -0.58061702673222282
0.00170083443657883 1.68906823085635227 -0.58061695913957989
0.00175618123672553 1.68906808131878372 -0.58061688767349118
0.00181284778863252 1.68906792325467059 -0.58061681213244787
0.00187086556195484 1.68906775622129413 -0.58061673230486877
0.00193026677674563 1.68906757975382682 -0.58061664796860635
0.00199108442134944 1.68906739336424705 -0.58061655889042818
0.00205335227072226 1.68906719654020021 -0.58061646482547302
0.00211710490518836 1.68906698874380723 -0.58061636551668083
0.00218237772964443 1.68906676941041400 -0.58061626069419581
0.00224920699322156 1.68906653794727779 -0.58061615007473777
0.00231762980941620 1.68906629373219475 -0.58061603336094703
0.00238768417670101 1.68906603611205486 -0.58061591024069303
0.00245940899962724 1.68906576440133005 -0.58061578038635309
0.00253284411043031 1.68906547788049188 -0.58061564345405359
0.00260803029115056 1.68906517579434401 -0.58061549908287613
0.00268500929628145 1.68906485735027845 -0.58061534689402317
0.00276382387595789 1.68906452171645416 -0.58061518648994503
0.00284451779969737 1.68906416801987014 -0.58061501745342359
0.00292713588070732 1.68906379534436391 -0.58061483934661140
0.00301172400077201 1.68906340272849720 -0.58061465171002413
0.00309832913573293 1.68906298916334974 -0.58061445406148549
0.00318699938157670 1.68906255359020219 -0.58061424589501787
0.00327778398114512 1.68906209489810388 -0.58061402667968320
0.00337073335148202 1.68906161192132753 -0.58061379585836392
0.00346589911183233 1.68906110343669513 -0.58061355284648741
0.00356333411230869 1.68906056816078243 -0.58061329703068654
0.00366309246324164 1.68906000474697593 -0.58061302776739676
0.00376522956522972 1.68905941178239960 -0.58061274438138488
0.00386980213990604 1.68905878778468255 -0.58061244616420604
0.00397686826143855 1.68905813119857684 -0.58061213237258558
0.00408648738878143 1.68905744039240790 -0.58061180222672393
0.00419872039869544 1.68905671365435261 -0.58061145490851773
0.00431362961955576 1.68905594918854018 -0.58061108955969543
0.00443127886596591 1.68905514511096055 -0.58061070527986314
0.00455173347419705 1.68905429944517693 -0.58061030112445489
0.00467506033847237 1.68905341011782917 -0.58060987610258319
0.00480132794811664 1.68905247495391930 -0.58060942917478764
0.00493060642559163 1.68905149167187041 -0.58060895925067146
0.00506296756543846 1.68905045787834518 -0.58060846518642628
0.00519848487414859 1.68904937106281205 -0.58060794578223507
0.00533723361098545 1.68904822859185111 -0.58060739977955089
0.00547929082977958 1.68904702770318171 -0.58060682585824286
0.00562473542172026 1.68904576549940177 -0.58060622263360362
0.00577364815916761 1.68904443894142675 -0.58060558865321343
0.00592611174050934 1.68904304484160450 -0.58060492239365136
0.00608221083608716 1.68904157985650483 -0.58060422225704689
0.00624203213521824 1.68904004047935397 -0.58060348656746619
0.00640566439433796 1.68903842303210472 -0.58060271356712156
0.00657319848629066 1.68903672365712465 -0.58060190141239942
0.00674472745079562 1.68903493830847995 -0.58060104816969493
0.00692034654611656 1.68903306274280030 -0.58060015181104485
0.00710015330196303 1.68903109250969674 -0.58059921020954985
0.00728424757365341 1.68902902294172197 -0.58059822113457593
0.00747273159756936 1.68902684914384005 -0.58059718224672130
0.00766571004793253 1.68902456598239148 -0.58059609109254351
0.00786329009493521 1.68902216807352024 -0.58059494509902776
0.00806558146425712 1.68901964977104480 -0.58059374156779087
0.00827269649800128 1.68901700515373898 -0.58059247766900302
0.00848475021708299 1.68901422801200218 -0.58059115043501619
0.00870186038510648 1.68901131183388098 -0.58058975675368485
0.00892414757376467 1.68900824979041819 -0.58058829336136364
0.00915173522979844 1.68900503472029140 -0.58058675683556671
0.00938474974355250 1.68900165911371158 -0.58058514358727087
0.00962332051916602 1.68899811509553910 -0.58058344985284926
0.00986758004643697 1.68899439440759158 -0.58058167168561325
0.01011766397440005 1.68899048839008636 -0.58057980494694650
0.01037371118665912 1.68898638796219536 -0.58057784529700951
0.01063586387851590 1.68898208360165514 -0.58057578818499722
0.01090426763593788 1.68897756532339716 -0.58057362883892416
0.01117907151640917 1.68897282265713544 -0.58057136225491590
0.01146042813170928 1.68896784462388583 -0.58056898318598504
0.01174849373266574 1.68896261971133965 -0.58056648613026363
0.01204342829592773 1.68895713584805240 -0.58056386531866755
0.01234539561280875 1.68895138037638648 -0.58056111470196559
0.01265456338024781 1.68894534002414720 -0.58055822793722389
0.01297110329393957 1.68893900087484683 -0.58055519837359582
0.01329519114368521 1.68893234833653683 -0.58055201903742593
0.01362700691101696 1.68892536710913221 -0.58054868261663461
0.01396673486915043 1.68891804115016164 -0.58054518144435008
0.01431456368532043 1.68891035363885988 -0.58054150748174815
0.01467068652555687 1.68890228693853461 -0.58053765230006660
0.01503530116195919 1.68889382255710796 -0.58053360706174939
0.01540861008252864 1.68888494110576359 -0.58052936250068221
0.01579082060361962 1.68887562225559051 -0.58052490890147435
0.01618214498507239 1.68886584469214163 -0.58052023607774117
0.01658280054809112 1.68885558606779607 -0.58051533334933925
0.01699300979593281 1.68884482295182647 -0.58051018951850275
0.01741300053747404 1.68883353077805731 -0.58050479284482948
0.01784300601372408 1.68882168378999831 -0.58049913101906203
0.01828326502735493 1.68880925498333689 -0.58049319113560294
0.01873402207531983 1.68879621604565133 -0.58048695966370611
0.01919552748463418 1.68878253729322525 -0.58048042241727982
0.01966803755139409 1.68876818760481240 -0.58047356452323395
0.02015181468310996 1.68875313435221108 -0.58046637038830184
0.02064712754443395 1.68873734332749503 -0.58045882366426538
0.02115425120636234 1.68872077866673442 -0.58045090721150250
0.02167346729899560 1.68870340277005027 -0.58044260306078133
0.02220506416794121 1.68868517621781233 -0.58043389237321241
0.02274933703444569 1.68866605768280564 -0.58042475539827620
0.02330658815934526 1.68864600383816543 -0.58041517142982557
0.02387712701092562 1.68862496926088657 -0.58040511875997491
0.02446127043678465 1.68860290633068177 -0.58039457463076805
0.02505934283979307 1.68857976512398333 -0.58038351518352216
0.02567167635825091 1.68855549330283661 -0.58037191540573396
0.02629861105033979 1.68853003599845586 -0.58035974907543530
0.02694049508297364 1.68850333568918076 -0.58034698870287005
0.02759768492515240 1.68847533207256495 -0.58033360546937107
0.02827054554592643 1.68844596193131835 -0.58031956916329697
0.02895945061708132 1.68841515899280847 -0.58030484811289507
0.02966478272065568 1.68838285378181263 -0.58028940911593530
0.03038693356140742 1.68834897346620050 -0.58027321736597004
0.03112630418434613 1.68831344169520969 -0.58025623637505153
0.03188330519745265 1.68827617842995736 -0.58023842789274249
0.03265835699970931 1.68823709976582181 -0.58021975182124097
0.03345189001456775 1.68819611774630718 -0.58020016612643643
0.03426434492898361 1.68815314016798412 -0.58017962674470092
0.03509617293815131 1.68810807037607957 -0.58015808748521502
0.03594783599607413 1.68806080705027894 -0.58013549992761537
0.03681980707210974 1.68801124398026681 -0.58011181331474071
0.03771257041363248 1.68795926983052547 -0.58008697444024715
0.03862662181495934 1.68790476789388189 -0.58006092753084493
0.03956246889268836 1.68784761583326470 -0.58003361412290644
0.04052063136760231 1.68778768541111868 -0.58000497293317566
0.04150164135329468 1.68772484220589547 -0.57997493972330372
0.04250604365167800 1.68765894531500016 -0.57994344715791679
0.04353439605553822 1.68758984704356663 -0.57991042465591092
0.04458726965830407 1.68751739257838484 -0.57987579823465851
0.04566524917120245 1.68744141964628946 -0.57983949034678728
0.04676893324797669 1.68736175815626988 -0.57980141970918997
0.04789893481734779 1.68727822982454900 -0.57976150112389335
0.04905588142340300 1.68719064778182104 -0.57971964529041031
0.05024041557410117 1.68709881616182367 -0.57967575860917353
0.05145319509808847 1.68700252967036479 -0.57962974297563719
0.05269489351002182 1.68690157313389677 -0.57958149556460981
0.05396620038460430 1.68679572102668596 -0.57953090860436296
0.05526782173953874 1.68668473697557397 -0.57947786914004318
0.05660048042761331 1.68656837324130571 -0.57942225878589060
0.05796491653813660 1.68644637017532717 -0.57936395346574454
0.05936188780794428 1.68631845565092919 -0.57930282314130044
0.06079217004220718 1.68618434446754173 -0.57923873152754679
0.06225655754527273 1.68604373772695681 -0.57917153579479919
0.06375586356178048 1.68589632218018726 -0.57910108625671552
0.06529092072829594 1.68574176954361921 -0.57902722604365120
0.06686258153571339 1.68557973578305242 -0.57894979076068831
0.06847171880268509 1.68540986036417517 -0.57886860812963636
0.07011922616033948 1.68523176546794295 -0.57878349761428760
0.07180601854855713 1.68504505516928682 -0.57869427002816587
0.07353303272408108 1.68484931457749010 -0.57860072712398392
0.07530122778074254 1.68464410893650873 -0.57850266116398430
0.07711158568209175 1.68442898268345864 -0.57839985447031739
0.07896511180672973 1.68420345846339536 -0.57829207895456658
0.08086283550664285 1.68396703609845799 -0.57817909562550018
0.08280581067885155 1.68371919150935900 -0.57806065407408680
0.08479511635069015 1.68345937558711389 -0.57793649193477803
0.08683185727904201 1.68318701301286411 -0.57780633432203066
0.08891716456386457 1.68290150102351532 -0.57766989324098916
0.09105219627634296 1.68260220812087269 -0.57752686697122080
0.09323813810202267 1.68228847272181103 -0.57737693942233947
0.09547620399927788 1.68195960174699599 -0.57721977946033054
0.09776763687348035 1.68161486914554992 -0.57705504020334286
0.10011370926724453 1.68125351435297055 -0.57688235828566647
0.10251572406713193 1.68087474067950060 -0.57670135308856785
0.10497501522720583 1.68047771362608023 -0.57651162593661831
0.10749294850984072 1.68006155912492749 -0.57631275925811742
0.11007092224419504 1.67962536170169008 -0.57610431570815679
0.11271036810277073 1.67916816255600887 -0.57588583725283227
0.11541275189648990 1.67868895755722569 -0.57565684421305185
0.11817957438872947 1.67818669515194907 -0.57541683426638524
0.12101237212876731 1.67766027418005370 -0.57516528140533763
0.12391271830510205 1.67710854159563483 -0.57490163485039536
0.12688222361911947 1.67653029008927112 -0.57462531791613025
0.12992253717959312 1.67592425560799496 -0.57433572682865575
0.13303534741851275 1.67528911476925702 -0.57403222949268606
0.13622238302875186 1.67462348216513157 -0.57371416420643218
0.13948541392409430 1.67392590755284876 -0.57338083832249098
0.14282625222215137 1.67319487292778968 -0.57303152685291026
0.14624675325071865 1.67242878947508289 -0.57266547101662235
0.14974881657812772 1.67162599439588488 -0.57228187672740949
0.15333438706816793 1.67078474760439799 -0.57187991302055530
0.15700545596016302 1.66990322829159110 -0.57145871041630014
0.16076406197480095 1.66897953135186961 -0.57101735921835695
0.16461229244633385 1.66801166366886577 -0.57055490774570883
0.16855228448177517 1.66699754025665725 -0.57007036049598891
0.17258622614773686 1.66593498025255071 -0.56956267623865464
0.17671635768556884 1.66482170275809516 -0.56903076603643754
0.18094497275547147 1.66365532252504522 -0.56847349119358059
0.18527441971027553 1.66243334548328692 -0.56788966112951822
0.18970710289959578 1.66115316410767178 -0.56727803117663733
0.19424548400508060 1.65981205262125542 -0.56663730030101822
0.19889208340750245 1.65840716203301830 -0.56596610874535613
0.20364948158644677 1.65693551500843439 -0.56526303559340707
0.20852032055337477 1.65539400057167829 -0.56452659625550905
0.21350730531886081 1.65377936863849717 -0.56375523987486387
0.21861320539481308 1.65208822438031677 -0.56294734665501256
0.22384085633251696 1.65031702242044598 -0.56210122510909732
0.22919316129735354 1.64846206086434766 -0.56121510923204798
0.23467309268106515 1.64651947516596064 -0.56028715559683862
0.24028369375246786 1.64448523183451334 -0.55931544037718062
0.24602808034752538 1.64235512198709843 -0.55829795629942247
0.25190944259972059 1.64012475475394814 -0.55723260952725029
0.25793104671169148 1.63778955054376452 -0.55611721648300017
0.26409623676910893 1.63534473417918469 -0.55494950061072967
0.27040843659780817 1.63278532791498487 -0.55372708908743928
0.27687115166520443 1.63010614435344081 -0.55244750948972732
0.28348797102704559 1.62730177927315478 -0.55110818642409809
0.29026256932058897 1.62436660438969405 -0.54970643813015319
0.29719870880530180 1.62129476007194739 -0.54823947306860765
0.30430024145222523 1.61808014803994116 -0.54670438650699371
0.31157111108315971 1.61471642407405169 -0.54509815711796639
0.31901535556085647 1.61119699076660505 -0.54341764360565736
0.32663710903143739 1.60751499035595402 -0.54165958137997072
0.33444060422028560 1.60366329768595750 -0.53982057930012184
0.34243017478267906 1.59963451334021234 -0.53789711651184835
0.35061025771047927 1.59542095700182873 -0.53588553940347161
0.35898539579620387 1.59101466110058931 -0.53378205871135842
0.36756024015585820 1.58640736481619182 -0.53158274680872042
0.37633955281192416 1.58159050851363392 -0.52928353521527660
0.38532820933793754 1.57655522869146991 -0.52688021236761118
0.39453120156612936 1.57129235353355923 -0.52436842169488851
0.40395364035963033 1.56579239916990165 -0.52174366005191541
0.41360075845077637 1.56004556675905581 -0.51900127656491712
0.42347791334709861 1.55404174051535771 -0.51613647195064116
0.43359059030660180 1.54777048681016738 -0.51314429837235009
0.44394440538399216 1.54122105450231239 -0.51001965990892739
0.45454510854954366 1.53438237665958477 -0.50675731371660071
0.46539858688232971 1.52724307385073632 -0.50335187197136699
0.47651086783960167 1.51979145918988534 -0.49979780468143786
0.48788812260412673 1.51201554534997618 -0.49608944347594891
0.49953666951133846 1.50390305377301603 -0.49222098648159668
0.51146297755821524 1.49544142632557753 -0.48818650440899247
0.52367366999582143 1.48661783965218319 -0.48397994797254745
0.53617552800751800 1.47741922251323543 -0.47959515678428843
0.54897549447488037 1.46783227641844194 -0.47502586987384154
0.56208067783341009 1.45784349988339823 -0.47026573799494825
0.57549835602019450 1.44743921664855368 -0.46530833788450265
0.58923598051569026 1.43660560822098082 -0.46014718865041415
0.60330118048188985 1.42532875114326751 -0.45477577048592960
0.61770176699916302 1.41359465939891948 -0.44918754591047860
0.63244573740412080 1.40138933238363128 -0.44337598374677278
0.64754127973092235 1.38869880886980357 -0.43733458604287967
0.66299677725848449 1.37550922745076765 -0.43105691817662600
0.67882081316611476 1.36180689394034027 -0.42453664237429917
0.69502217530016741 1.34757835621956690 -0.41776755488335920
0.71160986105435220 1.33281048699512539 -0.41074362702541950
0.72859308236642029 1.31749057498193523 -0.40345905037887464
0.74598127083399701 1.30160642499612300 -0.39590828632744252
0.76378408295239730 1.28514646742763250 -0.38808612020232153
0.78201140547734183 1.26809987750782738 -0.37998772021914240
0.80067336091555030 1.25045670478156201 -0.37160870140751451
0.81978031314624866 1.23220801314004991 -0.36294519470449477
0.83934287317673506 1.21334603168102051 -0.35399392133893615
0.85937190503517635 1.19386431655994363 -0.34475227258305097
0.87987853180392572 1.17375792389776135 -0.33521839489887018
0.90087414179670666 1.15302359367782481 -0.32539128044135962
0.92237039488308570 1.13165994436170214 -0.31527086278007882
0.94437922896375892 1.10966767773703179 -0.30485811759452297
0.96691286660024389 1.08704979330364004 -0.29415516799650759
0.98998382180264899 1.06381181117960755 -0.28316539397241708
1.01360490697930983 1.03996200215010037 -0.27189354526174653
1.03778924005212847 1.01551162304504161 -0.26034585677319083
1.06255025174158768 0.99047515531520613 -0.24853016548401113
1.08790169302547657 0.96487054403080985 -0.23645602744990279
1.11385764277546384 0.93871943392873070 -0.22413483325844319
1.14043251557577241 0.91204739839755167 -0.21157991989633007
1.16764106972829285 0.88488415682761479 -0.19880667677319214
1.19549841544856994 0.85726377480702998 -0.18583264317822579
1.22402002325723802 0.82922484062061519 -0.17267759394149423
1.25322173257153668 0.80081061057370861 -0.15936360961092735
1.28311976050170151 0.77206911499439457 -0.14591512712589014
1.31373071085710680 0.74305321595184881 -0.13235896656465565
1.34507158336715049 0.71382060607454878 -0.11872432872693589
1.37715978312202814 0.68443373726140710 -0.10504275801875639
1.41001313023860653 0.65495966738643940 -0.09134806476154286
1.44364986975679277 0.62546981363075405 -0.07767620130272139
1.47808868177188435 0.59603959914495919 -0.06406508534755813
1.51334869180851439 0.56674798092129197 -0.05055436449942115
1.54944948144197880 0.53767684745690647 -0.03718511632655801
1.58641109917282419 0.50891027921968035 -0.02399948043267508
1.62425407156073853 0.48053366541894466 -0.01104021922694510
1.66299941462393996 0.45263267678205366 0.00164979289383679
1.70266864551037433 0.42529210121588051 0.01402814874829858
1.74328379444722192 0.39859456300583590 0.02605354603344726
1.78486741697534423 0.37261915781415283 0.03768646787834292
1.82744260647545032 0.34744005379188792 0.04888988138363835
1.87103300699296327 0.32312467684079615 0.05962996714287460
1.91566282636869012 0.29973071365220666 0.06987683067856129
1.96135684968260815 0.27730513487632047 0.07960470798649155
2.00814045301819233 0.25588456155584799 0.08879192309059288
2.05603961755498155 0.23549573547539610 0.09742080728487312
2.10508094399717427 0.21615604907826105 0.10547758655151288
2.15529166734626898 0.19787412696993084 0.11295223922956554
2.20669967202598505 0.18065045003444496 0.11983832760813959
2.25933350736779737 0.16447801588192612 0.12613280708417204
2.31322240346576313 0.14934302842606487 0.13183581790717860
2.36839628740939467 0.13522560662898897 0.13695046638610625
2.42488579990360664 0.12210050347766964 0.14148260257489295
2.48272231228496576 0.10993782613546313 0.14544060127507508
2.54193794394371464 0.09870374808615386 0.14883515250859120
2.60256558016118822 0.08836120066304241 0.15167906754390639
2.66463889037259971 0.07887053533168459 0.15398710282962150
2.72819234686529599 0.07019014893497812 0.15577580072038841
2.79326124392286168 0.06227706488945953 0.15706334146677564
2.85988171742575181 0.05508746179908024 0.15786939659793744
2.92809076491924847 0.04857714540534021 0.15821496702205917
2.99792626615999280 0.04270196446484690 0.15812218392585606
3.06942700415242786 0.03741817226968373 0.15761405162738945
3.14263268668685303 0.03268273814829584 0.15671412095082174
3.21758396839109073 0.02845361652903427 0.15544610221764502
3.29432247330791617 0.02468998731805635 0.15383345308778995
3.37289081801090918 0.02135247564301994 0.15189900447884344
3.45333263527147460 0.01840335389871002 0.14966469652912823
3.53569259829021076 0.01580671952093439 0.14715147781275453
3.62001644550610102 0.01352864270806991 0.14437937210166016
3.70635100599723177 0.01153727419100267 0.14136767079945844
3.79474422548724588 0.00980290819922681 0.13813518100128108
3.88524519297190229 0.00829799936148093 0.13470046261603541
3.97790416798054647 0.00699714220687031 0.13108200960801428
4.07277260848763234 0.00587702177770523 0.12729836081355539
4.16990319948983412 0.00491634344877428 0.12336814683009524
4.26934988226451040 0.00409574688455104 0.11931009005949883
4.37116788432590742 0.00339770991075081 0.11514297464424582
4.47541375009564746 0.00280644633644962 0.11088559913283637
4.58214537230454422 0.00230779981598169 0.10655671993508488
4.69142202414325116 0.00188913483300701 0.10217498934170095
4.80330439217945759 0.00153922632505742 0.09775888807899819
4.91785461006008262 0.00124815024206321 0.09332664934812918
5.03513629301706267 0.00100717584245222 0.08889617137760344
5.15521457319593690 0.00080866056384479 0.08448491599801740
5.27815613582688314 0.00064594800041245 0.08010979280489676
5.40402925625817421 0.00051327061714120 0.07578702955199949
5.53290383787278817 0.00040565754506981 0.07153203315296659
5.66485145090910880 0.00031884788179468 0.06735924793666724
5.79994537220729267 0.00024920943728545 0.06328202013191649
5.93826062590346204 0.00019366362070913 0.05931247644495712
6.07987402509414476 0.00014961641798725 0.05546142438858425
6.22486421449431049 0.00011489539034723 0.05173828003667985
6.37331171411254616 0.00008769237456923 0.04815102687744531
6.52529896396768017 0.00006651192599386 0.04470620589027444
6.68091036987166476 0.00005012529261266 0.04140893507403201
6.84023235030422683 0.00003752960377983 0.03826295521375916
7.00335338440511990 0.00002791189130919 0.03527069766499367
7.17036406111088365 0.00002061766488116 0.03243336902756368
7.34135712946321739 0.00001512374068373 0.02975104770209056
7.51642755011695307 0.00001101491515823 0.02722278791814116
7.69567254807632573 0.00000796409078359 0.02484672723306099
7.87919166668859727 0.00000571548332661 0.02262019389915627
8.06708682292530632 0.00000407059135093 0.02053981155748537
8.25946236398164046 0.00000287656035787 0.01860159937282880
8.45642512522542411 0.00000201661436573 0.01680106631798860
8.65808448952798670 0.00000140224896227 0.01513329841153077
8.86455244800962383 0.00000096693458184 0.01359303889841803
9.07594366223370663 0.00000066107823104 0.01217476142746861
9.29237552788372945 0.00000044802780989 0.01087273660916083
9.51396823995876595 0.00000030092885094 0.00968109194135242
9.74084485952350043 0.00000020027971533 0.00859386598272293
9.97313138205001337 0.00000013204714131 0.00760505744998287
10.21095680738900846 0.00000008622695873 0.00670866984615029
10.45445321140968531 0.00000005575459223 0.00589875170917971
10.70375581934779241 0.00000003568947933 0.00516943299049517
10.95900308090266506 0.00000002261085390 0.00451495809292548
11.22033674712506190 0.00000001417438715 0.00392971572904529
11.48790194913822305 0.00000000879011821 0.00340826548010399
11.76184727873620162 0.00000000539110162 0.00294536097276412
12.04232487090401271 0.00000000326917473 0.00253597004559770
12.32949048830546168 0.00000000195956357 0.00217529179726750
12.62350360778571456 0.00000000116071106 0.00185877043221260
12.92452750893630764 0.00000000067922237 0.00158210563048762
13.23272936477222572 0.00000000039255260 0.00134125988625165
13.54828033457108027 0.00000000022400242 0.00113246280998897
13.87135565892604383 0.00000000012616783 0.00095221252800056
14.20213475706544770 0.00000000007012206 0.00079727406030294
14.54080132649275470 0.00000000003844451 0.00066467520235303
14.88754344500268267 0.00000000002078475 0.00055170013645561
15.24255367512981252 0.00000000001107759 0.00045588105118129
15.60602917108779408 0.00000000000581827 0.00037498786193368
15.97817178825851592 0.00000000000301053 0.00030701649481224
16.35918819529219803 0.00000000000153403 0.00025017609476950
16.74928998888023912 0.00000000000076950 0.00020287543275695
17.14869381126511527 0.00000000000037986 0.00016370869919620
17.55762147055219913 0.00000000000018446 0.00013144098644475
17.97630006389040247 0.00000000000008808 0.00010499379906591
18.40496210359024332 0.00000000000004134 0.00008343077044915
18.84384564624889791 0.00000000000001906 0.00006594374068367
19.29319442495458503 0.00000000000000863 0.00005183932934493
19.75325798464320215 0.00000000000000384 0.00004052621846015
20.22429182068257347 0.00000000000000168 0.00003150321083334
20.70655752076142164 0.00000000000000072 0.00002434812607230
21.20032291016135417 0.00000000000000030 0.00001870754501623
21.70586220049323956 0.00000000000000012 0.00001428747871554
22.22345614198001229 0.00000000000000005 0.00001084494485362
22.75339217937076697 0.00000000000000002 0.00000818043015790
23.29596461157256471 0.00000000000000001 0.00000613118651464
23.85147475508890480 0.00000000000000000 0.00000456534158938
24.42023111135499391 0.00000000000000000 0.00000337676856022
25.00254953806354408 0.00000000000000000 0.00000248065269267
25.59875342457567982 0.00000000000000000 0.00000180968540674
26.20917387151450484 0.00000000000000000 0.00000131083021326
26.83414987464136203 0.00000000000000000 0.00000094260054241
27.47402851311615279 0.00000000000000000 0.00000067278557643
28.12916514224724907 0.00000000000000000 0.00000047656455107
28.79992359083728815 0.00000000000000000 0.00000033495694403
29.48667636323470376 0.00000000000000000 0.00000023356196006
30.18980484620349003 0.00000000000000000 0.00000016154095492
30.90969952072524762 0.00000000000000000 0.00000011080280076
31.64676017885220105 0.00000000000000000 0.00000007535710090
32.40139614573088522 0.00000000000000000 0.00000005080635450
33.17402650691995802 0.00000000000000000 0.00000003395038688
33.96508034112876118 0.00000000000000000 0.00000002248099095
34.77499695850494277 0.00000000000000000 0.00000001474820179
35.60422614460473056 0.00000000000000000 0.00000000958343843
36.45322841018035120 0.00000000000000000 0.00000000616687147
37.32247524692373020 0.00000000000000000 0.00000000392890026
38.21244938930841784 0.00000000000000000 0.00000000247764469
39.12364508267544494 0.00000000000000000 0.00000000154619687
40.05656835771107893 0.00000000000000000 0.00000000095464147
41.01173731147022039 0.00000000000000000 0.00000000058298301
41.98968239510047340 0.00000000000000000 0.00000000035204711
42.99094670842703891 0.00000000000000000 0.00000000021016490
44.01608630156243152 0.00000000000000000 0.00000000012399803
45.06567048370731499 0.00000000000000000 0.00000000007228408
46.14028213931551647 0.00000000000000000 0.00000000004162191
47.24051805179767172 0.00000000000000000 0.00000000002366612
48.36698923494354574 0.00000000000000000 0.00000000001328391
49.52032127224774172 0.00000000000000000 0.00000000000735840
50.70115466432564233 0.00000000000000000 0.00000000000402128
51.91014518461447125 0.00000000000000000 0.00000000000216737
53.14796424355573379 0.00000000000000000 0.00000000000115171
54.41529926146144902 0.00000000000000000 0.00000000000060318
55.71285405027211368 0.00000000000000000 0.00000000000031124
57.04134920441660483 0.00000000000000000 0.00000000000015817
58.40152250099322373 0.00000000000000000 0.00000000000007914
59.79412930949265359 0.00000000000000000 0.00000000000003897
61.21994301129083027 0.00000000000000000 0.00000000000001888
62.67975542914470566 0.00000000000000000 0.00000000000000899
64.17437726692972433 0.00000000000000000 0.00000000000000421
65.70463855986204749 0.00000000000000000 0.00000000000000194
67.27138913545726950 0.00000000000000000 0.00000000000000088
68.87549908548038502 0.00000000000000000 0.00000000000000039
70.51785924914933901 0.00000000000000000 0.00000000000000017
72.19938170786123521 0.00000000000000000 0.00000000000000007
73.92100029171422193 0.00000000000000000 0.00000000000000003
75.68367109810859006 0.00000000000000000 0.00000000000000001
77.48837302271347482 0.00000000000000000 0.00000000000000001
79.33610830309434903 0.00000000000000000 0.00000000000000000
