0.00000000000000000 0.00000000000577809 -0.00000000000808884
0.00001479017834245 0.00001787309413203 -0.00002502118997516
0.00002993303044112 0.00003617237454242 -0.00005063901350624
0.00004543696584831 0.00005490800368586 -0.00007686769737237
0.00006131059464321 0.00007409038634048 -0.00010372180758891
0.00007756273221348 0.00009373017538600 -0.00013121625749635
0.00009420240415086 0.00011383827771958 -0.00015936631604195
0.00011123885126353 0.00013442586031270 -0.00018818761625892
0.00012868153470796 0.00015550435641253 -0.00021769616394771
0.00014654014124313 0.00017708547189104 -0.00024790834656432
0.00016482458861008 0.00019918119174562 -0.00027884094232048
0.00018354503103970 0.00022180378675460 -0.00031051112950079
0.00020271186489184 0.00024496582029151 -0.00034293649600203
0.00022233573442895 0.00026868015530170 -0.00037613504909988
0.00024242753772729 0.00029295996144549 -0.00041012522544841
0.00026299843272922 0.00031781872241140 -0.00044492590131812
0.00028405984343969 0.00034327024340393 -0.00048055640307789
0.00030562346627056 0.00036932865880971 -0.00051703651792692
0.00032770127653619 0.00039600844004656 -0.00055438650488247
0.00035030553510386 0.00042332440359955 -0.00059262710602959
0.00037344879520289 0.00045129171924872 -0.00063177955803896
0.00039714390939599 0.00047992591849297 -0.00067186560395936
0.00042140403671692 0.00050924290317469 -0.00071290750529123
0.00044624264997835 0.00053925895431013 -0.00075492805434804
0.00047167354325394 0.00056999074113014 -0.00079795058691230
0.00049771083953886 0.00060145533033657 -0.00084199899519332
0.00052436899859298 0.00063367019557924 -0.00088709774109379
0.00055166282497104 0.00066665322715890 -0.00093327186979259
0.00057960747624433 0.00070042274196145 -0.00098054702365138
0.00060821847141845 0.00073499749362898 -0.00102894945645263
0.00063751169955175 0.00077039668297331 -0.00107850604797707
0.00066750342857924 0.00080663996863769 -0.00112924431892851
0.00069821031434701 0.00084374747801274 -0.00118119244621442
0.00072964940986200 0.00088173981841249 -0.00123437927859075
0.00076183817476235 0.00092063808851689 -0.00128883435267945
0.00079479448501358 0.00096046389008707 -0.00134458790936793
0.00082853664283596 0.00100123933995976 -0.00140167091059914
0.00086308338686863 0.00104298708232766 -0.00146011505656195
0.00089845390257607 0.00108573030131255 -0.00151995280329104
0.00093466783290265 0.00112949273383793 -0.00158121738068627
0.00097174528918138 0.00117429868280861 -0.00164394281096136
0.00100970686230267 0.00122017303060431 -0.00170816392753222
0.00104857363414939 0.00126714125289486 -0.00177391639435528
0.00108836718930472 0.00131522943278470 -0.00184123672572660
0.00112910962703908 0.00136446427529437 -0.00191016230655268
0.00117082357358291 0.00141487312218712 -0.00198073141310416
0.00121353219469209 0.00146648396714889 -0.00205298323426405
0.00125725920851302 0.00151932547132994 -0.00212695789328197
0.00130202889875444 0.00157342697925683 -0.00220269647004671
0.00134786612817331 0.00162881853512351 -0.00228024102388922
0.00139479635238233 0.00168553089947062 -0.00235963461692881
0.00144284563398665 0.00174359556626212 -0.00244092133797528
0.00149204065705768 0.00180304478036877 -0.00252414632700035
0.00154240874195204 0.00186391155546816 -0.00260935580019183
0.00159397786048384 0.00192622969237105 -0.00269659707560436
0.00164677665145883 0.00199003379778441 -0.00278591859942091
0.00170083443657883 0.00205535930352125 -0.00287736997283960
0.00175618123672553 0.00212224248616808 -0.00297100197960046
0.00181284778863252 0.00219072048722073 -0.00306686661416766
0.00187086556195484 0.00226083133369980 -0.00316501711058241
0.00193026677674563 0.00233261395925693 -0.00326550797200261
0.00199108442134944 0.00240610822578380 -0.00336839500094561
0.00205335227072226 0.00248135494553555 -0.00347373533025050
0.00211710490518836 0.00255839590378101 -0.00358158745477720
0.00218237772964443 0.00263727388199211 -0.00369201126385969
0.00224920699322156 0.00271803268158545 -0.00380506807453130
0.00231762980941620 0.00280071714822886 -0.00392082066554023
0.00238768417670101 0.00288537319672657 -0.00403933331217413
0.00245940899962724 0.00297204783649667 -0.00416067182191277
0.00253284411043031 0.00306078919765480 -0.00428490357092845
0.00260803029115056 0.00315164655771852 -0.00441209754145410
0.00268500929628145 0.00324467036894701 -0.00454232436003969
0.00276382387595789 0.00333991228633130 -0.00467565633671777
0.00284451779969737 0.00343742519625010 -0.00481216750509973
0.00292713588070732 0.00353726324580740 -0.00495193366342466
0.00301172400077201 0.00363948187286758 -0.00509503241658327
0.00309832913573293 0.00374413783680481 -0.00524154321913986
0.00318699938157670 0.00385128924998348 -0.00539154741937588
0.00327778398114512 0.00396099560998691 -0.00554512830437897
0.00337073335148202 0.00407331783261213 -0.00570237114620227
0.00346589911183233 0.00418831828564874 -0.00586336324911905
0.00356333411230869 0.00430606082346028 -0.00602819399799828
0.00366309246324164 0.00442661082238716 -0.00619695490782767
0.00376522956522972 0.00455003521699050 -0.00636973967441090
0.00386980213990604 0.00467640253715651 -0.00654664422626661
0.00397686826143855 0.00480578294608195 -0.00672776677775728
0.00408648738878143 0.00493824827916109 -0.00691320788347679
0.00419872039869544 0.00507387208379566 -0.00710307049392599
0.00431362961955576 0.00521272966014921 -0.00729746001250641
0.00443127886596591 0.00535489810286825 -0.00749648435386280
0.00455173347419705 0.00550045634379268 -0.00770025400360596
0.00467506033847237 0.00564948519567886 -0.00790888207944787
0.00480132794811664 0.00580206739695888 -0.00812248439378208
0.00493060642559163 0.00595828765756037 -0.00834117951774271
0.00506296756543846 0.00611823270581162 -0.00856508884677644
0.00519848487414859 0.00628199133645732 -0.00879433666776254
0.00533723361098545 0.00644965445981084 -0.00902905022771650
0.00547929082977958 0.00662131515206955 -0.00926935980411398
0.00562473542172026 0.00679706870682026 -0.00951539877687235
0.00577364815916761 0.00697701268776234 -0.00976730370202778
0.00592611174050934 0.00716124698267695 -0.01002521438714703
0.00608221083608716 0.00734987385867117 -0.01028927396851336
0.00624203213521824 0.00754299801872649 -0.01055962899012743
0.00640566439433796 0.00774072665958202 -0.01083642948456423
0.00657319848629066 0.00794316953098297 -0.01111982905572859
0.00674472745079562 0.00815043899632603 -0.01140998496355206
0.00692034654611656 0.00836265009473383 -0.01170705821067543
0.00710015330196303 0.00857992060459103 -0.01201121363116131
0.00728424757365341 0.00880237110857588 -0.01232261998128297
0.00747273159756936 0.00903012506022120 -0.01264145003243562
0.00766571004793253 0.00926330885203986 -0.01296788066621783
0.00786329009493521 0.00950205188525022 -0.01330209297173147
0.00806558146425712 0.00974648664113808 -0.01364427234514957
0.00827269649800128 0.00999674875409209 -0.01399460859160207
0.00848475021708299 0.01025297708635047 -0.01435329602943089
0.00870186038510648 0.01051531380449768 -0.01472053359686620
0.00892414757376467 0.01078390445775042 -0.01509652496117697
0.00915173522979844 0.01105889805807287 -0.01548147863034955
0.00938474974355250 0.01134044716216226 -0.01587560806734921
0.00962332051916602 0.01162870795534628 -0.01627913180702029
0.00986758004643697 0.01192384033743488 -0.01669227357568153
0.01011766397440005 0.01222600801056941 -0.01711526241347405
0.01037371118665912 0.01253537856911343 -0.01754833279952047
0.01063586387851590 0.01285212359162964 -0.01799172477995407
0.01090426763593788 0.01317641873498868 -0.01844568409887850
0.01117907151640917 0.01350844383065594 -0.01891046233231836
0.01146042813170928 0.01384838298320372 -0.01938631702522279
0.01174849373266574 0.01419642467109624 -0.01987351183158415
0.01204342829592773 0.01455276184979651 -0.02037231665773512
0.01234539561280875 0.01491759205724415 -0.02088300780888789
0.01265456338024781 0.01529111752175441 -0.02140586813898010
0.01297110329393957 0.01567354527238904 -0.02194118720389239
0.01329519114368521 0.01606508725185083 -0.02248926141810335
0.01362700691101696 0.01646596043195384 -0.02305039421484783
0.01396673486915043 0.01687638693172210 -0.02362489620984514
0.01431456368532043 0.01729659413817064 -0.02421308536866409
0.01467068652555687 0.01772681482982258 -0.02481528717779168
0.01503530116195919 0.01816728730301735 -0.02543183481947309
0.01540861008252864 0.01861825550106486 -0.02606306935038983
0.01579082060361962 0.01907996914630167 -0.02670933988424373
0.01618214498507239 0.01955268387510512 -0.02737100377831351
0.01658280054809112 0.02003666137592199 -0.02804842682405091
0.01699300979593281 0.02053216953036852 -0.02874198344178265
0.01741300053747404 0.02103948255745899 -0.02945205687958386
0.01784300601372408 0.02155888116101991 -0.03017903941638794
0.01828326502735493 0.02209065268034753 -0.03092333256939680
0.01873402207531983 0.02263509124416575 -0.03168534730585416
0.01919552748463418 0.02319249792794187 -0.03246550425924326
0.01966803755139409 0.02376318091461725 -0.03326423394996855
0.02015181468310996 0.02434745565880974 -0.03408197701057927
0.02064712754443395 0.02494564505454396 -0.03491918441559022
0.02115425120636234 0.02555807960656552 -0.03577631771595277
0.02167346729899560 0.02618509760529365 -0.03665384927822603
0.02220506416794121 0.02682704530546695 -0.03755226252849535
0.02274933703444569 0.02748427710853461 -0.03847205220108095
0.02330658815934526 0.02815715574884517 -0.03941372459207585
0.02387712701092562 0.02884605248368263 -0.04037779781774769
0.02446127043678465 0.02955134728719866 -0.04136480207783388
0.02505934283979307 0.03027342904828693 -0.04237527992375380
0.02567167635825091 0.03101269577244363 -0.04340978653175568
0.02629861105033979 0.03176955478765600 -0.04446888998100892
0.02694049508297364 0.03254442295435701 -0.04555317153664516
0.02759768492515240 0.03333772687948159 -0.04666322593774266
0.02827054554592643 0.03414990313465600 -0.04779966169024017
0.02895945061708132 0.03498139847854796 -0.04896310136475592
0.02966478272065568 0.03583267008340019 -0.05015418189927635
0.03038693356140742 0.03670418576576583 -0.05137355490666826
0.03112630418434613 0.03759642422145763 -0.05262188698695356
0.03188330519745265 0.03850987526471768 -0.05389986004427271
0.03265835699970931 0.03944504007160685 -0.05520817160844724
0.03345189001456775 0.04040243142760690 -0.05654753516103496
0.03426434492898361 0.04138257397941837 -0.05791868046575233
0.03509617293815131 0.04238600449093075 -0.05932235390312058
0.03594783599607413 0.04341327210332932 -0.06075931880916789
0.03681980707210974 0.04446493859929516 -0.06223035581799985
0.03771257041363248 0.04554157867124052 -0.06373626320802143
0.03862662181495934 0.04664378019351140 -0.06527785725156955
0.03956246889268836 0.04777214449847483 -0.06685597256768383
0.04052063136760231 0.04892728665639246 -0.06847146247771053
0.04150164135329468 0.05010983575896787 -0.07012519936340231
0.04250604365167800 0.05132043520643632 -0.07181807502713618
0.04353439605553822 0.05255974299804573 -0.07355100105383246
0.04458726965830407 0.05382843202576002 -0.07532490917411494
0.04566524917120245 0.05512719037099004 -0.07714075162820294
0.04676893324797669 0.05645672160413641 -0.07899950152997701
0.04789893481734779 0.05781774508670008 -0.08090215323060364
0.04905588142340300 0.05921099627568899 -0.08284972268104497
0.05024041557410117 0.06063722703001975 -0.08484324779271693
0.05145319509808847 0.06209720591857851 -0.08688378879548925
0.05269489351002182 0.06359171852957030 -0.08897242859214660
0.05396620038460430 0.06512156778074876 -0.09111027310835096
0.05526782173953874 0.06668757423007429 -0.09329845163705766
0.05660048042761331 0.06829057638630638 -0.09553811717624847
0.05796491653813660 0.06993143101898727 -0.09783044675874258
0.05936188780794428 0.07161101346722008 -0.10017664177274019
0.06079217004220718 0.07333021794659166 -0.10257792827163871
0.06225655754527273 0.07508995785352726 -0.10503555727153795
0.06375586356178048 0.07689116606630293 -0.10755080503471909
0.06529092072829594 0.07873479524186874 -0.11012497333723949
0.06686258153571339 0.08062181810756124 -0.11275938971862795
0.06847171880268509 0.08255322774670475 -0.11545540771150740
0.07011922616033948 0.08453003787701387 -0.11821440704879255
0.07180601854855713 0.08655328312061553 -0.12103779384592055
0.07353303272408108 0.08862401926441121 -0.12392700075537315
0.07530122778074254 0.09074332350938770 -0.12688348709052144
0.07711158568209175 0.09291229470737621 -0.12990873891560489
0.07896511180672973 0.09513205358363239 -0.13300426909839841
0.08086283550664285 0.09740374294347787 -0.13617161732185712
0.08280581067885155 0.09972852786110022 -0.13941235005073402
0.08479511635069015 0.10210759584845741 -0.14272806044886580
0.08683185727904201 0.10454215700206991 -0.14612036824249411
0.08891716456386457 0.10703344412531079 -0.14959091952463996
0.09105219627634296 0.10958271282361114 -0.15314138649516298
0.09323813810202267 0.11219124156979708 -0.15677346713073481
0.09547620399927788 0.11486033173656894 -0.16048888477854012
0.09776763687348035 0.11759130759289477 -0.16428938766704937
0.10011370926724453 0.12038551626085388 -0.16817674832672735
0.10251572406713193 0.12324432762918576 -0.17215276291298373
0.10497501522720583 0.12616913421953427 -0.17621925042314640
0.10749294850984072 0.12916135100107806 -0.18037805179863836
0.11007092224419504 0.13222241514891472 -0.18463102890290065
0.11271036810277073 0.13535378574121834 -0.18898006336490727
0.11541275189648990 0.13855694338982008 -0.19342705527738602
0.11817957438872947 0.14183338979849600 -0.19797392173813672
0.12101237212876731 0.14518464724281940 -0.20262259522199386
0.12391271830510205 0.14861225796499922 -0.20737502177011891
0.12688222361911947 0.15211778347661553 -0.21223315898229267
0.12992253717959312 0.15570280376172393 -0.21719897379702288
0.13303534741851275 0.15936891637223782 -0.22227444004317368
0.13622238302875186 0.16311773540695662 -0.22746153574575992
0.13948541392409430 0.16695089036494679 -0.23276224016724231
0.14282625222215137 0.17087002486338426 -0.23817853056449942
0.14624675325071865 0.17487679520932226 -0.24371237864039219
0.14974881657812772 0.17897286881410740 -0.24936574666739569
0.15333438706816793 0.18315992243839865 -0.25514058325926431
0.15700545596016302 0.18743964025487184 -0.26103881876499785
0.16076406197480095 0.19181371171499509 -0.26706236025804969
0.16461229244633385 0.19628382920528442 -0.27321308609182243
0.16855228448177517 0.20085168547755519 -0.27949283999077840
0.17258622614773686 0.20551897083648496 -0.28590342464413915
0.17671635768556884 0.21028737006701598 -0.29244659476770019
0.18094497275547147 0.21515855908294013 -0.29912404959700978
0.18527441971027553 0.22013420127692346 -0.30593742477310693
0.18970710289959578 0.22521594355077743 -0.31288828357919612
0.19424548400508060 0.23040541200365544 -0.31997810748455269
0.19889208340750245 0.23570420725471444 -0.32720828594986145
0.20364948158644677 0.24111389937530839 -0.33458010544541544
0.20852032055337477 0.24663602240428381 -0.34209473763079573
0.21350730531886081 0.25227206841816857 -0.34975322664126696
0.21861320539481308 0.25802348112721146 -0.35755647542485064
0.22384085633251696 0.26389164896630996 -0.36550523107041466
0.22919316129735354 0.26987789764846937 -0.37360006906470217
0.23467309268106515 0.27598348214586044 -0.38184137641126115
0.24028369375246786 0.28220957806307012 -0.39022933354392886
0.24602808034752538 0.28855727236508733 -0.39876389496380366
0.25190944259972059 0.29502755342114384 -0.40744476852638767
0.25793104671169148 0.30162130032268081 -0.41627139330020757
0.26409623676910893 0.30833927143285733 -0.42524291591735947
0.27040843659780817 0.31518209212402964 -0.43435816533526367
0.27687115166520443 0.32215024165774769 -0.44361562592592096
0.28348797102704559 0.32924403915970440 -0.45301340880553365
0.29026256932058897 0.33646362863978885 -0.46254922131363124
0.29719870880530180 0.34380896300909469 -0.47222033455593165
0.30430024145222523 0.35127978704317464 -0.48202354892102828
0.31157111108315971 0.35887561924074129 -0.49195515748237029
0.31901535556085647 0.36659573252253835 -0.50201090718891150
0.32663710903143739 0.37443913372076504 -0.51218595776196862
0.33444060422028560 0.38240454180736605 -0.52247483821323959
0.34243017478267906 0.39049036481185007 -0.53287140090615470
0.35061025771047927 0.39869467537429593 -0.54336877307399922
0.35898539579620387 0.40701518488733074 -0.55395930572840113
0.36756024015585820 0.41544921618400443 -0.56463451990117053
0.37633955281192416 0.42399367473221572 -0.57538505017335018
0.38532820933793754 0.43264501829533258 -0.58620058544604725
0.39453120156612936 0.44139922502515216 -0.59706980692493294
0.40395364035963033 0.45025175996978811 -0.60798032332954444
0.41360075845077637 0.45919753998270474 -0.61891860335001891
0.42347791334709861 0.46823089702893372 -0.62986990539909471
0.43359059030660180 0.47734553988433120 -0.64081820471093554
0.44394440538399216 0.48653451426274136 -0.65174611792779702
0.45454510854954366 0.49579016141096766 -0.66263482533115825
0.46539858688232971 0.50510407523789946 -0.67346399093658427
0.47651086783960167 0.51446705803760306 -0.68421168066253579
0.48788812260412673 0.52386907493013246 -0.69485427892847895
0.49953666951133846 0.53329920716271917 -0.70536640408477258
0.51146297755821524 0.54274560445611852 -0.71572082317492736
0.52367366999582143 0.55219543658143966 -0.72588836653868116
0.53617552800751800 0.56163484442796996 -0.73583784293536314
0.54897549447488037 0.57104889088556254 -0.74553595601188261
0.56208067783341009 0.58042151191367342 -0.75494722305321238
0.57549835602019450 0.58973546820233314 -0.76403389703377045
0.58923598051569026 0.59897229788922490 -0.77275589312516257
0.60330118048188985 0.60811227094667675 -0.78107072115067011
0.61770176699916302 0.61713434589572258 -0.78893342558056190
0.63244573740412080 0.62601612960029895 -0.79629653488076402
0.64754127973092235 0.63473384090545804 -0.80311002206118276
0.66299677725848449 0.64326227915473866 -0.80932127887059924
0.67882081316611476 0.65157479866352752 -0.81487510618595294
0.69502217530016741 0.65964329039297398 -0.81971372351890259
0.71160986105435220 0.66743817202753930 -0.82377680048320412
0.72859308236642029 0.67492838802789601 -0.82700151387801635
0.74598127083399701 0.68208142132398464 -0.82932263425389519
0.76378408295239730 0.68886331850522564 -0.83067264625423698
0.78201140547734183 0.69523873031553685 -0.83098190692646490
0.80067336091555030 0.70117096959992531 -0.83017884694044086
0.81978031314624866 0.70662208910158630 -0.82819022020250388
0.83934287317673506 0.71155298160929226 -0.82494140757344148
0.85937190503517635 0.71592350495467583 -0.82035678039785376
0.87987853180392572 0.71969263445133069 -0.81436012974941918
0.90087414179670666 0.72281864586990685 -0.80687516837116391
0.92237039488308570 0.72525933188385794 -0.79782611192655750
0.94437922896375892 0.72697225495880291 -0.78713834623377443
0.96691286660024389 0.72791503923562784 -0.77473918621447724
0.98998382180264899 0.72804570463918561 -0.76055873370642491
1.01360490697930983 0.72732304584892549 -0.74453083994075775
1.03778924005212847 0.72570705860151530 -0.72659417803922943
1.06255025174158768 0.72315941464715494 -0.70669342832959881
1.08790169302547657 0.71964398706036725 -0.68478057994998942
1.11385764277546384 0.71512742645352656 -0.66081634956903545
1.14043251557577241 0.70957978764398644 -0.63477171569140978
1.16764106972829285 0.70297520428534044 -0.60662956243002986
1.19549841544856994 0.69529260810314919 -0.57638642444996868
1.22402002325723802 0.68651648745460492 -0.54405432028396838
1.25322173257153668 0.67663767718263468 -0.50966265488564666
1.28311976050170151 0.66565416843332892 -0.47326016474932414
1.31373071085710680 0.65357192402114261 -0.43491687176589688
1.34507158336715049 0.64040568159467992 -0.39472600402123015
1.37715978312202814 0.62617972162223978 -0.35280582975632296
1.41001313023860653 0.61092857203119688 -0.30930133866872850
1.44364986975679277 0.59469761605899640 -0.26438569263040390
1.47808868177188435 0.57754356427995091 -0.21826135432840238
1.51334869180851439 0.55953474471313969 -0.17116078600934803
1.54944948144197880 0.54075115813341978 -0.12334659434202851
1.58641109917282419 0.52128424136894802 -0.07511098716753868
1.62425407156073853 0.50123627519455538 -0.02677439215619128
1.66299941462393996 0.48071936952451266 0.02131692265505885
1.70266864551037433 0.45985395673839335 0.06879439265086032
1.74328379444722192 0.43876673165040586 0.11527201526053685
1.78486741697534423 0.41758798411092957 0.16035266055608838
1.82744260647545032 0.39644828721025588 0.20363593640237790
1.87103300699296327 0.37547453512899859 0.24472764523479559
1.91566282636869012 0.35478537905551238 0.28325075207195616
1.96135684968260815 0.33448618218319570 0.31885762705710319
2.00814045301819233 0.31466371128333720 0.35124311889876098
2.05603961755498155 0.29538179837198697 0.38015571423181699
2.10508094399717427 0.27668736257175913 0.40538551166220654
2.15529166734626898 0.25861966790859275 0.42674524457741686
2.20669967202598505 0.24121143140434298 0.44407008790701452
2.25933350736779737 0.22448903392341857 0.45721969609556068
2.31322240346576313 0.20847277718165830 0.46608033105407420
2.36839628740939467 0.19317718438909531 0.47056708837447891
2.42488579990360664 0.17861133891509690 0.47062623554355898
2.48272231228496576 0.16477925603822305 0.46623766004223927
2.54193794394371464 0.15168028118924939 0.45741741281048581
2.60256558016118822 0.13930950571480619 0.44422031287122804
2.66463889037259971 0.12765819018368155 0.42674256297375307
2.72819234686529599 0.11671418559685864 0.40512429819869211
2.79326124392286168 0.10646234273349045 0.37955196297569699
2.85988171742575181 0.09688489866552509 0.35026039103654844
2.92809076491924847 0.08796183139418144 0.31753445202803854
2.99792626615999280 0.07967117775717107 0.28171012719025590
3.06942700415242786 0.07198931372702375 0.24317489752848706
3.14263268668685303 0.06489120226031331 0.20236737282945824
3.21758396839109073 0.05835062112766740 0.15977614375966237
3.29432247330791617 0.05234039153682671 0.11593784920315636
3.37289081801090918 0.04683262565141865 0.07143441486695584
3.45333263527147460 0.04179900239627973 0.02688930812160896
3.53569259829021076 0.03721106397252392 -0.01703747323748207
3.62001644550610102 0.03304051562198961 -0.05965609004637498
3.70635100599723177 0.02925950285039014 -0.10025562510904285
3.79474422548724588 0.02584084545350398 -0.13811520578984052
3.88524519297190229 0.02275821647659841 -0.17251755863300047
3.97790416798054647 0.01998627003840852 -0.20276493550114563
4.07277260848763234 0.01750072734217061 -0.22819721295061227
4.16990319948983412 0.01527843198931157 -0.24821187148260995
4.26934988226451040 0.01329738241305045 -0.26228542662050353
4.37116788432590742 0.01153674901216689 -0.26999581128050026
4.47541375009564746 0.00997688091306905 -0.27104509146412459
4.58214537230454422 0.00859930444145855 -0.26528172411755091
4.69142202414325116 0.00738671363183667 -0.25272137039273812
4.80330439217945759 0.00632295329854273 -0.23356512778079166
4.91785461006008262 0.00539299641155215 -0.20821395040135501
5.03513629301706267 0.00458291596158724 -0.17727787473632572
5.15521457319593690 0.00387985168778795 -0.14157861361609603
5.27815613582688314 0.00327197170855639 -0.10214411958166082
5.40402925625817421 0.00274843108699074 -0.06019388295663249
5.53290383787278817 0.00229932780053826 -0.01711389196876014
5.66485145090910880 0.00191565682237887 0.02557950781135227
5.79994537220729267 0.00158926217919943 0.06628711757085186
5.93826062590346204 0.00131278836047114 0.10338549810463674
6.07987402509414476 0.00107963133359496 0.13529579147335627
6.22486421449431049 0.00088388945399557 0.16056107299012329
6.37331171411254616 0.00072031403190555 0.17792948384409168
6.52529896396768017 0.00058426025634055 0.18643948683779160
6.68091036987166476 0.00047163885892263 0.18550255880630223
6.84023235030422683 0.00037886876183614 0.17497755946177876
7.00335338440511990 0.00030283080143462 0.15522997541264655
7.17036406111088365 0.00024082297295340 0.12716873626542549
7.34135712946321739 0.00019051771389684 0.09225326061179652
7.51642755011695307 0.00014992141613959 0.05246372030080253
7.69567254807632573 0.00011733632369064 0.01022878536872646
7.87919166668859727 0.00009132495750355 -0.03169243069124383
8.06708682292530632 0.00007067737060375 -0.07037408474847635
8.25946236398164046 0.00005438121541546 -0.10292855048901722
8.45642512522542411 0.00004159460590578 -0.12674279922985046
8.65808448952798670 0.00003162166132986 -0.13973007209953359
8.86455244800962383 0.00002389075344583 -0.14057518382496198
9.07594366223370663 0.00001793529056758 -0.12894662357876616
9.29237552788372945 0.00001337687595489 -0.10564521810021819
9.51396823995876595 0.00000991062928318 -0.07265824523395599
9.74084485952350043 0.00000729253621890 -0.03309228484010523
9.97313138205001337 0.00000532862822957 0.00903354554812420
10.21095680738900846 0.00000386579559047 0.04913864229430913
10.45445321140968531 0.00000278403503331 0.08256159762313441
10.70375581934779241 0.00000198997061806 0.10513241698472897
10.95900308090266506 0.00000141148615344 0.11377466556716165
11.22033674712506190 0.00000099331020918 0.10705466923829632
11.48790194913822305 0.00000069341085532 0.08558037508646558
11.76184727873620162 0.00000048007712825 0.05215187810132126
12.04232487090401271 0.00000032958014470 0.01158445808228135
12.32949048830546168 0.00000022431271123 -0.02983721916788726
12.62350360778571456 0.00000015132190011 -0.06525577303529725
12.92452750893630764 0.00000010116141583 -0.08839416942974106
13.23272936477222572 0.00000006700401882 -0.09479202038195603
13.54828033457108027 0.00000004396072946 -0.08288774752069733
13.87135565892604383 0.00000002856350474 -0.05467844660934354
14.20213475706544770 0.00000001837566516 -0.01571338138660149
14.54080132649275470 0.00000001170197119 0.02572279466453619
14.88754344500268267 0.00000000737489224 0.06021569421281783
15.24255367512981252 0.00000000459863065 0.07937986641346248
15.60602917108779408 0.00000000283642540 0.07811383640354247
15.97817178825851592 0.00000000173011279 0.05634205355477559
16.35918819529219803 0.00000000104333545 0.01962448365015948
16.74928998888023912 0.00000000062187774 -0.02180220749205073
17.14869381126511527 0.00000000036627035 -0.05559630760950080
17.55762147055219913 0.00000000021310530 -0.07099557055196191
17.97630006389040247 0.00000000012244966 -0.06258399690293955
18.40496210359024332 0.00000000006946475 -0.03279996446510832
18.84384564624889791 0.00000000003889452 0.00804139409189687
19.29319442495458503 0.00000000002148811 0.04476857015140157
19.75325798464320215 0.00000000001171000 0.06283580429120676
20.22429182068257347 0.00000000000629248 0.05445371149325923
20.70655752076142164 0.00000000000333315 0.02275916828319144
21.20032291016135417 0.00000000000173985 -0.01836739785870474
21.70586220049323956 0.00000000000089463 -0.04968838834552237
22.22345614198001229 0.00000000000045300 -0.05557697507366623
22.75339217937076697 0.00000000000022579 -0.03256205628919760
23.29596461157256471 0.00000000000011075 0.00741772107461464
23.85147475508890480 0.00000000000005343 0.04208028854379472
24.42023111135499391 0.00000000000002535 0.05088872059310679
25.00254953806354408 0.00000000000001182 0.02800533740833554
25.59875342457567982 0.00000000000000541 -0.01229941154950718
26.20917387151450484 0.00000000000000244 -0.04312828825989412
26.83414987464136203 0.00000000000000108 -0.04263640624580864
27.47402851311615279 0.00000000000000047 -0.01074841405691809
28.12916514224724907 0.00000000000000020 0.02844786044031227
28.79992359083728815 0.00000000000000008 0.04358249509595691
29.48667636323470376 0.00000000000000003 0.02166708757560970
30.18980484620349003 0.00000000000000001 -0.01855058184157329
30.90969952072524762 0.00000000000000001 -0.04051898439490052
31.64676017885220105 0.00000000000000000 -0.02309323224609199
32.40139614573088522 0.00000000000000000 0.01677269724711922
33.17402650691995802 0.00000000000000000 0.03788121168572491
33.96508034112876118 0.00000000000000000 0.01721131453451541
34.77499695850494277 0.00000000000000000 -0.02220342432204675
35.60422614460473056 0.00000000000000000 -0.03407926275644982
36.45322841018035120 0.00000000000000000 -0.00367766389580128
37.32247524692373020 0.00000000000000000 0.03032341770306845
38.21244938930841784 0.00000000000000000 0.02265400199525226
39.12364508267544494 0.00000000000000000 -0.01616225193067988
40.05656835771107893 0.00000000000000000 -0.03013503410227424
41.01173731147022039 0.00000000000000000 0.00173444612097105
41.98968239510047340 0.00000000000000000 0.02959632464278756
42.99094670842703891 0.00000000000000000 0.00820220944779842
44.01608630156243152 0.00000000000000000 -0.02613684051187954
45.06567048370731499 0.00000000000000000 -0.01310720324689515
46.14028213931551647 0.00000000000000000 0.02320505366444216
47.24051805179767172 0.00000000000000000 0.01395571575696278
48.36698923494354574 0.00000000000000000 -0.02222367070860464
49.52032127224774172 0.00000000000000000 -0.01141948314011156
50.70115466432564233 0.00000000000000000 0.02287453625788808
51.91014518461447125 0.00000000000000000 0.00544720868062552
53.14796424355573379 0.00000000000000000 -0.02331637288249934
54.41529926146144902 0.00000000000000000 0.00399943881600679
55.71285405027211368 0.00000000000000000 0.02001640508646989
57.04134920441660483 0.00000000000000000 -0.01480910639011117
58.40152250099322373 0.00000000000000000 -0.00930906473831412
59.79412930949265359 0.00000000000000000 0.02046413147760565
61.21994301129083027 0.00000000000000000 -0.00771491955258362
62.67975542914470566 0.00000000000000000 -0.01209464983972018
64.17437726692972433 0.00000000000000000 0.01874113181790257
65.70463855986204749 0.00000000000000000 -0.00849385695454099
67.27138913545726950 0.00000000000000000 -0.00749677749828018
68.87549908548038502 0.00000000000000000 0.01665779613495577
70.51785924914933901 0.00000000000000000 -0.01453044324603370
72.19938170786123521 0.00000000000000000 0.00477488131753130
73.92100029171422193 0.00000000000000000 0.00602096370246455
75.68367109810859006 0.00000000000000000 -0.01304210229972665
77.48837302271347482 0.00000000000000000 0.01488513279473985
79.33610830309434903 0.00000000000000000 -0.01264577266464037
