0.00000000000000000 0.00000000000002196 0.00000000000317379
0.00001479017834245 0.00000000005069235 0.00000000732586590
0.00002993303044112 0.00000000020763328 0.00000003000637397
0.00004543696584831 0.00000000047842541 0.00000006914022493
0.00006131059464321 0.00000000087109727 0.00000012588767102
0.00007756273221348 0.00000000139412525 0.00000020147368975
0.00009420240415086 0.00000000205645669 0.00000029719131574
0.00011123885126353 0.00000000286753406 0.00000041440513821
0.00012868153470796 0.00000000383732035 0.00000055455497249
0.00014654014124313 0.00000000497632578 0.00000071915971377
0.00016482458861008 0.00000000629563575 0.00000090982138223
0.00018354503103970 0.00000000780694023 0.00000112822936881
0.00020271186489184 0.00000000952256462 0.00000137616489153
0.00022233573442895 0.00000001145550207 0.00000165550567246
0.00024242753772729 0.00000001361944747 0.00000196823084638
0.00026299843272922 0.00000001602883313 0.00000231642611222
0.00028405984343969 0.00000001869886612 0.00000270228913930
0.00030562346627056 0.00000002164556756 0.00000312813524074
0.00032770127653619 0.00000002488581386 0.00000359640332708
0.00035030553510386 0.00000002843737986 0.00000410966215381
0.00037344879520289 0.00000003231898429 0.00000467061687714
0.00039714390939599 0.00000003655033728 0.00000528211593303
0.00042140403671692 0.00000004115219040 0.00000594715825534
0.00044624264997835 0.00000004614638897 0.00000666890084941
0.00047167354325394 0.00000005155592714 0.00000745066673871
0.00049771083953886 0.00000005740500551 0.00000829595330244
0.00052436899859298 0.00000006371909171 0.00000920844102331
0.00055166282497104 0.00000007052498387 0.00001019200266543
0.00057960747624433 0.00000007785087728 0.00001125071290326
0.00060821847141845 0.00000008572643429 0.00001238885842355
0.00063751169955175 0.00000009418285761 0.00001361094852331
0.00066750342857924 0.00000010325296728 0.00001492172622805
0.00069821031434701 0.00000011297128139 0.00001632617995536
0.00072964940986200 0.00000012337410069 0.00001782955575066
0.00076183817476235 0.00000013449959745 0.00001943737012273
0.00079479448501358 0.00000014638790864 0.00002115542350827
0.00082853664283596 0.00000015908123362 0.00002298981439610
0.00086308338686863 0.00000017262393672 0.00002494695414296
0.00089845390257607 0.00000018706265472 0.00002703358251471
0.00093466783290265 0.00000020244640969 0.00002925678398795
0.00097174528918138 0.00000021882672729 0.00003162400484919
0.00100970686230267 0.00000023625776090 0.00003414307113027
0.00104857363414939 0.00000025479642178 0.00003682220742057
0.00108836718930472 0.00000027450251561 0.00003967005659865
0.00112910962703908 0.00000029543888568 0.00004269570052806
0.00117082357358291 0.00000031767156312 0.00004590868176391
0.00121353219469209 0.00000034126992444 0.00004931902631945
0.00125725920851302 0.00000036630685673 0.00005293726754404
0.00130202889875444 0.00000039285893098 0.00005677447116646
0.00134786612817331 0.00000042100658378 0.00006084226156008
0.00139479635238233 0.00000045083430802 0.00006515284928915
0.00144284563398665 0.00000048243085270 0.00006971905999851
0.00149204065705768 0.00000051588943265 0.00007455436471162
0.00154240874195204 0.00000055130794838 0.00007967291160541
0.00159397786048384 0.00000058878921667 0.00008508955933354
0.00164677665145883 0.00000062844121238 0.00009081991197309
0.00170083443657883 0.00000067037732206 0.00009688035567331
0.00175618123672553 0.00000071471660992 0.00010328809708920
0.00181284778863252 0.00000076158409669 0.00011006120368610
0.00187086556195484 0.00000081111105211 0.00011721864600621
0.00193026677674563 0.00000086343530165 0.00012478034199200
0.00199108442134944 0.00000091870154810 0.00013276720346617
0.00205335227072226 0.00000097706170891 0.00014120118487271
0.00211710490518836 0.00000103867526980 0.00015010533438854
0.00218237772964443 0.00000110370965571 0.00015950384752052
0.00224920699322156 0.00000117234061963 0.00016942212330831
0.00231762980941620 0.00000124475265051 0.00017988682325918
0.00238768417670101 0.00000132113940081 0.00019092593314712
0.00245940899962724 0.00000140170413498 0.00020256882781491
0.00253284411043031 0.00000148666019964 0.00021484633912456
0.00260803029115056 0.00000157623151660 0.00022779082720848
0.00268500929628145 0.00000167065309991 0.00024143625518124
0.00276382387595789 0.00000177017159792 0.00025581826747935
0.00284451779969737 0.00000187504586171 0.00027097427200472
0.00292713588070732 0.00000198554754111 0.00028694352625573
0.00301172400077201 0.00000210196170961 0.00030376722763909
0.00309832913573293 0.00000222458751972 0.00032148860816457
0.00318699938157670 0.00000235373888997 0.00034015303373477
0.00327778398114512 0.00000248974522533 0.00035980810825217
0.00337073335148202 0.00000263295217263 0.00038050378277658
0.00346589911183233 0.00000278372241248 0.00040229246997713
0.00356333411230869 0.00000294243648977 0.00042522916413500
0.00366309246324164 0.00000310949368427 0.00044937156696532
0.00376522956522972 0.00000328531292361 0.00047478021953953
0.00386980213990604 0.00000347033374037 0.00050151864060342
0.00397686826143855 0.00000366501727572 0.00052965347159979
0.00408648738878143 0.00000386984733157 0.00055925462872015
0.00419872039869544 0.00000408533147378 0.00059039546232509
0.00431362961955576 0.00000431200218883 0.00062315292408963
0.00443127886596591 0.00000455041809656 0.00065760774224684
0.00455173347419705 0.00000480116522156 0.00069384460532127
0.00467506033847237 0.00000506485832631 0.00073195235476236
0.00480132794811664 0.00000534214230874 0.00077202418690806
0.00493060642559163 0.00000563369366760 0.00081415786472930
0.00506296756543846 0.00000594022203871 0.00085845593982818
0.00519848487414859 0.00000626247180568 0.00090502598518504
0.00533723361098545 0.00000660122378854 0.00095398083917377
0.00547929082977958 0.00000695729701418 0.00100543886138970
0.00562473542172026 0.00000733155057246 0.00105952420086068
0.00577364815916761 0.00000772488556221 0.00111636707723929
0.00592611174050934 0.00000813824713138 0.00117610407560328
0.00608221083608716 0.00000857262661593 0.00123887845552127
0.00624203213521824 0.00000902906378225 0.00130484047507251
0.00640566439433796 0.00000950864917803 0.00137414773054287
0.00657319848629066 0.00001001252659695 0.00144696551255363
0.00674472745079562 0.00001054189566253 0.00152346717941654
0.00692034654611656 0.00001109801453704 0.00160383454854662
0.00710015330196303 0.00001168220276137 0.00168825830680407
0.00728424757365341 0.00001229584423232 0.00177693844067908
0.00747273159756936 0.00001294039032383 0.00187008468727686
0.00766571004793253 0.00001361736315917 0.00196791700710659
0.00786329009493521 0.00001432835904133 0.00207066607972620
0.00806558146425712 0.00001507505204927 0.00217857382334562
0.00827269649800128 0.00001585919780806 0.00229189393954401
0.00848475021708299 0.00001668263744121 0.00241089248431236
0.00870186038510648 0.00001754730171412 0.00253584846669086
0.00892414757376467 0.00001845521537769 0.00266705447633169
0.00915173522979844 0.00001940850172197 0.00280481734138173
0.00938474974355250 0.00002040938734972 0.00294945881814689
0.00962332051916602 0.00002146020718077 0.00310131631406982
0.00986758004643697 0.00002256340969801 0.00326074364562667
0.01011766397440005 0.00002372156244699 0.00342811183282524
0.01037371118665912 0.00002493735780102 0.00360380993206828
0.01063586387851590 0.00002621361900482 0.00378824590922987
0.01090426763593788 0.00002755330651008 0.00398184755488177
0.01117907151640917 0.00002895952461689 0.00418506344369965
0.01146042813170928 0.00003043552843599 0.00439836394017629
0.01174849373266574 0.00003198473118703 0.00462224225287104
0.01204342829592773 0.00003361071184936 0.00485721553953171
0.01234539561280875 0.00003531722318195 0.00510382606553678
0.01265456338024781 0.00003710820013058 0.00536264241822356
0.01297110329393957 0.00003898776864071 0.00563426077979033
0.01329519114368521 0.00004096025489563 0.00591930626158962
0.01362700691101696 0.00004303019500041 0.00621843430276444
0.01396673486915043 0.00004520234513304 0.00653233213632013
0.01431456368532043 0.00004748169218531 0.00686172032587304
0.01467068652555687 0.00004987346491690 0.00720735437647145
0.01503530116195919 0.00005238314564749 0.00757002642304677
0.01540861008252864 0.00005501648251262 0.00795056700022283
0.01579082060361962 0.00005777950231058 0.00834984689738920
0.01618214498507239 0.00006067852396857 0.00876877910313009
0.01658280054809112 0.00006372017265801 0.00920832084329571
0.01699300979593281 0.00006691139459017 0.00966947571720744
0.01741300053747404 0.00007025947252473 0.01015329593670095
0.01784300601372408 0.00007377204202565 0.01066088467293659
0.01828326502735493 0.00007745710850005 0.01119339851614017
0.01873402207531983 0.00008132306505788 0.01175205005368119
0.01919552748463418 0.00008537871123154 0.01233811057215357
0.01966803755139409 0.00008963327259698 0.01295291288939170
0.02015181468310996 0.00009409642133917 0.01359785432263536
0.02064712754443395 0.00009877829780753 0.01427439979935380
0.02115425120636234 0.00010368953310857 0.01498408511754341
0.02167346729899560 0.00010884127278542 0.01572852036263663
0.02220506416794121 0.00011424520163641 0.01650939348849675
0.02274933703444569 0.00011991356972711 0.01732847407032373
0.02330658815934526 0.00012585921965288 0.01818761723766782
0.02387712701092562 0.00013209561511197 0.01908876779613228
0.02446127043678465 0.00013863687085145 0.02003396454674526
0.02505934283979307 0.00014549778405186 0.02102534481240544
0.02567167635825091 0.00015269386721906 0.02206514918124371
0.02629861105033979 0.00016024138265533 0.02315572647720508
0.02694049508297364 0.00016815737858497 0.02429953896864090
0.02759768492515240 0.00017645972701324 0.02549916782619196
0.02827054554592643 0.00018516716340130 0.02675731884177505
0.02895945061708132 0.00019429932824339 0.02807682842103040
0.02966478272065568 0.00020387681063693 0.02946066986215985
0.03038693356140742 0.00021392119394014 0.03091195993469671
0.03112630418434613 0.00022445510361636 0.03243396577234861
0.03188330519745265 0.00023550225736887 0.03403011209471853
0.03265835699970931 0.00024708751767461 0.03570398877338304
0.03345189001456775 0.00025923694683070 0.03745935875851650
0.03426434492898361 0.00027197786463254 0.03930016638300969
0.03509617293815131 0.00028533890880783 0.04123054606176461
0.03594783599607413 0.00029935009833688 0.04325483140466840
0.03681980707210974 0.00031404289979504 0.04537756476257954
0.03771257041363248 0.00032945029685990 0.04760350722653474
0.03862662181495934 0.00034560686313218 0.04993764910132265
0.03956246889268836 0.00036254883842606 0.05238522087545153
0.04052063136760231 0.00038031420869165 0.05495170471055769
0.04150164135329468 0.00039894278973991 0.05764284647430090
0.04250604365167800 0.00041847631494806 0.06046466834189385
0.04353439605553822 0.00043895852713153 0.06342348199251395
0.04458726965830407 0.00046043527477676 0.06652590242792783
0.04566524917120245 0.00048295461283783 0.06977886244189600
0.04676893324797669 0.00050656690830897 0.07318962777011631
0.04789893481734779 0.00053132495079501 0.07676581295185682
0.04905588142340300 0.00055728406831097 0.08051539793564831
0.05024041557410117 0.00058450224855217 0.08444674546276479
0.05145319509808847 0.00061304026588725 0.08856861926367215
0.05269489351002182 0.00064296181433687 0.09289020310405537
0.05396620038460430 0.00067433364681369 0.09742112071874488
0.05526782173953874 0.00070722572090933 0.10217145667313386
0.05660048042761331 0.00074171135152718 0.10715177819342012
0.05796491653813660 0.00077786737067205 0.11237315800859589
0.05936188780794428 0.00081577429472179 0.11784719824895215
0.06079217004220718 0.00085551649951959 0.12358605544765375
0.06225655754527273 0.00089718240363835 0.12960246669341033
0.06375586356178048 0.00094086466018395 0.13590977698433734
0.06529092072829594 0.00098666035751857 0.14252196783480156
0.06686258153571339 0.00103467122930308 0.14945368718947025
0.06847171880268509 0.00108500387427060 0.15672028070015717
0.07011922616033948 0.00113776998616015 0.16433782442313663
0.07180601854855713 0.00119308659425607 0.17232315899658857
0.07353303272408108 0.00125107631499679 0.18069392536004603
0.07530122778074254 0.00131186761513631 0.18946860208008640
0.07711158568209175 0.00137559508695414 0.19866654434758096
0.07896511180672973 0.00144239973603150 0.20830802471445214
0.08086283550664285 0.00151242928212760 0.21841427563949450
0.08280581067885155 0.00158583847371522 0.22900753391603790
0.08479511635069015 0.00166278941674722 0.24011108705489317
0.08683185727904201 0.00174345191824549 0.25174932169802550
0.08891716456386457 0.00182800384532392 0.26394777414030396
0.09105219627634296 0.00191663150027807 0.27673318303887828
0.09323813810202267 0.00200953001239826 0.29013354439212580
0.09547620399927788 0.00210690374716974 0.30417816886929588
0.09776763687348035 0.00220896673355026 0.31889774157473350
0.10011370926724453 0.00231594311002911 0.33432438433081652
0.10251572406713193 0.00242806759020518 0.35049172056766936
0.10497501522720583 0.00254558594862065 0.36743494290473389
0.10749294850984072 0.00266875552760791 0.38519088351051667
0.11007092224419504 0.00279784576592065 0.40379808732641109
0.11271036810277073 0.00293313874994531 0.42329688824230577
0.11541275189648990 0.00307492978830175 0.44372948831076858
0.11817957438872947 0.00322352801063110 0.46514004008102866
0.12101237212876731 0.00337925699139185 0.48757473213475377
0.12391271830510205 0.00354245539948403 0.51108187790162007
0.12688222361911947 0.00371347767455788 0.53571200783582051
0.12992253717959312 0.00389269473081199 0.56151796502029827
0.13303534741851275 0.00408049468910344 0.58855500426450336
0.13622238302875186 0.00427728363817015 0.61688089475248842
0.13948541392409430 0.00448348642579573 0.64655602629928233
0.14282625222215137 0.00469954748069072 0.67764351925723887
0.14624675325071865 0.00492593166582078 0.71020933810027487
0.14974881657812772 0.00516312516389130 0.74432240870419974
0.15333438706816793 0.00541163639567014 0.78005473933014313
0.15700545596016302 0.00567199697181530 0.81748154530910777
0.16076406197480095 0.00594476267870890 0.85668137738677097
0.16461229244633385 0.00623051449878373 0.89773625367808818
0.16855228448177517 0.00652985966570790 0.94073179515072691
0.17258622614773686 0.00684343275481581 0.98575736455364582
0.17671635768556884 0.00717189680888843 1.03290620864350924
0.18094497275547147 0.00751594449930155 1.08227560353734464
0.18527441971027553 0.00787629932237254 1.13396700297479724
0.18970710289959578 0.00825371683069002 1.18808618925595666
0.19424548400508060 0.00864898589891421 1.24474342655362191
0.19889208340750245 0.00906293002320946 1.30405361622580540
0.20364948158644677 0.00949640865326911 1.36613645370543457
0.20852032055337477 0.00995031855563169 1.43111658648333973
0.21350730531886081 0.01042559520679533 1.49912377265280683
0.21861320539481308 0.01092321421389525 1.57029303932820796
0.22384085633251696 0.01144419276048810 1.64476484019630997
0.22919316129735354 0.01198959107440975 1.72268521133507946
0.23467309268106515 0.01256051391456376 1.80420592440203031
0.24028369375246786 0.01315811207233664 1.88948463605546846
0.24602808034752538 0.01378358388287009 1.97868503236952065
0.25190944259972059 0.01443817674058150 2.07197696682836030
0.25793104671169148 0.01512318861300547 2.16953659041052260
0.26409623676910893 0.01583996954573510 2.27154647200973336
0.27040843659780817 0.01658992315002215 2.37819570718919548
0.27687115166520443 0.01737450806365347 2.48968001307136877
0.28348797102704559 0.01819523937474951 2.60620180696445125
0.29026256932058897 0.01905368999707817 2.72797026610974092
0.29719870880530180 0.01995149198292672 2.85520136542906311
0.30430024145222523 0.02089033775857875 2.98811788994805250
0.31157111108315971 0.02187198126543491 3.12694941817335703
0.31901535556085647 0.02289823898912792 3.27193227255774355
0.32663710903143739 0.02397099085486434 3.42330943238595165
0.33444060422028560 0.02509218096572993 3.58133040412066350
0.34243017478267906 0.02626381815767600 3.74625104366433526
0.35061025771047927 0.02748797634396048 3.91833332480615137
0.35898539579620387 0.02876679461679419 4.09784504716178777
0.36756024015585820 0.03010247707062642 4.28505947628540529
0.37633955281192416 0.03149729230797674 4.48025490797023451
0.38532820933793754 0.03295357258631038 4.68371414830479971
0.39453120156612936 0.03447371255980333 4.89572390018210601
0.40395364035963033 0.03606016756291476 5.11657404567632312
0.41360075845077637 0.03771545137922708 5.34655681308213726
0.42347791334709861 0.03944213343386274 5.58596581648279766
0.43359059030660180 0.04124283534469322 5.83509495516882648
0.44394440538399216 0.04312022675571563 6.09423715808656574
0.45454510854954366 0.04507702037245912 6.36368295791988992
0.46539858688232971 0.04711596611099818 6.64371887796987348
0.47651086783960167 0.04923984427050657 6.93462561477773409
0.48788812260412673 0.05145145762343001 7.23667599666068817
0.49953666951133846 0.05375362231181054 7.55013269748189231
0.51146297755821524 0.05614915742848892 7.87524568339181830
0.52367366999582143 0.05864087315956371 8.21224937004062738
0.53617552800751800 0.06123155734886376 8.56135946520272384
0.54897549447488037 0.06392396033382911 8.92276947005925436
0.56208067783341009 0.06672077789430718 9.29664681137097126
0.57549835602019450 0.06962463215039739 9.68312857623084255
0.58923598051569026 0.07263805023601308 10.08231681987574646
0.60330118048188985 0.07576344055510953 10.49427341428609672
0.61770176699916302 0.07900306642570894 10.91901440572445203
0.63244573740412080 0.08235901690873340 11.35650384884088915
0.64754127973092235 0.08583317462125942 11.80664708621228698
0.66299677725848449 0.08942718030882792 12.26928343935703225
0.67882081316611476 0.09314239395939516 12.74417828000314579
0.69502217530016741 0.09697985223816037 13.23101445163652023
0.71160986105435220 0.10094022204089448 13.72938301586039245
0.72859308236642029 0.10502374994816789 14.23877329833302952
0.74598127083399701 0.10923020738434373 14.75856221533182477
0.76378408295239730 0.11355883130503371 15.28800286869685365
0.78201140547734183 0.11800826027701859 15.82621240632135162
0.80067336091555030 0.12257646583613489 16.37215915357338147
0.81978031314624866 0.12726067905732416 16.92464903458439807
0.83934287317673506 0.13205731234311840 17.48231131986849007
0.85937190503517635 0.13696187652158040 18.04358375623222344
0.87987853180392572 0.14196889343476365 18.60669715620434772
0.90087414179670666 0.14707180431803304 19.16965955487476947
0.92237039488308570 0.15226287443409875 19.73024007721625850
0.94437922896375892 0.15753309461099263 20.28595270015701146
0.96691286660024389 0.16287208052313842 20.83404013207553618
0.98998382180264899 0.16826797083493453 21.37145809845556954
1.01360490697930983 0.17370732563773750 21.89486038511180155
1.03778924005212847 0.17917502699505811 22.40058507137291599
1.06255025174158768 0.18465418373958511 22.88464244641477308
1.08790169302547657 0.19012604322850515 23.34270522417644145
1.11385764277546384 0.19556991332479062 23.77010178124640305
1.14043251557577241 0.20096309855928865 24.16181327792886435
1.16764106972829285 0.20628085497158138 24.51247561797688945
1.19549841544856994 0.21149636901817456 24.81638737983778498
1.22402002325723802 0.21658076692636336 25.06752504036245455
1.25322173257153668 0.22150316185117480 25.25956698858700022
1.28311976050170151 0.22623074702391160 25.38592796546283026
1.31373071085710680 0.23072894402164082 25.43980572667151208
1.34507158336715049 0.23496161683475528 25.41424201057855470
1.37715978312202814 0.23889136323580246 25.30220000631291200
1.41001313023860653 0.24247989579571588 25.09666063145412807
1.44364986975679277 0.24568852472571823 24.79073982897931216
1.47808868177188435 0.24847875617815809 24.37782933093951243
1.51334869180851439 0.25081301860170274 23.85176303696072608
1.54944948144197880 0.25265552859339369 23.20701083822258681
1.58641109917282419 0.25397330303142779 22.43890069863381598
1.62425407156073853 0.25473732164969776 21.54386920822168960
1.66299941462393996 0.25492383596308010 20.51973909148852471
1.70266864551037433 0.25451580945023111 19.36601990093846837
1.74328379444722192 0.25350445505910268 18.08422438656236864
1.78486741697534423 0.25189081527603235 16.67818895210724861
1.82744260647545032 0.24968729795637781 15.15438039057067954
1.87103300699296327 0.24691903592323181 13.52216243302422782
1.91566282636869012 0.24362487598370638 11.79398387112614088
1.96135684968260815 0.23985772348876661 9.98543515030359252
2.00814045301819233 0.23568386146517384 8.11510039417672147
2.05603961755498155 0.23118071548618682 6.20410456455019421
2.10508094399717427 0.22643234188666811 4.27522008442718615
2.15529166734626898 0.22152167034382089 2.35135264087198470
2.20669967202598505 0.21651819785986026 0.45316542739225296
2.25933350736779737 0.21146202282426280 -1.40397095712755871
2.31322240346576313 0.20637065028033308 -3.20861300723873688
2.36839628740939467 0.20125847840134306 -4.94948138852678454
2.42488579990360664 0.19613887840888564 -6.61509763690780517
2.48272231228496576 0.19102419892581515 -8.19383814307719760
2.54193794394371464 0.18592579200670184 -9.67400181387933422
2.60256558016118822 0.18085406070696883 -11.04389343722295180
2.66463889037259971 0.17581852456355598 -12.29192500439813962
2.72819234686529599 0.17082789721071551 -13.40673665622475319
2.79326124392286168 0.16589016730565409 -14.37733809637722082
2.85988171742575181 0.16101267051640067 -15.19326991096107982
2.92809076491924847 0.15620213659151450 -15.84478312299164493
2.99792626615999280 0.15146469421318512 -16.32303425858522417
3.06942700415242786 0.14680581941313797 -16.62029232805630130
3.14263268668685303 0.14223022303923435 -16.73015454382570510
3.21758396839109073 0.13774169050421259 -16.64776976649890727
3.29432247330791617 0.13334290892154096 -16.37007263155017256
3.37289081801090918 0.12903533422371607 -15.89603380634770247
3.45333263527147460 0.12481915189405887 -15.22693171368804954
3.53569259829021076 0.12069336312418032 -14.36664579229505634
3.62001644550610102 0.11665598977367553 -13.32196304384319596
3.70635100599723177 0.11270435619126583 -12.10287975660608950
3.79474422548724588 0.10883538983782559 -10.72287422668955337
3.88524519297190229 0.10504588974504053 -9.19912477525245720
3.97790416798054647 0.10133273479253091 -7.55265017761045421
4.07277260848763234 0.09769302714232617 -5.80835228807950710
4.16990319948983412 0.09412418121664071 -3.99494248178978051
4.26934988226451040 0.09062397377663660 -2.14473479454120541
4.37116788432590742 0.08719057024152566 -0.29328954940696911
4.47541375009564746 0.08382253833152603 1.52110817833307377
4.58214537230454422 0.08051885526450381 3.25814874115489772
4.69142202414325116 0.07727891068277964 4.87638513816378083
4.80330439217945759 0.07410250483949343 6.33430842936263971
4.91785461006008262 0.07098984017175723 7.59160569426430865
5.03513629301706267 0.06794150324964474 8.61058346564408339
5.15521457319593690 0.06495843424956424 9.35772652090951951
5.27815613582688314 0.06204188198945181 9.80534556264371204
5.40402925625817421 0.05919334463538062 9.93325737467788628
5.53290383787278817 0.05641449773709802 9.73042419062214137
5.66485145090910880 0.05370711317110033 9.19646519239101501
5.79994537220729267 0.05107297388666476 8.34293690585638537
5.93826062590346204 0.04851379022384963 7.19427520216322680
6.07987402509414476 0.04603112313275162 5.78828157109429497
6.22486421449431049 0.04362631869339817 4.17603331800783906
6.37331171411254616 0.04130045689424570 2.42110076613790293
6.52529896396768017 0.03905431616080035 0.59797329321395054
6.68091036987166476 0.03688835364679444 -1.21038033594316308
6.84023235030422683 0.03480270017218819 -2.91585376362586812
7.00335338440511990 0.03279716782093125 -4.42942371254967071
7.17036406111088365 0.03087126775081116 -5.66614987444625218
7.34135712946321739 0.02902423571186370 -6.55077153479310059
7.51642755011695307 0.02725506278030237 -7.02361780061752938
7.69567254807632573 0.02556252895797590 -7.04643838449776450
7.87919166668859727 0.02394523747724706 -6.60765576916993069
8.06708682292530632 0.02240164829584643 -5.72647326419315839
8.25946236398164046 0.02093010945822678 -4.45521814591714360
8.45642512522542411 0.01952888536520542 -2.87930315150562066
8.65808448952798670 0.01819618108971377 -1.11426706170843182
8.86455244800962383 0.01693016262669819 0.70045812399350982
9.07594366223370663 0.01572897299832659 2.41115091812847293
9.29237552788372945 0.01459074440558172 3.86251020356055585
9.51396823995876595 0.01351360653231195 4.91273869472656788
9.74084485952350043 0.01249569165895509 5.44977469425325900
9.97313138205001337 0.01153513718819786 5.40697419758204401
10.21095680738900846 0.01063008621125454 4.77615116279592122
10.45445321140968531 0.00977868655858316 3.61565072027117607
10.70375581934779241 0.00897908898660811 2.05124684967928639
10.95900308090266506 0.00822944512789393 0.26814607977122862
11.22033674712506190 0.00752790563193098 -1.50672535494624760
11.48790194913822305 0.00687261875452629 -3.03161201492116028
11.76184727873620162 0.00626172959836326 -4.08370788406851126
12.04232487090401271 0.00569338032072870 -4.49571797959334507
12.32949048830546168 0.00516571134641045 -4.18947333255800913
12.62350360778571456 0.00467686356293993 -3.19982114665631956
12.92452750893630764 0.00422498130892994 -1.68203974337925088
13.23272936477222572 0.00380821622901909 0.10231815677958792
13.54828033457108027 0.00342473182935266 1.82307454992375484
13.87135565892604383 0.00307270859520653 3.13977716626271386
14.20213475706544770 0.00275034935402176 3.77226080471646652
14.54080132649275470 0.00245588487228008 3.56961994335298538
14.88754344500268267 0.00218757953051606 2.56043280463546141
15.24255367512981252 0.00194373694963644 0.96722873564281941
15.60602917108779408 0.00172270530982727 -0.82668233850630601
15.97817178825851592 0.00152288233073889 -2.35943037264552835
16.35918819529219803 0.00134271986355663 -3.20891346078965478
16.74928998888023912 0.00118072801668582 -3.11957595129641474
17.14869381126511527 0.00103547867627652 -2.09938290718092979
17.55762147055219913 0.00090560838614163 -0.44826166741704843
17.97630006389040247 0.00078982064792606 1.30688350597160818
18.40496210359024332 0.00068688761276419 2.56802444307286892
18.84384564624889791 0.00059565113705180 2.87442553649968779
19.29319442495458503 0.00051502317146869 2.09321267443392767
19.75325798464320215 0.00044398561229542 0.51010420407266843
20.22429182068257347 0.00038158962705201 -1.24048181119376433
20.70655752076142164 0.00032695449463616 -2.41030905401594087
21.20032291016135417 0.00027926594272390 -2.46361978459046371
21.70586220049323956 0.00023777412185861 -1.35547744724553998
22.22345614198001229 0.00020179125665683 0.38985632857278596
22.75339217937076697 0.00017068903173751 1.88605357917977501
23.29596461157256471 0.00014389571364022 2.32444781434504399
23.85147475508890480 0.00012089311336544 1.44100487021446977
24.42023111135499391 0.00010121344377267 -0.26624334734094396
25.00254953806354408 0.00008443611591725 -1.76061646819693718
25.59875342457567982 0.00007018448673549 -2.07835470572361602
26.20917387151450484 0.00005812261524359 -0.98834356635451903
26.83414987464136203 0.00004795207856916 0.76456478573283182
27.47402851311615279 0.00003940886985083 1.90334951406196229
28.12916514224724907 0.00003226039037390 1.54663056889621919
28.79992359083728815 0.00002630255519070 -0.03941700032232075
29.48667636323470376 0.00002135704875604 -1.54348146352319437
30.18980484620349003 0.00001726873487008 -1.65057142478752006
30.90969952072524762 0.00001390322613125 -0.24732082856439835
31.64676017885220105 0.00001114461031707 1.34643040922475010
32.40139614573088522 0.00000889335182907 1.54911364901640858
33.17402650691995802 0.00000706436264970 0.13763188381973371
33.96508034112876118 0.00000558523949458 -1.37507821106790362
34.77499695850494277 0.00000439465609342 -1.28393086044248350
35.60422614460473056 0.00000344091340771 0.31484331268546456
36.45322841018035120 0.00000268063877451 1.47064163669454140
37.32247524692373020 0.00000207762503141 0.70520294998881661
38.21244938930841784 0.00000160179734697 -0.97043309469091643
39.12364508267544494 0.00000122830184823 -1.23779974103631352
40.05656835771107893 0.00000093670693524 0.29112792751262190
41.01173731147022039 0.00000071030682823 1.32233879763176176
41.98968239510047340 0.00000053551668711 0.24688093801291061
42.99094670842703891 0.00000040135089647 -1.18478965209845089
44.01608630156243152 0.00000029897669772 -0.55602955718772151
45.06567048370731499 0.00000022133412736 1.01982076452330506
46.14028213931551647 0.00000016281413008 0.66794783608430719
47.24051805179767172 0.00000011898751630 -0.92940589236241955
48.36698923494354574 0.00000008637881716 -0.62872445794485299
49.52032127224774172 0.00000006227857654 0.93442954401760980
50.70115466432564233 0.00000004458856800 0.44984067787369908
51.91014518461447125 0.00000003169480782 -0.98935493700357857
53.14796424355573379 0.00000002236441980 -0.11709869055254016
54.41529926146144902 0.00000001566221537 0.97808123076415088
55.71285405027211368 0.00000001088416497 -0.35018552985896406
57.04134920441660483 0.00000000750416136 -0.72324939795772769
58.40152250099322373 0.00000000513204849 0.78554853359076160
59.79412930949265359 0.00000000348076594 0.11128425558563892
61.21994301129083027 0.00000000234081395 -0.81695536278879743
62.67975542914470566 0.00000000156055119 0.61604795172856353
64.17437726692972433 0.00000000103113782 0.15865259115341160
65.70463855986204749 0.00000000067513241 -0.72910632667371689
67.27138913545726950 0.00000000043792497 0.67345103865253320
68.87549908548038502 0.00000000028135518 -0.14959146816924479
70.51785924914933901 0.00000000017900400 -0.41300819407680878
72.19938170786123521 0.00000000011275636 0.68940171706405873
73.92100029171422193 0.00000000007031359 -0.61144939785431951
75.68367109810859006 0.00000000004341095 0.30473840438664268
77.48837302271347482 0.00000000002655207 0.05567707481699903
79.33610830309434903 0.00000000001607718 -0.34483680175036557
