0.00000000000000000 10.85187157035075423
0.00001479017834245 10.85187156736250991
0.00002993303044112 10.85187155811232707
0.00004543696584831 10.85187154215170402
0.00006131059464321 10.85187151900744240
0.00007756273221348 10.85187148817992764
0.00009420240415086 10.85187144914172030
0.00011123885126353 10.85187140133635175
0.00012868153470796 10.85187134417656729
0.00014654014124313 10.85187127704285359
0.00016482458861008 10.85187119928184707
0.00018354503103970 10.85187111020444917
0.00020271186489184 10.85187100908424185
0.00022233573442895 10.85187089515546255
0.00024242753772729 10.85187076761088143
0.00026299843272922 10.85187062559986337
0.00028405984343969 10.85187046822602497
0.00030562346627056 10.85187029454516150
0.00032770127653619 10.85187010356250070
0.00035030553510386 10.85186989423037929
0.00037344879520289 10.85186966544554465
0.00039714390939599 10.85186941604624344
0.00042140403671692 10.85186914480928877
0.00044624264997835 10.85186885044720917
0.00047167354325394 10.85186853160461418
0.00049771083953886 10.85186818685513899
0.00052436899859298 10.85186781469764306
0.00055166282497104 10.85186741355271778
0.00057960747624433 10.85186698175842679
0.00060821847141845 10.85186651756652765
0.00063751169955175 10.85186601913786397
0.00066750342857924 10.85186548453796718
0.00069821031434701 10.85186491173235090
0.00072964940986200 10.85186429858142176
0.00076183817476235 10.85186364283525329
0.00079479448501358 10.85186294212815561
0.00082853664283596 10.85186219397284724
0.00086308338686863 10.85186139575450603
0.00089845390257607 10.85186054472427486
0.00093466783290265 10.85185963799276365
0.00097174528918138 10.85185867252297065
0.00100970686230267 10.85185764512316631
0.00104857363414939 10.85185655243886416
0.00108836718930472 10.85185539094507234
0.00112910962703908 10.85185415693771738
0.00117082357358291 10.85185284652498794
0.00121353219469209 10.85185145561771236
0.00125725920851302 10.85184997991987466
0.00130202889875444 10.85184841491837204
0.00134786612817331 10.85184675587219338
0.00139479635238233 10.85184499780118728
0.00144284563398665 10.85184313547455126
0.00149204065705768 10.85184116339811133
0.00154240874195204 10.85183907580156593
0.00159397786048384 10.85183686662475644
0.00164677665145883 10.85183452950362515
0.00170083443657883 10.85183205775504689
0.00175618123672553 10.85182944436143693
0.00181284778863252 10.85182668195398037
0.00187086556195484 10.85182376279549032
0.00193026677674563 10.85182067876250223
0.00199108442134944 10.85181742132619576
0.00205335227072226 10.85181398153248189
0.00211710490518836 10.85181034998120353
0.00218237772964443 10.85180651680420283
0.00224920699322156 10.85180247164260869
0.00231762980941620 10.85179820362256820
0.00238768417670101 10.85179370133014842
0.00245940899962724 10.85178895278491318
0.00253284411043031 10.85178394541210700
0.00260803029115056 10.85177866601376451
0.00268500929628145 10.85177310073814105
0.00276382387595789 10.85176723504780050
0.00284451779969737 10.85176105368609001
0.00292713588070732 10.85175454064180656
0.00301172400077201 10.85174767911284555
0.00309832913573293 10.85174045146718314
0.00318699938157670 10.85173283920250675
0.00327778398114512 10.85172482290365892
0.00337073335148202 10.85171638219851253
0.00346589911183233 10.85170749571071980
0.00356333411230869 10.85169814101105068
0.00366309246324164 10.85168829456625694
0.00376522956522972 10.85167793168493233
0.00386980213990604 10.85166702646131753
0.00397686826143855 10.85165555171610841
0.00408648738878143 10.85164347893444869
0.00419872039869544 10.85163077820079636
0.00431362961955576 10.85161741813100811
0.00443127886596591 10.85160336580059059
0.00455173347419705 10.85158858667003479
0.00467506033847237 10.85157304450605409
0.00480132794811664 10.85155670129927863
0.00493060642559163 10.85153951717787457
0.00506296756543846 10.85152145031723592
0.00519848487414859 10.85150245684467762
0.00533723361098545 10.85148249074032023
0.00547929082977958 10.85146150373241980
0.00562473542172026 10.85143944518817527
0.00577364815916761 10.85141626199913389
0.00592611174050934 10.85139189846069030
0.00608221083608716 10.85136629614631332
0.00624203213521824 10.85133939377532108
0.00640566439433796 10.85131112707453482
0.00657319848629066 10.85128142863233158
0.00674472745079562 10.85125022774763615
0.00692034654611656 10.85121745026907547
0.00710015330196303 10.85118301842848076
0.00728424757365341 10.85114685066502460
0.00747273159756936 10.85110886144154918
0.00766571004793253 10.85106896105169838
0.00786329009493521 10.85102705541767421
0.00806558146425712 10.85098304587878104
0.00827269649800128 10.85093682896869360
0.00848475021708299 10.85088829618329243
0.00870186038510648 10.85083733373594939
0.00892414757376467 10.85078382230207694
0.00915173522979844 10.85072763675062291
0.00938474974355250 10.85066864586310764
0.00962332051916602 10.85060671203866178
0.00986758004643697 10.85054169098516574
0.01011766397440005 10.85047343139514453
0.01037371118665912 10.85040177460625266
0.01063586387851590 10.85032655424560843
0.01090426763593788 10.85024759585623322
0.01117907151640917 10.85016471650601488
0.01146042813170928 10.85007772437802842
0.01174849373266574 10.84998641834046751
0.01204342829592773 10.84989058749614621
0.01234539561280875 10.84979001071035754
0.01265456338024781 10.84968445611583832
0.01297110329393957 10.84957368059384386
0.01329519114368521 10.84945742923037493
0.01362700691101696 10.84933543474593876
0.01396673486915043 10.84920741689820467
0.01431456368532043 10.84907308185544039
0.01467068652555687 10.84893212154018194
0.01503530116195919 10.84878421294089890
0.01540861008252864 10.84862901739106533
0.01579082060361962 10.84846617981275330
0.01618214498507239 10.84829532792452156
0.01658280054809112 10.84811607141096879
0.01699300979593281 10.84792800105221922
0.01741300053747404 10.84773068781152716
0.01784300601372408 10.84752368187925597
0.01828326502735493 10.84730651167070015
0.01873402207531983 10.84707868277585696
0.01919552748463418 10.84683967685849737
0.01966803755139409 10.84658895050280414
0.02015181468310996 10.84632593400436740
0.02064712754443395 10.84605003010291213
0.02115425120636234 10.84576061265479296
0.02167346729899560 10.84545702524131094
0.02220506416794121 10.84513857971065320
0.02274933703444569 10.84480455464973403
0.02330658815934526 10.84445419378285180
0.02387712701092562 10.84408670429384358
0.02446127043678465 10.84370125506780269
0.02505934283979307 10.84329697484836252
0.02567167635825091 10.84287295030772569
0.02629861105033979 10.84242822402329587
0.02694049508297364 10.84196179235884294
0.02759768492515240 10.84147260324345652
0.02827054554592643 10.84095955384520948
0.02895945061708132 10.84042148813381345
0.02966478272065568 10.83985719432651607
0.03038693356140742 10.83926540221332147
0.03112630418434613 10.83864478035428824
0.03188330519745265 10.83799393314353843
0.03265835699970931 10.83731139773400365
0.03345189001456775 10.83659564081593807
0.03426434492898361 10.83584505524308739
0.03509617293815131 10.83505795649818815
0.03594783599607413 10.83423257899178260
0.03681980707210974 10.83336707218544959
0.03771257041363248 10.83245949653224116
0.03862662181495934 10.83150781922550365
0.03956246889268836 10.83050990974633443
0.04052063136760231 10.82946353520295979
0.04150164135329468 10.82836635544932058
0.04250604365167800 10.82721591797552207
0.04353439605553822 10.82600965255797121
0.04458726965830407 10.82474486565886806
0.04566524917120245 10.82341873456429404
0.04676893324797669 10.82202830124832715
0.04789893481734779 10.82057046595080152
0.04905588142340300 10.81904198045707233
0.05024041557410117 10.81743944106446698
0.05145319509808847 10.81575928122406793
0.05269489351002182 10.81399776384114908
0.05396620038460430 10.81215097322098373
0.05526782173953874 10.81021480664278123
0.05660048042761331 10.80818496554789476
0.05796491653813660 10.80605694632322056
0.05936188780794428 10.80382603066420977
0.06079217004220718 10.80148727549823029
0.06225655754527273 10.79903550245050248
0.06375586356178048 10.79646528683305284
0.06529092072829594 10.79377094613685450
0.06686258153571339 10.79094652800585585
0.06847171880268509 10.78798579767340549
0.07011922616033948 10.78488222483669290
0.07180601854855713 10.78162896994884612
0.07353303272408108 10.77821886990456157
0.07530122778074254 10.77464442309503312
0.07711158568209175 10.77089777380814262
0.07896511180672973 10.76697069594901812
0.08086283550664285 10.76285457605510487
0.08280581067885155 10.75854039557908770
0.08479511635069015 10.75401871241366969
0.08683185727904201 10.74927964163025607
0.08891716456386457 10.74431283540485360
0.09105219627634296 10.73910746210313327
0.09323813810202267 10.73365218449502656
0.09547620399927788 10.72793513707232016
0.09776763687348035 10.72194390244017015
0.10011370926724453 10.71566548675497366
0.10251572406713193 10.70908629417867530
0.10497501522720583 10.70219210032268542
0.10749294850984072 10.69496802465509333
0.11007092224419504 10.68739850184404006
0.11271036810277073 10.67946725201133518
0.11541275189648990 10.67115724987178815
0.11817957438872947 10.66245069273592527
0.12101237212876731 10.65332896735634449
0.12391271830510205 10.64377261559785381
0.12688222361911947 10.63376129891360478
0.12992253717959312 10.62327376161635506
0.13303534741851275 10.61228779293392144
0.13622238302875186 10.60078018784672871
0.13948541392409430 10.58872670670081106
0.14282625222215137 10.57610203360358447
0.14624675325071865 10.56287973361310151
0.14974881657812772 10.54903220874035874
0.15333438706816793 10.53453065278702105
0.15700545596016302 10.51934500505059056
0.16076406197480095 10.50344390294420727
0.16461229244633385 10.48679463358624631
0.16855228448177517 10.46936308442933417
0.17258622614773686 10.45111369300072646
0.17671635768556884 10.43200939585590170
0.18094497275547147 10.41201157685948964
0.18527441971027553 10.39108001493040057
0.18970710289959578 10.36917283139298185
0.19424548400508060 10.34624643711091529
0.19889208340750245 10.32225547961192014
0.20364948158644677 10.29715279043298182
0.20852032055337477 10.27088933294418460
0.21350730531886081 10.24341415092815488
0.21861320539481308 10.21467431826111216
0.22384085633251696 10.18461489006523024
0.22919316129735354 10.15317885575019830
0.23467309268106515 10.12030709437649811
0.24028369375246786 10.08593833287096153
0.24602808034752538 10.05000910766643862
0.25190944259972059 10.01245373040311648
0.25793104671169148 9.97320425835523316
0.26409623676910893 9.93219047034890146
0.27040843659780817 9.88933984903216512
0.27687115166520443 9.84457757042125259
0.28348797102704559 9.79782650171837233
0.29026256932058897 9.74900720846082081
0.29719870880530180 9.69803797225037556
0.30430024145222523 9.64483482036021478
0.31157111108315971 9.58931156864168877
0.31901535556085647 9.53137987917570761
0.32663710903143739 9.47094933438544828
0.33444060422028560 9.40792752937780996
0.34243017478267906 9.34222018444675761
0.35061025771047927 9.27373127966866306
0.35898539579620387 9.20236321380355804
0.36756024015585820 9.12801698983782650
0.37633955281192416 9.05059242962468424
0.38532820933793754 8.96998842011398168
0.39453120156612936 8.88610319382776837
0.40395364035963033 8.79883464648165692
0.41360075845077637 8.70808069464644419
0.42347791334709861 8.61373967640959215
0.43359059030660180 8.51571079793758479
0.44394440538399216 8.41389462914805186
0.45454510854954366 8.30819365149374889
0.46539858688232971 8.19851286082426789
0.47651086783960167 8.08476042795044059
0.48788812260412673 7.96684841963914359
0.49953666951133846 7.84469358228487579
0.51146297755821524 7.71821819003824050
0.52367366999582143 7.58735095844387963
0.53617552800751800 7.45202802407668496
0.54897549447488037 7.31219398961305611
0.56208067783341009 7.16780303238562588
0.57549835602019450 7.01882007288540599
0.58923598051569026 6.86522199793614440
0.60330118048188985 6.70699893074261233
0.61770176699916302 6.54415553699043517
0.63244573740412080 6.37671235261753466
0.64754127973092235 6.20470711543422748
0.66299677725848449 6.02819607701875970
0.67882081316611476 5.84725526566653642
0.69502217530016741 5.66198166392903257
0.71160986105435220 5.47249425867951089
0.72859308236642029 5.27893491118564828
0.74598127083399701 5.08146898541576952
0.76378408295239730 4.88028566205468195
0.78201140547734183 4.67559785943126016
0.80067336091555030 4.46764167196240791
0.81978031314624866 4.25667522786452146
0.83934287317673506 4.04297686557871927
0.85937190503517635 3.82684253632861049
0.87987853180392572 3.60858235834388763
0.90087414179670666 3.38851626909252168
0.92237039488308570 3.16696877778056241
0.94437922896375892 2.94426289829731980
0.96691286660024389 2.72071346238535838
0.98998382180264899 2.49662012057464944
1.01360490697930983 2.27226048773757006
1.03778924005212847 2.04788399984044389
1.06255025174158768 1.82370711536085639
1.08790169302547657 1.59991050668466417
1.11385764277546384 1.37663947689330834
1.14043251557577241 1.15401214683430031
1.16764106972829285 0.93215491342729362
1.19549841544856994 0.71042189821779544
1.22402002325723802 0.53745254588546720
1.25322173257153668 0.39334699626516495
1.28311976050170151 0.25916484537284412
1.31373071085710680 0.13585103817739497
1.34507158336715049 0.02404852007390931
1.37715978312202814 -0.07565447790319686
1.41001313023860653 -0.16276368281449369
1.44364986975679277 -0.23690465530711802
1.47808868177188435 -0.29784171678457422
1.51334869180851439 -0.34549424895946329
1.54944948144197880 -0.37995281350439064
1.58641109917282419 -0.40149619294166233
1.62425407156073853 -0.41060984640270554
1.66299941462393996 -0.40800620492602557
1.70266864551037433 -0.39464765749307623
1.74328379444722192 -0.37176656840022337
1.78486741697534423 -0.34077279013545558
1.82744260647545032 -0.30311407255435480
1.87103300699296327 -0.26026869118193452
1.91566282636869012 -0.21389636762321193
1.96135684968260815 -0.16587598876742221
2.00814045301819233 -0.11837082500731284
2.05603961755498155 -0.07452542022946347
2.10508094399717427 -0.03791130565904596
2.15529166734626898 -0.01181109831243052
2.20669967202598505 0.00000000000000000
2.25933350736779737 0.00000000000000000
2.31322240346576313 0.00000000000000000
2.36839628740939467 0.00000000000000000
2.42488579990360664 0.00000000000000000
2.48272231228496576 0.00000000000000000
2.54193794394371464 0.00000000000000000
2.60256558016118822 0.00000000000000000
2.66463889037259971 0.00000000000000000
2.72819234686529599 0.00000000000000000
2.79326124392286168 0.00000000000000000
2.85988171742575181 0.00000000000000000
2.92809076491924847 0.00000000000000000
2.99792626615999280 0.00000000000000000
3.06942700415242786 0.00000000000000000
3.14263268668685303 0.00000000000000000
3.21758396839109073 0.00000000000000000
3.29432247330791617 0.00000000000000000
3.37289081801090918 0.00000000000000000
3.45333263527147460 0.00000000000000000
3.53569259829021076 0.00000000000000000
3.62001644550610102 0.00000000000000000
3.70635100599723177 0.00000000000000000
3.79474422548724588 0.00000000000000000
3.88524519297190229 0.00000000000000000
3.97790416798054647 0.00000000000000000
4.07277260848763234 0.00000000000000000
4.16990319948983412 0.00000000000000000
4.26934988226451040 0.00000000000000000
4.37116788432590742 0.00000000000000000
4.47541375009564746 0.00000000000000000
4.58214537230454422 0.00000000000000000
4.69142202414325116 0.00000000000000000
4.80330439217945759 0.00000000000000000
4.91785461006008262 0.00000000000000000
5.03513629301706267 0.00000000000000000
5.15521457319593690 0.00000000000000000
5.27815613582688314 0.00000000000000000
5.40402925625817421 0.00000000000000000
5.53290383787278817 0.00000000000000000
5.66485145090910880 0.00000000000000000
5.79994537220729267 0.00000000000000000
5.93826062590346204 0.00000000000000000
6.07987402509414476 0.00000000000000000
6.22486421449431049 0.00000000000000000
6.37331171411254616 0.00000000000000000
6.52529896396768017 0.00000000000000000
6.68091036987166476 0.00000000000000000
6.84023235030422683 0.00000000000000000
7.00335338440511990 0.00000000000000000
7.17036406111088365 0.00000000000000000
7.34135712946321739 0.00000000000000000
7.51642755011695307 0.00000000000000000
7.69567254807632573 0.00000000000000000
7.87919166668859727 0.00000000000000000
8.06708682292530632 0.00000000000000000
8.25946236398164046 0.00000000000000000
8.45642512522542411 0.00000000000000000
8.65808448952798670 0.00000000000000000
8.86455244800962383 0.00000000000000000
9.07594366223370663 0.00000000000000000
9.29237552788372945 0.00000000000000000
9.51396823995876595 0.00000000000000000
9.74084485952350043 0.00000000000000000
9.97313138205001337 0.00000000000000000
10.21095680738900846 0.00000000000000000
10.45445321140968531 0.00000000000000000
10.70375581934779241 0.00000000000000000
10.95900308090266506 0.00000000000000000
11.22033674712506190 0.00000000000000000
11.48790194913822305 0.00000000000000000
11.76184727873620162 0.00000000000000000
12.04232487090401271 0.00000000000000000
12.32949048830546168 0.00000000000000000
12.62350360778571456 0.00000000000000000
12.92452750893630764 0.00000000000000000
13.23272936477222572 0.00000000000000000
13.54828033457108027 0.00000000000000000
13.87135565892604383 0.00000000000000000
14.20213475706544770 0.00000000000000000
14.54080132649275470 0.00000000000000000
14.88754344500268267 0.00000000000000000
15.24255367512981252 0.00000000000000000
15.60602917108779408 0.00000000000000000
15.97817178825851592 0.00000000000000000
16.35918819529219803 0.00000000000000000
16.74928998888023912 0.00000000000000000
17.14869381126511527 0.00000000000000000
17.55762147055219913 0.00000000000000000
17.97630006389040247 0.00000000000000000
18.40496210359024332 0.00000000000000000
18.84384564624889791 0.00000000000000000
19.29319442495458503 0.00000000000000000
19.75325798464320215 0.00000000000000000
20.22429182068257347 0.00000000000000000
20.70655752076142164 0.00000000000000000
21.20032291016135417 0.00000000000000000
21.70586220049323956 0.00000000000000000
22.22345614198001229 0.00000000000000000
22.75339217937076697 0.00000000000000000
23.29596461157256471 0.00000000000000000
23.85147475508890480 0.00000000000000000
24.42023111135499391 0.00000000000000000
25.00254953806354408 0.00000000000000000
25.59875342457567982 0.00000000000000000
26.20917387151450484 0.00000000000000000
26.83414987464136203 0.00000000000000000
27.47402851311615279 0.00000000000000000
28.12916514224724907 0.00000000000000000
28.79992359083728815 0.00000000000000000
29.48667636323470376 0.00000000000000000
30.18980484620349003 0.00000000000000000
30.90969952072524762 0.00000000000000000
31.64676017885220105 0.00000000000000000
32.40139614573088522 0.00000000000000000
33.17402650691995802 0.00000000000000000
33.96508034112876118 0.00000000000000000
34.77499695850494277 0.00000000000000000
35.60422614460473056 0.00000000000000000
36.45322841018035120 0.00000000000000000
37.32247524692373020 0.00000000000000000
38.21244938930841784 0.00000000000000000
39.12364508267544494 0.00000000000000000
40.05656835771107893 0.00000000000000000
41.01173731147022039 0.00000000000000000
41.98968239510047340 0.00000000000000000
42.99094670842703891 0.00000000000000000
44.01608630156243152 0.00000000000000000
45.06567048370731499 0.00000000000000000
46.14028213931551647 0.00000000000000000
47.24051805179767172 0.00000000000000000
48.36698923494354574 0.00000000000000000
49.52032127224774172 0.00000000000000000
50.70115466432564233 0.00000000000000000
51.91014518461447125 0.00000000000000000
53.14796424355573379 0.00000000000000000
54.41529926146144902 0.00000000000000000
55.71285405027211368 0.00000000000000000
57.04134920441660483 0.00000000000000000
58.40152250099322373 0.00000000000000000
59.79412930949265359 0.00000000000000000
61.21994301129083027 0.00000000000000000
62.67975542914470566 0.00000000000000000
64.17437726692972433 0.00000000000000000
65.70463855986204749 0.00000000000000000
67.27138913545726950 0.00000000000000000
68.87549908548038502 0.00000000000000000
70.51785924914933901 0.00000000000000000
72.19938170786123521 0.00000000000000000
73.92100029171422193 0.00000000000000000
75.68367109810859006 0.00000000000000000
77.48837302271347482 0.00000000000000000
79.33610830309434903 0.00000000000000000
