0.0087241633346503283 0.0066463817298881688 0.0028187874932585656
0.0066450519619068223 0.0087257950315018304 0.0028190932438856165
-0.0038262092579994184 -0.0038249476650204523 -0.0071720020784223071
0.021117450361572074 0.021118340294503043 -8.5599723442195376e-08
0.008723894388836903 0.0066465146266497886 -0.002818994395035827
0.0066456822435994722 0.0087244251195007505 -0.0028184447771440755
-0.0027499942409990813 -0.0027486077769621202 -4.8446592135663234e-07
-0.003825731249915287 -0.003825462430412715 0.0071723052983836723
0.0087235703643893294 0.0028179608886235233 0.0066478790534444596
-0.0038259810321144899 -0.007173071921591806 -0.00382491384633809
0.0066464543928911116 0.0028193479425350338 0.0087240485162759073
0.012005210013005233 0.0032373938638457027 0.0032386194252056804
0.00083555071023002194 0.00042269174680730534 0.00042207334141479533
-0.0037079404747974712 0.0011183963125885946 0.001564729221671615
-0.0037074647155981889 0.0015646011772186244 0.0011185766198846597
0.00063886577940490755 0.00050208681837756765 -1.016883839178601e-06
0.00083468203966110014 0.00042225060495834415 -0.00042426397819202101
-0.0037072140472681992 0.0011168273744890508 -0.00156560713231584
-0.0043819193586311436 0.00041425870240233999 -1.2919832061065194e-06
0.012003625482252011 0.0032357361777116439 -0.0032375327276927181
0.0087217484657271804 0.0028168537292286725 -0.0066465353027890615
-0.0038262504173338721 -0.00717461521919939 0.0038256193627958625
-0.0037070817674505928 0.0015636390040457701 -0.0011179020612446895
0.0066467982898115964 0.0028187657897515953 -0.0087235450289161343
0.021117571726023007 -5.8964085522854506e-07 0.021117873962459989
0.0087227820375664743 -0.0028180497870550691 0.0066476878123695512
-0.0027509384909413835 -1.2543523131786794e-06 -0.0027485775647568371
0.0066465681055649407 -0.0028192767856764379 0.0087228759209694411
0.00063814449525361654 -1.1211544047627891e-06 0.00050314949865327627
0.00083489023736014762 -0.00042395940204553013 0.00042122703521318831
-0.0043824806723635409 -2.0462805516130292e-06 0.00041415767216884062
-0.0037076409064412071 -0.0015646301427332835 0.001118275670320165
-0.0016045369886551538 -1.2083104545997185e-06 -7.0756779414718655e-07
0.00083465303998922795 -0.00042382327602897055 -0.00042293461911761181
-0.0043825529275377459 -8.7923202662241517e-07 -0.0004165990597052578
-0.0043821924616517967 -0.0004162112162453518 -8.9536495171503256e-07
0.00063767417723059822 -5.1599411039916368e-07 -0.00050298178300737725
0.008722115118645693 -0.0028183952232548534 -0.006646630355614698
-0.0027511443543165245 -8.9334815497521208e-07 0.0027497398532052549
-0.0037079182834346852 -0.0015648223348787762 -0.0011184531860239351
0.021116378269776234 -3.377607022635447e-07 -0.021117702686500043
0.0066464447156709553 -0.0028198095268433922 -0.0087221621167020078
-0.0038267008214516469 0.0071731074696993434 -0.0038258707460264493
0.012004419235675875 -0.0032380291772402306 0.0032376684362419444
0.0087238010124991022 -0.0066473682521405592 0.0028175464274335545
-0.0037072760989767368 -0.0011189752793455974 0.0015626516884379685
-0.0038256339756415035 0.003823624502030905 -0.0071726474057804725
0.00063833435673561799 -0.00050343807242738542 -4.2952726668074179e-07
0.0087222148597613861 -0.0066465683443801826 -0.0028189119058655045
-0.0037073821063203756 -0.0011188786444672602 -0.0015641954158394839
-0.0027496634223550184 0.0027484675384383153 -1.0110302951701842e-06
0.012003232007834047 -0.0032376096681984417 -0.0032378642831509576
-0.0038266573952557247 0.0071727487303433791 0.0038260375945767212
-0.0038261734520990409 0.0038240711548906481 0.0071718928020984354
0.0066461912220931807 -0.0087232062824707003 0.0028181113155313197
0.021116254741236684 -0.021116679313045159 -9.4075284961731788e-09
0.0066453132616071126 -0.0087223516681671706 -0.0028193944090177513
-0.007175173788171417 -0.0038253141677467616 -0.0038257447487973538
0.0028158878153336946 0.0087227956980359019 0.0066458577423591497
0.0028171954809019682 0.0066463130737606955 0.0087237895798189351
0.0032352352514950422 0.012005247808824171 0.0032373131718573533
0.0011156628585445119 -0.0037062687796535474 0.0015650162096214199
0.00042031480526358571 0.00083456051599755093 0.00042282114807366909
0.0015612464195784942 -0.0037064813581363675 0.0011174404319058361
0.00050110610732612658 0.00063893252270425232 5.9244645533468982e-07
0.0011157478285568237 -0.0037071593793983797 -0.0015645182336975251
0.00041964755438004956 0.00083507958833905745 -0.00042245912771941905
0.00041163008412206756 -0.004381537759931867 6.8875313783658945e-08
0.0032354224073494722 0.012004119123562432 -0.0032376542731361677
-0.0071750348203379055 -0.0038265118802159647 0.0038259098251286977
0.0028156911585995861 0.0087228733365684596 -0.0066456258676146898
0.001561938337745707 -0.0037073572788921014 -0.0011180111158680603
0.0028181349376349566 0.0066464214925272443 -0.0087213603572405454
0.0032360250500565652 0.003238135514191639 0.012004663817235854
0.0011149463472798125 0.0015636161159670045 -0.0037052240488054671
0.0015597867156725577 0.0011166134359502518 -0.0037060943892979099
0.00041925408646489349 0.00042225754058392462 0.000835082090294042
0.0035826149589035616 0.0035856826260830272 0.0035858115266796074
-0.0020278022586458192 -0.00046370814781579103 -0.00046366714058530779
-0.00046711137664456486 -0.0020248598747656483 -0.00046268656302261759
-0.00046808399105536467 -0.00046347014846153707 -0.0020246066469408958
-0.0019893375268421592 -0.0019865826532781657 -8.1850904697733602e-07
-0.0020270875073190018 -0.00046437614962046431 0.00046172294351704978
-0.00046624719242652126 -0.0020258916942455674 0.00046275486257411967
-0.0013118406333217417 -0.0013090379012623602 -5.9901032183483235e-07
0.0035832754138955705 0.0035839909119874665 -0.0035859897641201304
0.0011161985400827963 0.0015631066820134432 0.0037066877830626305
0.0015613172057316409 0.0011163507719065529 0.0037072634484686794
-0.00046604049441210336 -0.00046408723602979235 0.0020252022474672093
0.0032378194410213404 0.0032371953797252998 -0.012002915657124687
0.00042074977139663027 0.00042207268476893991 -0.00083316609154608689
0.00049949772536091869 -4.0013255205081295e-08 0.00063860431970669393
0.0011156914672516881 -0.0015640769082416023 -0.0037064160011597929
0.00041153370149278845 -1.7974322192003525e-07 -0.0043804916580781096
0.00042013232510528951 -0.00042212929859627242 0.00083392754846442745
-0.0019893885461630821 -1.6179773102380375e-06 -0.0019864530636169607
-0.0020272431169851635 0.00046313922184531246 -0.00046385574773887385
-0.0013127035174348061 -1.1589857328342419e-06 -0.0013095096293833444
-0.00046694111338475039 0.00046342480049399595 -0.0020251633693052625
-0.0022139132098901891 -1.5499824887188908e-06 -1.0407401934408678e-06
-0.0020268458762487205 0.00046311351626651545 0.00046254095784205025
-0.0013108613129509913 -9.7565250233292789e-07 0.0013085670297169308
-0.0013115517090628171 0.0013085485313214318 -6.443894465417039e-07
-0.0019887909674768879 -1.1110211863693557e-06 0.0019868601295644625
0.0011160326394903781 -0.0015644508459787018 0.0037064613448970145
0.00041358386715130511 -1.0655927208944448e-06 0.0043819644292640118
-0.00046534619858594733 0.00046365695690926174 0.0020250597275369231
0.00050103604147735438 -1.0591617370132035e-06 -0.00063721694518945873
0.00042098044032846602 -0.00042295720661488922 -0.0008328860478148477
0.0032367061377621643 -0.0032382773440605898 0.012003572781467613
-0.0071747322132791752 0.0038255765478012269 -0.003826480815665011
0.0015610647574040813 -0.001117198108804454 -0.0037068445532989045
0.002817778122265933 -0.0066463684576441766 0.0087223824860608087
0.0035831591316580957 -0.0035855733758814855 0.0035862585428021393
0.0011166426479938094 0.0037058275111575192 0.0015629296579531588
-0.00046624753556844743 0.0020250204671288475 -0.00046402589415161068
0.001562048831816903 0.0037064921313502211 0.001117583250065823
-0.0019880887765644228 0.0019855965092069263 -1.156168561266059e-06
0.0011171729653557199 0.0037060228122882178 -0.0015644311005901879
-0.00046527441439862436 0.0020248098230501227 0.00046303140078542181
0.00041283204192197205 0.0043807388920483756 -4.9669666082417259e-07
0.0035839616703169279 -0.003585849015472627 -0.0035864666817038973
-0.0071744320314157846 0.0038252337550116929 0.0038267177165177751
0.0015629402017652079 -0.0011177218107395193 0.0037068037069550304
0.0015632327386957494 0.0037065220840406289 -0.0011184603717434519
0.0032374918500641973 -0.0032387975215326026 -0.012002440160699982
0.0028193873055083183 -0.0066464456227874726 -0.0087213443417332049
0.0028165416244029886 -0.0087216282106234635 0.006645981958761045
0.0032365483087738569 -0.012004017484057966 0.0032371755968917089
0.00042089095442681551 -0.00083416500706199811 0.00042110297640733999
0.00050157589147282675 -0.00063768451077395993 -3.8399659412137879e-07
0.00042122442938362402 -0.00083322473676504397 -0.00042229542613251517
0.0032368147811076796 -0.012002710203775592 -0.0032381239128265469
0.0028180927306450665 -0.0087209567547608235 -0.0066456833574820495
-1.1424166703131296e-06 0.021115844683321436 0.021115893902116434
-3.4547560717486547e-06 -0.0027516911685315504 -0.002750842274619361
-0.0028195577855985631 0.0087202100524922839 0.0066450456974464457
-0.0028214670943448568 0.006644735077766627 0.0087198967878732818
-2.6229745194770245e-06 0.00063684720935603149 0.0005024683289733458
-4.1228860806645493e-06 -0.0043823214054265472 0.00041541578216353027
-0.00042458079275839791 0.00083207642490074583 0.0004224304542745661
-0.0015671848827161162 -0.0037088075364003414 0.0011177491742949664
-2.5051154699025323e-06 -0.001605391747377883 3.9386819776192683e-07
-2.7551688773940084e-06 -0.0043819290605005383 -0.00041425335478278849
-0.00042371296248891509 0.00083306250338901827 -0.00042112061556078039
-0.00041799060438284295 -0.0043828142152848625 1.5156152679559156e-06
-1.3190250969582206e-06 0.0006375463067554198 -0.00050214481761394307
-1.4844232546178407e-06 -0.0027512105281299317 0.0027514989568828774
-0.0028178122755914293 0.0087217164612684757 -0.0066444312154079824
-0.0015659447693206617 -0.0037082263842221066 -0.0011167651845974732
-4.1378953615498089e-07 0.021117203478091207 -0.021116010480793656
-0.0028194721652411081 0.0066461512038874212 -0.0087203525872822981
-2.0800403839113855e-06 0.00050016869442664341 0.00063700238260556204
-4.3842151259515661e-06 0.00041543977117301101 -0.0043814571040260725
-0.0015667051162524853 0.0011158794942022141 -0.0037084071495006275
-0.00042377364660303989 0.00042254530357433307 0.0008311328740793118
-5.0275420747245644e-06 -0.0019877948612376469 -0.0019866850654611267
-4.6834164872658101e-06 -0.0013086069654458742 -0.001308599735642567
0.00046008315208552583 -0.0020255666348355894 -0.00046248293483135096
0.00045985172455918506 -0.0004636997251211814 -0.0020243471850403837
-4.0108574172619204e-06 -0.0022120699153391809 3.3586784295537128e-07
-2.8798141049281311e-06 -0.0013089298325033617 0.0013091170847407769
0.00046050413116963996 -0.0020258711652120101 0.000464020407008761
0.0013056187474547855 -0.0013083160493055932 1.0769363205438932e-06
-2.3940957460893634e-06 -0.0019878842378478348 0.0019871536700784521
-1.4024747548549521e-06 0.00041519494133616865 0.0043823522211638996
-0.001564645596439102 0.0011162807323453847 0.0037089798969774748
0.00046112871386142385 -0.00046394186987652329 0.0020262513616090419
-1.3616668696905271e-06 0.00050007121512547943 -0.00063620659425358715
-0.00042307183942861073 0.0004210689509325208 -0.00083311102834183375
-2.4638448702345675e-06 8.1997007409862995e-07 -0.0016069455687765981
-3.6351328169536043e-06 -0.00041488408663072844 -0.0043816652700205353
-0.00041888538967483518 4.9094934504351345e-07 -0.0043829014902596174
-0.0004242598761153675 -0.00042125778977296249 0.00083104462553216336
-4.425909084960497e-06 -9.857393763059299e-08 -0.0022112626333808966
-4.2223252276609749e-06 0.0013087729360993648 -0.0013094739194980339
0.0013055538668094628 -3.7968690886934325e-07 -0.0013082924557058851
0.00046012229679774121 0.00046441953342198582 -0.0020254591562934143
-3.5353632679560744e-06 -1.1870422662978706e-06 3.7934231879313878e-07
-2.3681683515920668e-06 0.0013087656756964577 0.0013096418001964829
0.0013060955234080768 -6.0935478874280898e-07 0.0013094387938439275
0.0013065685022864589 0.0013085846221330463 1.104038298960847e-06
-1.8928109888177021e-06 -4.3579296374378261e-07 0.0022119965579465899
-6.0153517831458709e-07 -0.00041525423735569797 0.0043818779218200519
-0.00041699567198356219 -6.6330682347622426e-08 0.0043828342540008745
0.00046150185229648801 0.00046444903258255452 0.0020266888921327414
-1.3033138360236852e-06 -4.9628317579437023e-07 0.0016063960964632872
-0.00042292891844642638 -0.00042170519838004772 -0.00083248329801705349
-2.0854708366766047e-06 -0.00050084450250979448 0.00063613092879398047
-2.2696466722577879e-06 0.002751637996051999 -0.0027505353111976563
-0.0015658822633228811 -0.0011158979037776753 -0.0037081449321312433
-0.0028201085368796284 -0.0066456300777613699 0.0087210035557465371
-3.642883035778078e-06 0.0019877550041292871 -0.0019871475561379372
-2.806025923740469e-06 0.0043814040513852417 0.00041401412989487598
0.00046093403717200612 0.002026221569408679 -0.00046340602565863513
-0.0015658325137201325 0.0037088103527594335 0.0011168853315121343
-3.1204240895271228e-06 0.0022122243616713158 2.9585842043248638e-07
-1.5297647176179075e-06 0.0043811408460181995 -0.00041447145363944764
0.00046159122407966722 0.0020257899841579561 0.00046452143561608614
-0.00041601547735818601 0.0043823372497564534 3.6366279326291223e-07
-8.2323076665544396e-07 0.0019872553422373342 0.0019873755409469747
4.4397700271322685e-07 0.002750957314957273 0.0027512588823620969
-0.0015645483394221282 -0.0011166297131998673 0.0037078175018868897
-0.0015653159364426563 0.0037075226809513973 -0.0011161818351515815
5.1065630015592854e-10 -0.00050073966370615779 -0.00063680535121173575
-0.0028194757270596236 -0.0066457547857563977 -0.0087211920642979047
-1.1128442326483778e-06 -0.021115576931840858 0.021116464969484695
-0.0028181175622597632 -0.0087200389693812448 0.0066456505466090266
-1.8650522835907453e-06 -0.00063586903675115491 0.00050112612232948092
-0.00042295888398643437 -0.00083235910918519384 0.00042202658111907901
-1.3313405169388224e-06 0.0016059745198846698 1.0196650664028849e-07
-0.00042255068956697898 -0.00083204290690610909 -0.00042150477653592785
-1.9206779316925803e-07 -0.00063637694757376264 -0.00050137919513339874
-0.0028174045404037425 -0.0087204778048493251 -0.0066449936956505147
1.0659715102818983e-06 -0.021115872848531812 -0.021116050716236831
0.0071728442107034558 -0.0038282464847158313 -0.0038281207667085751
-0.0032377422551365682 0.012000312959475654 0.0032368890921240824
-0.0011195713655988699 -0.0037091134538009937 0.0015641793557106098
-0.0066453801096358449 0.0087199642805085402 0.0028184164912450557
0.0038264828514140937 -0.0038277809658902665 -0.0071734017493202407
-0.00050405660000015819 0.00063540841157680786 7.2381390655842754e-07
-0.001119631372786666 -0.0037088489994198158 -0.0015620233225741348
-0.0066464702081485277 0.0087210601269162163 -0.0028167679858906065
0.0027499291064409632 -0.0027515266824551243 1.1184060498480583e-06
-0.0032378695873958884 0.012002485612198827 -0.0032358618754407009
0.007173434000064649 -0.0038275061854923242 0.0038292166119837222
0.0038252620606639759 -0.0038269024971331307 0.0071751367391851908
-0.0032383214170249304 0.0032373256575698294 0.011999414718917764
-0.0011183718505804428 0.0015632991804372365 -0.003709714877040166
0.0038277009117017036 -0.0071752999139356732 -0.0038289303253429127
-0.0066456456135567787 0.0028195381025577916 0.0087182499236896707
-0.0035866684948478609 0.0035839686643092238 0.0035861483864042471
0.0020227136374911855 -0.00046362680553279907 -0.00046187795569963799
0.003707000304936064 0.0011166895277236809 0.0015642076256329037
0.0037075496549975146 0.0015634350002195361 0.0011172102815309825
0.0019845672560123854 -0.0019868291595821182 1.6665535284186645e-06
0.0020240867143927659 -0.0004633782986503852 0.00046376460414066043
0.0037065738998115325 0.0011173655183709412 -0.0015622170507237944
0.0043805778934338643 0.00041548869277245181 2.441203981154805e-06
-0.003586044207424189 0.0035840471417405572 -0.0035840431377476044
-0.0011174935564547553 0.0015630308775572764 0.0037094524597057555
0.0038265912215881895 -0.007174768677137254 0.0038293735373114545
0.0037077856617855703 0.0015645370293489893 -0.0011154911475790897
-0.0032381379982513803 0.0032359701082151924 -0.012000791665894107
-0.0066460790272694983 0.0028186024914584936 -0.0087212616647968262
-0.00050180737142679205 -1.5657004214457897e-07 0.00063383771013379806
-0.0011184220489620007 -0.0015621040272002019 -0.0037088046756761448
0.0027519928442329413 5.2469110658331756e-07 -0.0027534678229053601
-0.0066457974562927503 -0.0028188231712811852 0.0087191612820092836
0.0019848776884794097 6.9969687120074419e-07 -0.0019866241326800716
0.0020237703910702927 0.00046431967750029554 -0.00046202255682987158
0.0043813660131249935 7.6475456301111032e-07 0.0004169278277432369
0.0037079363147048128 -0.0015624586716597112 0.0011168635878324507
0.0022101739784750008 -1.5492299104309768e-07 1.4713947279074669e-06
0.0020244644932630594 0.00046428189362080841 0.00046387023410216248
0.0043817518897010729 4.564404882679288e-07 -0.00041382634657245515
0.0043820999074017705 -0.00041383463228315646 1.9394600430872633e-06
0.0019865370348566406 -1.4531790545446428e-07 0.0019884933138450936
-0.0011178645554435446 -0.0015629720442200076 0.0037083982382305003
0.0027517719484087388 -7.3608459442195428e-07 0.0027519945999911226
0.003707903295549997 -0.0015634768958619569 -0.0011159425459102406
-0.00050154156209676441 -2.2499394829316134e-07 -0.00063644249038721052
-0.0066461812893922317 -0.0028189063188601149 -0.0087211723629640817
-0.003238627453752869 -0.0032359358032857813 0.012000194655360293
0.0071741586081325651 0.0038289501581188438 -0.0038280404626558386
0.003827433603976152 0.0071771273341894766 -0.0038284385473546824
-0.0035861007885129347 -0.0035826361115834831 0.0035852026644025456
-0.001117781929951326 0.0037093439905197473 0.0015643847733897126
0.003707924947567534 -0.001115178032932226 0.0015653313460139958
0.0038266193426440389 0.0038283029279503507 -0.0071740411582257892
0.0019864891808380608 0.0019878407837088854 1.0128134066626203e-06
-0.0011176843801812544 0.003708313734955412 -0.0015636337659627121
0.0037079987175226616 -0.0011164779613741208 -0.0015634904686362638
0.0027508620623119722 0.0027514229631092138 3.9941434978929505e-07
-0.0035853911967552781 -0.0035842032717897402 -0.0035841982285183113
0.0071739881931957988 0.0038273016280504285 0.0038281433229035329
0.0038270228234346419 0.007175177239071337 0.0038276389379843902
0.0038263568176517514 0.0038263597772102177 0.0071745147878596038
-0.0032384639379407399 -0.003237114215654605 -0.012001544592997314
-0.0032367252167304242 -0.01200098181123369 0.003236112965799974
-0.0066446978066514954 -0.0087207384268686763 0.0028186469140027617
-0.00050159503271871714 -0.00063519366262145948 3.3343592041314447e-07
-0.0066457379669067947 -0.0087203788792953423 -0.0028185158503283604
-0.003237008024391337 -0.012000977482290943 -0.0032359263219484727
-0.0087195736493596143 0.0066443663418859098 0.0028183624330309649
-0.021114046663580424 0.02111344702089047 -1.6230754167616189e-07
-0.0087207636103339026 0.0066446609011495197 -0.0028171335699765879
-0.0087192968927889154 0.00281744575374503 0.006643852245834525
-0.011999250636739567 0.0032349852207613199 0.0032364643863234161
-0.00083000785226576687 0.0004222959498338349 0.00042277597851338514
-0.0006341366672116557 0.00050122062796645675 8.204274683070573e-07
-0.00083176187890260465 0.00042305294143302023 -0.00042076705098507722
-0.012001738695757351 0.0032362728294763649 -0.0032349499454474998
-0.0087215531269882445 0.0028174277447604924 -0.0066440663306283291
-0.021115190520944429 6.7619122114713789e-08 0.021114523611247316
-0.0087193087146166109 -0.0028163847997682576 0.0066446928930072209
-0.00063317152588489821 8.4177642092556195e-07 0.00050096252258854425
-0.00083078265892407802 -0.00042098453258204997 0.0004236871799260277
0.0016080081373578232 1.273240694067788e-06 1.5439212092629132e-06
-0.00083257033422944634 -0.00042159538475528696 -0.0004221508461986585
-0.0006363639398323062 -1.692419728203074e-07 -0.00050010449156698972
-0.0087215199482937305 -0.0028169745729343452 -0.0066447881910904547
-0.021116377413699473 -6.668467798930085e-07 -0.02111586443817285
-0.012000882662353893 -0.0032342757479378197 0.0032363973293830497
-0.0087207441491075344 -0.0066437949538642842 0.0028190740000398696
-0.00063578885885400265 -0.0005006064023178481 7.2231553773425939e-07
-0.0087216759668987606 -0.0066447312467416636 -0.0028184383903196303
-0.012002787044426824 -0.0032356730077529564 -0.0032356359939144535
-0.021115481233168663 -0.021114879340591003 -4.501208393057145e-07
