&control
    calculation='scf'
    prefix='WS2Te'
    pseudo_dir = './',
    outdir='./temp'
    tprnfor=.true.
    tefield = .true.
    dipfield = .true.
 /
&system
    ibrav=  0,
    occupations='smearing',
    smearing='fd',
    degauss=0.003166831869729,
    nat=200, ntyp= 3,
    ecutwfc = 50,ecutrho=400
    nosym = .true.
    edir = 3
    eamp = 0.00
    emaxpos = 0.9
    eopreg = 0.2
 /
 &electrons
  conv_thr    = 1.D-9,
  mixing_beta = 0.1D0,
  startingwfc='atomic'
 /
 &IONS
 /
ATOMIC_SPECIES
W 183.84 W.GGA_PBE-JTH.UPF
S 32.00 S.GGA_PBE-JTH.UPF
Te 127.6 Te.GGA_PBE-JTH.UPF
ATOMIC_POSITIONS crystal
W	0.083333366	0.041666649	0.419135213
W	0.083333366	0.541666627	0.419135213
W	0.583333373	0.041666649	0.419135213
W	0.583333373	0.541666627	0.419135213
W	0.083333366	0.166666657	0.419135213
W	0.083333366	0.666666627	0.419135213
W	0.583333373	0.166666657	0.419135213
W	0.583333373	0.666666627	0.419135213
W	0.083333351	0.291666657	0.419135213
W	0.083333343	0.791666627	0.419135213
W	0.583333373	0.291666657	0.419135213
W	0.583333373	0.791666627	0.419135213
W	0.083333381	0.416666657	0.419135213
W	0.083333373	0.916666567	0.419135213
W	0.583333373	0.416666657	0.419135213
W	0.583333373	0.916666567	0.419135213
W	0.208333373	0.041666649	0.419135213
W	0.208333373	0.541666627	0.419135213
W	0.708333313	0.041666649	0.419135213
W	0.708333373	0.541666627	0.419135213
W	0.208333373	0.166666657	0.419135213
W	0.208333358	0.666666627	0.419135213
W	0.708333373	0.166666657	0.419135213
W	0.708333373	0.666666627	0.419135213
W	0.208333373	0.291666657	0.419135213
W	0.208333373	0.791666627	0.419135213
W	0.708333373	0.291666657	0.419135213
W	0.708333373	0.791666627	0.419135213
W	0.208333373	0.416666657	0.419135213
W	0.208333343	0.916666567	0.419135213
W	0.708333373	0.416666657	0.419135213
W	0.708333373	0.916666567	0.419135213
W	0.333333373	0.041666649	0.419135213
W	0.333333373	0.541666627	0.419135213
W	0.833333373	0.041666649	0.419135213
W	0.833333373	0.541666627	0.419135213
W	0.333333373	0.166666657	0.419135213
W	0.333333373	0.666666627	0.419135213
W	0.833333373	0.166666657	0.419135213
W	0.833333373	0.666666627	0.419135213
W	0.333333373	0.291666657	0.419135213
W	0.333333373	0.791666627	0.419135213
W	0.833333373	0.291666657	0.419135213
W	0.833333373	0.791666627	0.419135213
W	0.333333373	0.416666657	0.419135213
W	0.333333343	0.916666567	0.419135213
W	0.833333373	0.416666657	0.419135213
W	0.833333373	0.916666567	0.419135213
W	0.458333403	0.041666649	0.419135213
W	0.458333403	0.541666627	0.419135213
W	0.958333373	0.041666649	0.419135213
W	0.958333373	0.541666627	0.419135213
W	0.458333343	0.166666657	0.419135213
W	0.458333343	0.666666627	0.419135213
W	0.958333313	0.166666657	0.419135213
W	0.958333373	0.666666627	0.419135213
W	0.458333373	0.291666657	0.419135213
W	0.458333373	0.791666627	0.419135213
W	0.958333373	0.291666657	0.419135213
W	0.958333373	0.791666627	0.419135213
W	0.458333373	0.416666657	0.419135213
W	0.458333343	0.916666567	0.419135213
W	0.958333373	0.416666657	0.419135213
W	0.958333373	0.916666567	0.419135213
S	0.041666631	0.083333261	0.322311848
S	0.041666627	0.583333254	0.322311848
S	0.541666627	0.083333261	0.322311848
S	0.541666627	0.583333254	0.322311848
S	0.041666627	0.208333239	0.322311848
S	0.041666623	0.708333254	0.322311848
S	0.541666627	0.208333239	0.322311848
S	0.541666627	0.708333254	0.322311848
S	0.041666593	0.333333254	0.322311848
S	0.041666597	0.833333194	0.322311848
S	0.541666627	0.333333254	0.322311848
S	0.541666627	0.833333194	0.322311848
S	0.041666627	0.458333254	0.322311848
S	0.041666638	0.958333254	0.322311848
S	0.541666627	0.458333254	0.322311848
S	0.541666627	0.958333254	0.322311848
S	0.166666627	0.083333261	0.322311848
S	0.166666627	0.583333254	0.322311848
S	0.666666627	0.083333261	0.322311848
S	0.666666627	0.583333254	0.322311848
S	0.166666627	0.208333239	0.322311848
S	0.166666627	0.708333254	0.322311848
S	0.666666627	0.208333239	0.322311848
S	0.666666627	0.708333254	0.322311848
S	0.166666627	0.333333254	0.322311848
S	0.166666612	0.833333194	0.322311848
S	0.666666627	0.333333254	0.322311848
S	0.666666627	0.833333194	0.322311848
S	0.166666627	0.458333254	0.322311848
S	0.166666627	0.958333254	0.322311848
S	0.666666627	0.458333254	0.322311848
S	0.666666627	0.958333254	0.322311848
S	0.291666627	0.083333261	0.322311848
S	0.291666627	0.583333254	0.322311848
S	0.791666567	0.083333261	0.322311848
S	0.791666627	0.583333254	0.322311848
S	0.291666627	0.208333239	0.322311848
S	0.291666627	0.708333254	0.322311848
S	0.791666567	0.208333239	0.322311848
S	0.791666627	0.708333254	0.322311848
S	0.291666627	0.333333254	0.322311848
S	0.291666597	0.833333194	0.322311848
S	0.791666627	0.333333254	0.322311848
S	0.791666627	0.833333194	0.322311848
S	0.291666627	0.458333254	0.322311848
S	0.291666627	0.958333254	0.322311848
S	0.791666627	0.458333254	0.322311848
S	0.791666627	0.958333254	0.322311848
S	0.416666597	0.083333261	0.322311848
S	0.416666597	0.583333254	0.322311848
S	0.916666627	0.083333261	0.322311848
S	0.916666627	0.583333254	0.322311848
S	0.416666627	0.208333239	0.322311848
S	0.416666627	0.708333254	0.322311848
S	0.916666627	0.208333239	0.322311848
S	0.916666627	0.708333254	0.322311848
S	0.416666627	0.333333254	0.322311848
S	0.416666597	0.833333194	0.322311848
S	0.916666627	0.333333254	0.322311848
S	0.916666627	0.833333194	0.322311848
S	0.416666627	0.458333254	0.322311848
S	0.416666627	0.958333254	0.322311848
S	0.916666627	0.458333254	0.322311848
S	0.916666627	0.958333254	0.322311848
S	0.041666631	0.083333261	0.515958607
S	0.041666627	0.583333254	0.515958607
S	0.541666627	0.083333261	0.515958607
S	0.541666627	0.583333254	0.515958607
S	0.041666627	0.208333239	0.515958607
S	0.041666623	0.708333254	0.515958607
S	0.541666627	0.208333239	0.515958607
S	0.541666627	0.708333254	0.515958607
S	0.041666593	0.333333254	0.515958607
S	0.041666597	0.833333194	0.515958607
S	0.541666627	0.333333254	0.515958607
S	0.541666627	0.833333194	0.515958607
S	0.041666627	0.458333254	0.515958607
S	0.041666638	0.958333254	0.515958607
S	0.541666627	0.458333254	0.515958607
S	0.541666627	0.958333254	0.515958607
S	0.166666627	0.083333261	0.515958607
S	0.166666627	0.583333254	0.515958607
S	0.666666627	0.083333261	0.515958607
S	0.666666627	0.583333254	0.515958607
S	0.166666627	0.208333239	0.515958607
S	0.166666627	0.708333254	0.515958607
S	0.666666627	0.208333239	0.515958607
S	0.666666627	0.708333254	0.515958607
S	0.166666627	0.333333254	0.515958607
S	0.166666612	0.833333194	0.515958607
S	0.666666627	0.333333254	0.515958607
S	0.666666627	0.833333194	0.515958607
S	0.166666627	0.458333254	0.515958607
S	0.166666627	0.958333254	0.515958607
S	0.666666627	0.458333254	0.515958607
S	0.666666627	0.958333254	0.515958607
S	0.291666627	0.083333261	0.515958607
S	0.291666627	0.583333254	0.515958607
S	0.791666567	0.083333261	0.515958607
S	0.791666627	0.583333254	0.515958607
S	0.291666627	0.208333239	0.515958607
S	0.291666627	0.708333254	0.515958607
S	0.791666567	0.208333239	0.515958607
S	0.791666627	0.708333254	0.515958607
S	0.291666627	0.333333254	0.515958607
S	0.291666597	0.833333194	0.515958607
S	0.791666627	0.333333254	0.515958607
S	0.791666627	0.833333194	0.515958607
S	0.291666627	0.458333254	0.515958607
S	0.291666627	0.958333254	0.515958607
S	0.791666627	0.458333254	0.515958607
S	0.791666627	0.958333254	0.515958607
S	0.416666597	0.083333261	0.515958607
S	0.416666597	0.583333254	0.515958607
S	0.916666627	0.083333261	0.515958607
S	0.916666627	0.583333254	0.515958607
S	0.416666627	0.208333239	0.515958607
S	0.416666627	0.708333254	0.515958607
S	0.916666627	0.208333239	0.515958607
S	0.916666627	0.708333254	0.515958607
S	0.416666627	0.333333254	0.515958607
S	0.416666597	0.833333194	0.515958607
S	0.916666627	0.333333254	0.515958607
S	0.916666627	0.833333194	0.515958607
S	0.416666627	0.458333254	0.515958607
S	0.416666627	0.958333254	0.515958607
S	0.916666627	0.458333254	0.515958607
S	0.916666627	0.958333254	0.515958607
Te	0.673899889	0.479166627	0.677688122
Te	0.874185741	0.479166627	0.677688122
Te	0.373471111	0.479166627	0.677688122
Te	0.473614037	0.479166627	0.677688122
Te	0.573756933	0.479166627	0.677688122
Te	0.774042845	0.479166627	0.677688122
Te	0.974328697	0.479166627	0.677688122
Te	0.273328185	0.479166627	0.677688122
CELL_PARAMETERS {bohr}
47.17572623	0	0
-23.58787386	40.8554211	0
0	0	31.02585013

K_POINTS gamma